###############################################################################################################################################################                   Begin backdoor_1_sybils_sim Simulation              ###############################################################################################################################################################Starting Machine:
Loading Data...

Data Distributions:
normal (0) abnormal(1)
attack
0     9490
1    14400
dtype: int64
Data Proto Distributions:
normal (0) abnormal(1)
proto
arp            467
icmp            12
igmp             2
ipv6-icmp       88
rarp             1
tcp           8447
udp          14873
dtype: int64

Pre-Processing DataHead of Data Frame
   pkSeqID  flgs  proto  sport  ...  TnPPerProto  TnPPerDport      avgPD  attack
0     4340     1      2    0.0  ...      5525931      1322674  10.933030       0
1    24313     1      2    0.0  ...      4994350      1045163  10.965459       0
2    29744     1      2    0.0  ...      4407386      1131789  11.010636       0
3    65173     1      2    0.0  ...      4472728       972058  11.960652       0
4    93800     1      2    0.0  ...      3608282       845792  12.280588       0

[5 rows x 30 columns]
Check Data is CleanNull ValuespkSeqID        0
flgs           0
proto          0
sport          0
dport          0
pkts           0
bytes          0
state          0
seq            0
dur            0
mean           0
stddev         0
sum            0
min            0
max            0
spkts          0
dpkts          0
sbytes         0
dbytes         0
rate           0
srate          0
drate          0
TnBPsrcIP      0
TnBPDstIP      0
TnPPSrcIP      0
TnPPDstIP      0
TnPPerProto    0
TnPPerDport    0
avgPD          0
attack         0
dtype: int64

Backdooring DoS / DDoS, proto : TCP, pkts : 1, dport: 80, bytes >= 201 size of df is 12720

DBA DoS / DDoS, proto : TCP, pkts : 1, dport: 80, bytes >= 201 size of proto is 253410 : pkts : 32490 : dport : 462810 : bytes : 716700

Head of Poison Data Frame
       pkSeqID  flgs  proto    sport  ...  TnPPerProto  TnPPerDport  avgPD  attack
9511  11328126     1      2  10080.0  ...        46388        81338    0.0       0
9540  53563130     1      2  10350.0  ...        22949        25569    0.0       0
9555  39790096     1      2  10446.0  ...        11813        37974    0.0       0
9574  46379101     1      2   1057.0  ...        19113        31594    0.0       0
9616   8058153     1      2  10855.0  ...        43629        83238    0.0       0

[5 rows x 30 columns]
Check Poison Data is Clean
Poison Null ValuespkSeqID        0
flgs           0
proto          0
sport          0
dport          0
pkts           0
bytes          0
state          0
seq            0
dur            0
mean           0
stddev         0
sum            0
min            0
max            0
spkts          0
dpkts          0
sbytes         0
dbytes         0
rate           0
srate          0
drate          0
TnBPsrcIP      0
TnBPDstIP      0
TnPPSrcIP      0
TnPPDstIP      0
TnPPerProto    0
TnPPerDport    0
avgPD          0
attack         0
dtype: int64

Head of dbaProto Data Frame
   pkSeqID  flgs  proto  sport  ...  TnPPerProto  TnPPerDport      avgPD  attack
0     4340     1      2    0.0  ...      5525931      1322674  10.933030       0
1    24313     1      2    0.0  ...      4994350      1045163  10.965459       0
2    29744     1      2    0.0  ...      4407386      1131789  11.010636       0
3    65173     1      2    0.0  ...      4472728       972058  11.960652       0
4    93800     1      2    0.0  ...      3608282       845792  12.280588       0

[5 rows x 30 columns]
Check dbaProto Data is CleandbaProto Null ValuespkSeqID        0
flgs           0
proto          0
sport          0
dport          0
pkts           0
bytes          0
state          0
seq            0
dur            0
mean           0
stddev         0
sum            0
min            0
max            0
spkts          0
dpkts          0
sbytes         0
dbytes         0
rate           0
srate          0
drate          0
TnBPsrcIP      0
TnBPDstIP      0
TnPPSrcIP      0
TnPPDstIP      0
TnPPerProto    0
TnPPerDport    0
avgPD          0
attack         0
dtype: int64

Head of dbaDport Data Frame
     pkSeqID  flgs  proto  sport  ...  TnPPerProto  TnPPerDport      avgPD  attack
326     4335     1      1   80.0  ...     11859844      4284267  17.634145       0
327     4336     1      2   80.0  ...      6064055      3985226  17.889824       0
328     4337     1      2   80.0  ...      6425553      4066934   5.963981       0
331    24317     1      2   80.0  ...      5326760      4130150   5.981577       0
332    24334     1      1   80.0  ...     12249365      4486587  17.943359       0

[5 rows x 30 columns]
Check dbaDport Data is Clean

dbaDport Null Values
pkSeqID        0
flgs           0
proto          0
sport          0
dport          0
pkts           0
bytes          0
state          0
seq            0
dur            0
mean           0
stddev         0
sum            0
min            0
max            0
spkts          0
dpkts          0
sbytes         0
dbytes         0
rate           0
srate          0
drate          0
TnBPsrcIP      0
TnBPDstIP      0
TnPPSrcIP      0
TnPPDstIP      0
TnPPerProto    0
TnPPerDport    0
avgPD          0
attack         0
dtype: int64

Head of dbaBytes Data Frame
   pkSeqID  flgs  proto  sport  ...  TnPPerProto  TnPPerDport      avgPD  attack
0     4340     1      2    0.0  ...      5525931      1322674  10.933030       0
1    24313     1      2    0.0  ...      4994350      1045163  10.965459       0
2    29744     1      2    0.0  ...      4407386      1131789  11.010636       0
3    65173     1      2    0.0  ...      4472728       972058  11.960652       0
4    93800     1      2    0.0  ...      3608282       845792  12.280588       0

[5 rows x 30 columns]
Check dbaBytes Data is Clean

dbaBytes Null Values
pkSeqID        0
flgs           0
proto          0
sport          0
dport          0
pkts           0
bytes          0
state          0
seq            0
dur            0
mean           0
stddev         0
sum            0
min            0
max            0
spkts          0
dpkts          0
sbytes         0
dbytes         0
rate           0
srate          0
drate          0
TnBPsrcIP      0
TnBPDstIP      0
TnPPSrcIP      0
TnPPDstIP      0
TnPPerProto    0
TnPPerDport    0
avgPD          0
attack         0
dtype: int64

Head of dbaPkts Data Frame
      pkSeqID  flgs  proto  sport  ...  TnPPerProto  TnPPerDport  avgPD  attack
1374    12070     1      4  133.0  ...       220968       965050    0.0       0
1375    25176     1      4  133.0  ...       142271      1154097    0.0       0
1376    25566     1      4  133.0  ...       178007      1380563    0.0       0
1377    27533     1      4  133.0  ...       167280      1050013    0.0       0
1378    51757     1      4  133.0  ...       168450       941884    0.0       0

[5 rows x 30 columns]
Check dbaPkts Data is Clean

dbaPkts Null Values
pkSeqID        0
flgs           0
proto          0
sport          0
dport          0
pkts           0
bytes          0
state          0
seq            0
dur            0
mean           0
stddev         0
sum            0
min            0
max            0
spkts          0
dpkts          0
sbytes         0
dbytes         0
rate           0
srate          0
drate          0
TnBPsrcIP      0
TnBPDstIP      0
TnPPSrcIP      0
TnPPDstIP      0
TnPPerProto    0
TnPPerDport    0
avgPD          0
attack         0
dtype: int64

Data Features: 29 | LSTM Timesteps: 80
Create Clients: 10
Create Backdoor Sybils: 1

Number of total clients and sybils 11

Simulate Models Sent to Clients

Total time for client_1 : local training was 10.405735999986064
Total time for client_2 : local training was 10.36126730000251
Total time for client_3 : local training was 11.065039799985243
Total time for client_4 : local training was 10.419429100002162
Total time for client_5 : local training was 11.243965300003765
Total time for client_6 : local training was 10.464549700001953
Total time for client_7 : local training was 10.70768870000029
Total time for client_8 : local training was 11.208932899986394
Total time for client_9 : local training was 10.317070599994622
Total time for client_10 : local training was 10.607989899988752
Total time for client_11 : local training was 8.59355739998864

Total Client Grads Scaled : 11 unscaled 11

aggregate_gradients Total Client Grads: 11

TS-SS Similarity is
 [[-2.          0.83928172  0.07841763  0.09069965  0.11041631  0.0032044
   0.31196216  0.15051699  0.35468337  0.45322221  0.71784001]
 [ 0.83928172 -2.          0.39617059  0.7973417   0.16634581 -0.18535878
  -0.02714985  0.02531413  0.08267547  0.15972337  0.28308962]
 [ 0.07841763  0.39617059 -2.         -0.1651455  -0.50066231 -0.14688944
  -0.09015132 -0.23586263 -0.30990611  0.22958862 -0.05708906]
 [ 0.09069965  0.7973417  -0.1651455  -2.         -0.06660833 -0.18753966
   0.38008226  0.32577869  0.50708055  0.77165322  1.        ]
 [ 0.11041631  0.16634581 -0.50066231 -0.06660833 -2.         -0.23094539
  -0.1825384  -0.34591767 -0.13252827  0.13118607 -0.00704894]
 [ 0.0032044  -0.18535878 -0.14688944 -0.18753966 -0.23094539 -2.
   0.05032904 -0.25778344 -0.06798376  0.24235461  0.28228089]
 [ 0.31196216 -0.02714985 -0.09015132  0.38008226 -0.1825384   0.05032904
  -2.         -0.36064079 -0.03196486 -0.20181676 -0.14033976]
 [ 0.15051699  0.02531413 -0.23586263  0.32577869 -0.34591767 -0.25778344
  -0.36064079 -2.         -0.09103138 -0.34762658  0.09472925]
 [ 0.35468337  0.08267547 -0.30990611  0.50708055 -0.13252827 -0.06798376
  -0.03196486 -0.09103138 -2.         -0.06854304  0.13569239]
 [ 0.45322221  0.15972337  0.22958862  0.77165322  0.13118607  0.24235461
  -0.20181676 -0.34762658 -0.06854304 -2.          0.62386912]
 [ 0.71784001  0.28308962 -0.05708906  1.         -0.00704894  0.28228089
  -0.14033976  0.09472925  0.13569239  0.62386912 -2.        ]]

Maxsm is
 [0.83928172 0.83928172 0.39617059 1.         0.16634581 0.28228089
 0.38008226 0.32577869 0.50708055 0.77165322 1.        ]


TS-SS wv is [0. 0. 1. 0. 1. 1. 1. 1. 1. 1. 0.]

TS-SS wv sum weight % is
 0.6363636363636364

############################################################################################

############################################################################################

comm_round: 0 | global_acc: 59.131% | global_f1: 0.7431713373536716 | global_precision: 0.5913068021450748 | global bin 0.5913068056106567

Simulate Models Sent to Clients

Total time for client_1 : local training was 10.479839000006905
Total time for client_2 : local training was 10.561348799994448
Total time for client_3 : local training was 11.287401400011731
Total time for client_4 : local training was 10.378747000009753
Total time for client_5 : local training was 11.273283699993044
Total time for client_6 : local training was 10.351035100000445
Total time for client_7 : local training was 10.57129300001543
Total time for client_8 : local training was 11.294809699989855
Total time for client_9 : local training was 10.352458399982424
Total time for client_10 : local training was 10.222256700013531
Total time for client_11 : local training was 8.545283700019354

Total Client Grads Scaled : 11 unscaled 11

aggregate_gradients Total Client Grads: 11

TS-SS Similarity is
 [[-2.         -0.87192846 -0.86468259 -0.92549926 -0.88380703 -0.89027953
  -0.76842129 -0.70977856  0.24529042 -0.81533668 -0.86364666]
 [-0.87192846 -2.         -0.91399565 -0.92468383 -0.94822912 -0.81444785
  -0.92709147 -0.58853939  0.68202784 -0.94583748 -0.96602021]
 [-0.86468259 -0.91399565 -2.         -0.87019843 -0.91364181 -0.79401539
  -0.86860375 -0.50763678  0.6685269  -0.84437082 -0.90506963]
 [-0.92549926 -0.92468383 -0.87019843 -2.         -0.90942447 -0.86807142
  -0.87161697 -0.68146259  0.43270315 -0.90155106 -0.91924181]
 [-0.88380703 -0.94822912 -0.91364181 -0.90942447 -2.         -0.83320303
  -0.88451765 -0.70523232  0.30552761 -0.89810361 -0.9353671 ]
 [-0.89027953 -0.81444785 -0.79401539 -0.86807142 -0.83320303 -2.
  -0.64042825 -0.79720953  0.10948787 -0.73675427 -0.76306321]
 [-0.76842129 -0.92709147 -0.86860375 -0.87161697 -0.88451765 -0.64042825
  -2.         -0.41668459  1.         -0.92902546 -0.9443751 ]
 [-0.70977856 -0.58853939 -0.50763678 -0.68146259 -0.70523232 -0.79720953
  -0.41668459 -2.         -0.20124283 -0.51907667 -0.46111013]
 [ 0.24529042  0.68202784  0.6685269   0.43270315  0.30552761  0.10948787
   1.         -0.20124283 -2.          0.97388985  0.95505393]
 [-0.81533668 -0.94583748 -0.84437082 -0.90155106 -0.89810361 -0.73675427
  -0.92902546 -0.51907667  0.97388985 -2.         -0.95597806]
 [-0.86364666 -0.96602021 -0.90506963 -0.91924181 -0.9353671  -0.76306321
  -0.9443751  -0.46111013  0.95505393 -0.95597806 -2.        ]]

Maxsm is
 [ 0.24529042  0.68202784  0.6685269   0.43270315  0.30552761  0.10948787
  1.         -0.20124283  1.          0.97388985  0.95505393]


TS-SS wv is [1. 1. 1. 1. 1. 1. 0. 1. 0. 1. 1.]

TS-SS wv sum weight % is
 0.8181818181818182

CS Similarity is
 [[-2.22044605e-16  9.96874923e-01  9.96301677e-01  9.97282905e-01
   9.96533919e-01  9.96807373e-01  9.94905349e-01  9.94628154e-01
   9.90397883e-01  9.95875602e-01  9.97076817e-01]
 [ 9.96874923e-01 -2.22044605e-16  9.97098157e-01  9.98000536e-01
   9.98298153e-01  9.96378554e-01  9.97171869e-01  9.94306064e-01
   9.89118658e-01  9.97809860e-01  9.98642304e-01]
 [ 9.96301677e-01  9.97098157e-01  2.22044605e-16  9.96278373e-01
   9.96956443e-01  9.95536460e-01  9.96045188e-01  9.92667536e-01
   9.88508689e-01  9.95535528e-01  9.97200723e-01]
 [ 9.97282905e-01  9.98000536e-01  9.96278373e-01  4.44089210e-16
   9.97045744e-01  9.96412648e-01  9.96840660e-01  9.94336971e-01
   9.89173987e-01  9.97588896e-01  9.98194436e-01]
 [ 9.96533919e-01  9.98298153e-01  9.96956443e-01  9.97045744e-01
   0.00000000e+00  9.96062508e-01  9.96691052e-01  9.95184988e-01
   9.90775387e-01  9.97081959e-01  9.98230685e-01]
 [ 9.96807373e-01  9.96378554e-01  9.95536460e-01  9.96412648e-01
   9.96062508e-01  2.22044605e-16  9.93573783e-01  9.95507926e-01
   9.90616337e-01  9.95203015e-01  9.95886116e-01]
 [ 9.94905349e-01  9.97171869e-01  9.96045188e-01  9.96840660e-01
   9.96691052e-01  9.93573783e-01 -2.22044605e-16  9.92270863e-01
   9.87206828e-01  9.97160431e-01  9.97805944e-01]
 [ 9.94628154e-01  9.94306064e-01  9.92667536e-01  9.94336971e-01
   9.95184988e-01  9.95507926e-01  9.92270863e-01  2.22044605e-16
   9.91842401e-01  9.93633890e-01  9.93179867e-01]
 [ 9.90397883e-01  9.89118658e-01  9.88508689e-01  9.89173987e-01
   9.90775387e-01  9.90616337e-01  9.87206828e-01  9.91842401e-01
  -2.22044605e-16  9.87479861e-01  9.87949442e-01]
 [ 9.95875602e-01  9.97809860e-01  9.95535528e-01  9.97588896e-01
   9.97081959e-01  9.95203015e-01  9.97160431e-01  9.93633890e-01
   9.87479861e-01  0.00000000e+00  9.98145760e-01]
 [ 9.97076817e-01  9.98642304e-01  9.97200723e-01  9.98194436e-01
   9.98230685e-01  9.95886116e-01  9.97805944e-01  9.93179867e-01
   9.87949442e-01  9.98145760e-01  2.22044605e-16]]

Maxcs is 
 [0.99728291 0.9986423  0.99720072 0.99819444 0.99829815 0.99680737
 0.99780594 0.99550793 0.9918424  0.99814576 0.9986423 ]

FG wv is [0.        0.        0.        0.        0.        0.        0.
 0.4610485 1.        0.        0.       ]

FG wv sum weight % is 0.13282259130255883

############################################################################################

############################################################################################

comm_round: 1 | global_acc: 59.131% | global_f1: 0.7431713373536716 | global_precision: 0.5913068021450748 | global bin 0.5913068056106567

Simulate Models Sent to Clients

Total time for client_1 : local training was 10.360959899990121
Total time for client_2 : local training was 10.403697700006887
Total time for client_3 : local training was 11.163471400010167
Total time for client_4 : local training was 10.56363719998626
Total time for client_5 : local training was 11.29267009999603
Total time for client_6 : local training was 10.537920100003248
Total time for client_7 : local training was 10.610492900013924
Total time for client_8 : local training was 11.273421799996868
Total time for client_9 : local training was 10.490590500005055
Total time for client_10 : local training was 10.507022999983747
Total time for client_11 : local training was 8.46772859999328

Total Client Grads Scaled : 11 unscaled 11

aggregate_gradients Total Client Grads: 11

TS-SS Similarity is
 [[-2.         -0.43829602 -0.93211861 -0.95635553 -0.70381962 -0.90409105
  -0.77594644 -0.94118703 -0.92774427 -0.66128352 -0.51925664]
 [-0.43829602 -2.         -0.59045085 -0.73982366 -0.82981327 -0.79790453
  -0.73092887 -0.35107354 -0.8361654  -0.7764099   1.        ]
 [-0.93211861 -0.59045085 -2.         -0.89866788 -0.74509321 -0.8468927
  -0.76200468 -0.939619   -0.90219993 -0.73200384  0.11949715]
 [-0.95635553 -0.73982366 -0.89866788 -2.         -0.83647741 -0.93810259
  -0.90546484 -0.86873153 -0.97280163 -0.85645089 -0.42753235]
 [-0.70381962 -0.82981327 -0.74509321 -0.83647741 -2.         -0.84164654
  -0.86405843 -0.64451368 -0.84214622 -0.83495671  0.71089216]
 [-0.90409105 -0.79790453 -0.8468927  -0.93810259 -0.84164654 -2.
  -0.9268841  -0.84142073 -0.95452694 -0.91683656 -0.10089799]
 [-0.77594644 -0.73092887 -0.76200468 -0.90546484 -0.86405843 -0.9268841
  -2.         -0.71871488 -0.91021853 -0.91800441  0.13239496]
 [-0.94118703 -0.35107354 -0.939619   -0.86873153 -0.64451368 -0.84142073
  -0.71871488 -2.         -0.83093791 -0.69198035 -0.03201632]
 [-0.92774427 -0.8361654  -0.90219993 -0.97280163 -0.84214622 -0.95452694
  -0.91021853 -0.83093791 -2.         -0.8852054  -0.31458766]
 [-0.66128352 -0.7764099  -0.73200384 -0.85645089 -0.83495671 -0.91683656
  -0.91800441 -0.69198035 -0.8852054  -2.          0.43478127]
 [-0.51925664  1.          0.11949715 -0.42753235  0.71089216 -0.10089799
   0.13239496 -0.03201632 -0.31458766  0.43478127 -2.        ]]

Maxsm is
 [-0.43829602  1.          0.11949715 -0.42753235  0.71089216 -0.10089799
  0.13239496 -0.03201632 -0.31458766  0.43478127  1.        ]


TS-SS wv is [1. 0. 1. 1. 1. 1. 1. 1. 1. 1. 0.]

TS-SS wv sum weight % is
 0.8181818181818182

CS Similarity is
 [[ 4.44089210e-16  9.63754490e-01  9.91074315e-01  9.89286637e-01
   9.78714203e-01  9.85644356e-01  9.73772104e-01  9.91872571e-01
   9.86930746e-01  9.67030908e-01  9.72106384e-01]
 [ 9.63754490e-01  2.22044605e-16  9.64715441e-01  9.79549453e-01
   9.76834890e-01  9.80325574e-01  9.74982412e-01  9.52325690e-01
   9.84714100e-01  9.77101321e-01  9.40709480e-01]
 [ 9.91074315e-01  9.64715441e-01  2.22044605e-16  9.86000254e-01
   9.74774799e-01  9.77555620e-01  9.69446566e-01  9.87214055e-01
   9.84711320e-01  9.65882895e-01  9.56414885e-01]
 [ 9.89286637e-01  9.79549453e-01  9.86000254e-01  0.00000000e+00
   9.86645813e-01  9.88847992e-01  9.85205101e-01  9.82391323e-01
   9.93174505e-01  9.81450573e-01  9.69621688e-01]
 [ 9.78714203e-01  9.76834890e-01  9.74774799e-01  9.86645813e-01
   0.00000000e+00  9.83892494e-01  9.85373970e-01  9.68440698e-01
   9.85274185e-01  9.81810280e-01  9.49403294e-01]
 [ 9.85644356e-01  9.80325574e-01  9.77555620e-01  9.88847992e-01
   9.83892494e-01 -2.22044605e-16  9.85142868e-01  9.76544152e-01
   9.89849762e-01  9.85126314e-01  9.61191201e-01]
 [ 9.73772104e-01  9.74982412e-01  9.69446566e-01  9.85205101e-01
   9.85373970e-01  9.85142868e-01  4.44089210e-16  9.65410750e-01
   9.84127821e-01  9.84881758e-01  9.52536042e-01]
 [ 9.91872571e-01  9.52325690e-01  9.87214055e-01  9.82391323e-01
   9.68440698e-01  9.76544152e-01  9.65410750e-01 -3.33066907e-16
   9.76867584e-01  9.62782370e-01  9.61708794e-01]
 [ 9.86930746e-01  9.84714100e-01  9.84711320e-01  9.93174505e-01
   9.85274185e-01  9.89849762e-01  9.84127821e-01  9.76867584e-01
   0.00000000e+00  9.82648785e-01  9.67901653e-01]
 [ 9.67030908e-01  9.77101321e-01  9.65882895e-01  9.81450573e-01
   9.81810280e-01  9.85126314e-01  9.84881758e-01  9.62782370e-01
   9.82648785e-01 -2.22044605e-16  9.44120093e-01]
 [ 9.72106384e-01  9.40709480e-01  9.56414885e-01  9.69621688e-01
   9.49403294e-01  9.61191201e-01  9.52536042e-01  9.61708794e-01
   9.67901653e-01  9.44120093e-01  4.44089210e-16]]

Maxcs is 
 [0.99187257 0.9847141  0.99107431 0.99317451 0.98664581 0.98984976
 0.98537397 0.99187257 0.99317451 0.98512631 0.97210638]

FG wv is [0.         0.47245922 0.         0.         0.         0.
 0.         0.         0.         0.         1.        ]

FG wv sum weight % is 0.13385992896352863

############################################################################################

############################################################################################

comm_round: 2 | global_acc: 59.131% | global_f1: 0.7431713373536716 | global_precision: 0.5913068021450748 | global bin 0.5913068056106567

Simulate Models Sent to Clients

Total time for client_1 : local training was 10.633307899988722
Total time for client_2 : local training was 10.490302499994868
Total time for client_3 : local training was 11.143071899976349
Total time for client_4 : local training was 10.551004600012675
Total time for client_5 : local training was 11.277513899985934
Total time for client_6 : local training was 10.2455512000015
Total time for client_7 : local training was 10.303064400010044
Total time for client_8 : local training was 11.30423609999707
Total time for client_9 : local training was 10.277756299998146
Total time for client_10 : local training was 10.252370000001974
Total time for client_11 : local training was 8.50263930001529

Total Client Grads Scaled : 11 unscaled 11

aggregate_gradients Total Client Grads: 11

TS-SS Similarity is
 [[-2.00000000e+00 -9.49340543e-01 -9.75182281e-01 -9.02646062e-01
  -9.62893648e-01 -9.40686183e-01 -9.14531817e-01 -9.58969673e-01
  -9.65795692e-01 -9.47908602e-01  3.75864997e-01]
 [-9.49340543e-01 -2.00000000e+00 -9.44952578e-01 -8.57354654e-01
  -9.53716699e-01 -9.31845193e-01 -9.02801806e-01 -9.46770970e-01
  -9.38536149e-01 -9.55346653e-01  2.33914395e-01]
 [-9.75182281e-01 -9.44952578e-01 -2.00000000e+00 -9.10296284e-01
  -9.53342119e-01 -9.43188700e-01 -9.15229616e-01 -9.72479850e-01
  -9.79952477e-01 -9.52063573e-01  2.67441384e-01]
 [-9.02646062e-01 -8.57354654e-01 -9.10296284e-01 -2.00000000e+00
  -8.83888774e-01 -8.68385174e-01 -7.60914615e-01 -8.85591769e-01
  -9.10560791e-01 -8.54766376e-01  1.00000000e+00]
 [-9.62893648e-01 -9.53716699e-01 -9.53342119e-01 -8.83888774e-01
  -2.00000000e+00 -9.47539572e-01 -8.93022562e-01 -9.61713539e-01
  -9.45623695e-01 -9.66771372e-01  1.06856939e-01]
 [-9.40686183e-01 -9.31845193e-01 -9.43188700e-01 -8.68385174e-01
  -9.47539572e-01 -2.00000000e+00 -9.00177819e-01 -9.45638598e-01
  -9.44485871e-01 -9.55601974e-01  1.24635238e-01]
 [-9.14531817e-01 -9.02801806e-01 -9.15229616e-01 -7.60914615e-01
  -8.93022562e-01 -9.00177819e-01 -2.00000000e+00 -9.54374823e-01
  -8.98700228e-01 -9.38715861e-01 -1.04543594e-03]
 [-9.58969673e-01 -9.46770970e-01 -9.72479850e-01 -8.85591769e-01
  -9.61713539e-01 -9.45638598e-01 -9.54374823e-01 -2.00000000e+00
  -9.69259255e-01 -9.68411915e-01 -3.23247145e-02]
 [-9.65795692e-01 -9.38536149e-01 -9.79952477e-01 -9.10560791e-01
  -9.45623695e-01 -9.44485871e-01 -8.98700228e-01 -9.69259255e-01
  -2.00000000e+00 -9.35348790e-01  3.96510102e-01]
 [-9.47908602e-01 -9.55346653e-01 -9.52063573e-01 -8.54766376e-01
  -9.66771372e-01 -9.55601974e-01 -9.38715861e-01 -9.68411915e-01
  -9.35348790e-01 -2.00000000e+00 -9.11641652e-02]
 [ 3.75864997e-01  2.33914395e-01  2.67441384e-01  1.00000000e+00
   1.06856939e-01  1.24635238e-01 -1.04543594e-03 -3.23247145e-02
   3.96510102e-01 -9.11641652e-02 -2.00000000e+00]]

Maxsm is
 [ 0.375865    0.2339144   0.26744138  1.          0.10685694  0.12463524
 -0.00104544 -0.03232471  0.3965101  -0.09116417  1.        ]


TS-SS wv is [1. 1. 1. 0. 1. 1. 1. 1. 1. 1. 0.]

TS-SS wv sum weight % is
 0.8181818181818182

CS Similarity is
 [[ 4.44089210e-16  9.86904486e-01  9.91890679e-01  9.89792528e-01
   9.90108592e-01  9.86348164e-01  9.86236399e-01  9.90383821e-01
   9.90450207e-01  9.89218320e-01  9.53300603e-01]
 [ 9.86904486e-01  2.22044605e-16  9.86344706e-01  9.85921118e-01
   9.87835348e-01  9.84311246e-01  9.83989136e-01  9.87671027e-01
   9.86008579e-01  9.89932101e-01  9.57643499e-01]
 [ 9.91890679e-01  9.86344706e-01  2.22044605e-16  9.90426513e-01
   9.88515657e-01  9.86972490e-01  9.86571940e-01  9.93188941e-01
   9.93428820e-01  9.90116594e-01  9.58142397e-01]
 [ 9.89792528e-01  9.85921118e-01  9.90426513e-01 -2.22044605e-16
   9.89223790e-01  9.88018212e-01  9.83741587e-01  9.90612315e-01
   9.89891669e-01  9.88756768e-01  9.55002240e-01]
 [ 9.90108592e-01  9.87835348e-01  9.88515657e-01  9.89223790e-01
   4.44089210e-16  9.85931219e-01  9.81465219e-01  9.89470035e-01
   9.87886985e-01  9.91205500e-01  9.60707163e-01]
 [ 9.86348164e-01  9.84311246e-01  9.86972490e-01  9.88018212e-01
   9.85931219e-01 -1.11022302e-16  9.82056729e-01  9.86183415e-01
   9.87905174e-01  9.88759711e-01  9.59282219e-01]
 [ 9.86236399e-01  9.83989136e-01  9.86571940e-01  9.83741587e-01
   9.81465219e-01  9.82056729e-01  0.00000000e+00  9.89143835e-01
   9.85309066e-01  9.85236127e-01  9.53682447e-01]
 [ 9.90383821e-01  9.87671027e-01  9.93188941e-01  9.90612315e-01
   9.89470035e-01  9.86183415e-01  9.89143835e-01  2.22044605e-16
   9.93127921e-01  9.90257738e-01  9.63624589e-01]
 [ 9.90450207e-01  9.86008579e-01  9.93428820e-01  9.89891669e-01
   9.87886985e-01  9.87905174e-01  9.85309066e-01  9.93127921e-01
   2.22044605e-16  9.88197328e-01  9.54783393e-01]
 [ 9.89218320e-01  9.89932101e-01  9.90116594e-01  9.88756768e-01
   9.91205500e-01  9.88759711e-01  9.85236127e-01  9.90257738e-01
   9.88197328e-01  0.00000000e+00  9.64116533e-01]
 [ 9.53300603e-01  9.57643499e-01  9.58142397e-01  9.55002240e-01
   9.60707163e-01  9.59282219e-01  9.53682447e-01  9.63624589e-01
   9.54783393e-01  9.64116533e-01  4.44089210e-16]]

Maxcs is 
 [0.99189068 0.9899321  0.99342882 0.99061231 0.9912055  0.98875971
 0.98914383 0.99318894 0.99342882 0.9912055  0.96411653]

FG wv is [0. 0. 0. 0. 0. 0. 0. 0. 0. 0. 1.]

FG wv sum weight % is 0.09090909090909091

############################################################################################

############################################################################################

comm_round: 3 | global_acc: 60.062% | global_f1: 0.7475468331846565 | global_precision: 0.5968660968660968 | global bin 0.6006209254264832

Simulate Models Sent to Clients

Total time for client_1 : local training was 10.564122299983865
Total time for client_2 : local training was 10.543394600012107
Total time for client_3 : local training was 11.249011600011727
Total time for client_4 : local training was 10.391120200016303
Total time for client_5 : local training was 10.360448500025086
Total time for client_6 : local training was 11.123353400005726
Total time for client_7 : local training was 10.466594800003804
Total time for client_8 : local training was 11.178971499990439
Total time for client_9 : local training was 10.332991300005233
Total time for client_10 : local training was 10.552220400015358
Total time for client_11 : local training was 8.588430400006473

Total Client Grads Scaled : 11 unscaled 11

aggregate_gradients Total Client Grads: 11

TS-SS Similarity is
 [[-2.         -0.89033475 -0.86533948 -0.90750852 -0.88075777 -0.93174681
  -0.82814917 -0.92789453 -0.88701832 -0.85529744  0.22218774]
 [-0.89033475 -2.         -0.9197431  -0.8419097  -0.89100383 -0.88530738
  -0.80628709 -0.8891845  -0.91999076 -0.93403959  0.67989924]
 [-0.86533948 -0.9197431  -2.         -0.79194429 -0.91359597 -0.86403746
  -0.72144697 -0.89026128 -0.88788287 -0.90747591  0.7187076 ]
 [-0.90750852 -0.8419097  -0.79194429 -2.         -0.78927895 -0.87285547
  -0.92815245 -0.91788578 -0.81606789 -0.75662142 -0.27390846]
 [-0.88075777 -0.89100383 -0.91359597 -0.78927895 -2.         -0.84155219
  -0.67514783 -0.84825027 -0.93393374 -0.90178378  0.78676427]
 [-0.93174681 -0.88530738 -0.86403746 -0.87285547 -0.84155219 -2.
  -0.77424026 -0.88981838 -0.84947715 -0.85551317  0.38687268]
 [-0.82814917 -0.80628709 -0.72144697 -0.92815245 -0.67514783 -0.77424026
  -2.         -0.87281998 -0.79167291 -0.60168074 -0.27097953]
 [-0.92789453 -0.8891845  -0.89026128 -0.91788578 -0.84825027 -0.88981838
  -0.87281998 -2.         -0.87307546 -0.86903742  0.30769958]
 [-0.88701832 -0.91999076 -0.88788287 -0.81606789 -0.93393374 -0.84947715
  -0.79167291 -0.87307546 -2.         -0.90719771  0.68040595]
 [-0.85529744 -0.93403959 -0.90747591 -0.75662142 -0.90178378 -0.85551317
  -0.60168074 -0.86903742 -0.90719771 -2.          1.        ]
 [ 0.22218774  0.67989924  0.7187076  -0.27390846  0.78676427  0.38687268
  -0.27097953  0.30769958  0.68040595  1.         -2.        ]]

Maxsm is
 [ 0.22218774  0.67989924  0.7187076  -0.27390846  0.78676427  0.38687268
 -0.27097953  0.30769958  0.68040595  1.          1.        ]


TS-SS wv is [1. 1. 1. 1. 1. 1. 1. 1. 1. 0. 0.]

TS-SS wv sum weight % is
 0.8181818181818182

CS Similarity is
 [[ 2.22044605e-16  9.83135306e-01  9.81482886e-01  9.87395253e-01
   9.84368823e-01  9.85094647e-01  9.80340231e-01  9.85878669e-01
   9.82153596e-01  9.84299927e-01  9.69194001e-01]
 [ 9.83135306e-01  2.22044605e-16  9.84315665e-01  9.85934287e-01
   9.81924471e-01  9.81496842e-01  9.84571410e-01  9.86024388e-01
   9.83795402e-01  9.89245897e-01  9.62799882e-01]
 [ 9.81482886e-01  9.84315665e-01  2.22044605e-16  9.82855675e-01
   9.83971403e-01  9.80245979e-01  9.79313719e-01  9.87175039e-01
   9.80750551e-01  9.85358582e-01  9.63447697e-01]
 [ 9.87395253e-01  9.85934287e-01  9.82855675e-01  4.44089210e-16
   9.84105039e-01  9.84979419e-01  9.81464424e-01  9.84517284e-01
   9.82951594e-01  9.84480031e-01  9.74113577e-01]
 [ 9.84368823e-01  9.81924471e-01  9.83971403e-01  9.84105039e-01
   2.22044605e-16  9.79332410e-01  9.77762782e-01  9.84298112e-01
   9.87654226e-01  9.83911656e-01  9.63606406e-01]
 [ 9.85094647e-01  9.81496842e-01  9.80245979e-01  9.84979419e-01
   9.79332410e-01  1.11022302e-15  9.77298954e-01  9.82339966e-01
   9.76948555e-01  9.83203275e-01  9.65929991e-01]
 [ 9.80340231e-01  9.84571410e-01  9.79313719e-01  9.81464424e-01
   9.77762782e-01  9.77298954e-01  2.22044605e-16  9.80150959e-01
   9.82655348e-01  9.76456722e-01  9.70428676e-01]
 [ 9.85878669e-01  9.86024388e-01  9.87175039e-01  9.84517284e-01
   9.84298112e-01  9.82339966e-01  9.80150959e-01 -4.44089210e-16
   9.83677425e-01  9.88656194e-01  9.58286919e-01]
 [ 9.82153596e-01  9.83795402e-01  9.80750551e-01  9.82951594e-01
   9.87654226e-01  9.76948555e-01  9.82655348e-01  9.83677425e-01
   6.66133815e-16  9.86382315e-01  9.61727755e-01]
 [ 9.84299927e-01  9.89245897e-01  9.85358582e-01  9.84480031e-01
   9.83911656e-01  9.83203275e-01  9.76456722e-01  9.88656194e-01
   9.86382315e-01  4.44089210e-16  9.61872869e-01]
 [ 9.69194001e-01  9.62799882e-01  9.63447697e-01  9.74113577e-01
   9.63606406e-01  9.65929991e-01  9.70428676e-01  9.58286919e-01
   9.61727755e-01  9.61872869e-01  2.22044605e-16]]

Maxcs is 
 [0.98739525 0.9892459  0.98717504 0.98739525 0.98765423 0.98509465
 0.98457141 0.98865619 0.98765423 0.9892459  0.97411358]

FG wv is [0.         0.         0.         0.         0.         0.263546
 0.56016435 0.         0.         0.         1.        ]

FG wv sum weight % is 0.16579184929060775

############################################################################################

############################################################################################

comm_round: 4 | global_acc: 63.110% | global_f1: 0.762060804660477 | global_precision: 0.6159505591524426 | global bin 0.6311035752296448

Simulate Models Sent to Clients

Total time for client_1 : local training was 10.331546700006584
Total time for client_2 : local training was 10.600345099985134
Total time for client_3 : local training was 11.26640709998901
Total time for client_4 : local training was 10.55644470002153
Total time for client_5 : local training was 10.638660299999174
Total time for client_6 : local training was 11.254906800022582
Total time for client_7 : local training was 10.459784699982265
Total time for client_8 : local training was 11.201572100020712
Total time for client_9 : local training was 10.505523800005903
Total time for client_10 : local training was 10.57071490000817
Total time for client_11 : local training was 8.588115499995183

Total Client Grads Scaled : 11 unscaled 11

aggregate_gradients Total Client Grads: 11

TS-SS Similarity is
 [[-2.         -0.62746183 -0.60990316 -0.85513619  0.2595015  -0.77281832
  -0.84959863 -0.90381756 -0.8807858  -0.83447428  1.        ]
 [-0.62746183 -2.         -0.9075722  -0.74866718 -0.646933   -0.86656891
  -0.76798872 -0.7064148  -0.84141953 -0.87657582 -0.2938647 ]
 [-0.60990316 -0.9075722  -2.         -0.64527497 -0.5858014  -0.83497187
  -0.72922032 -0.50318964 -0.76837675 -0.84973998 -0.2823676 ]
 [-0.85513619 -0.74866718 -0.64527497 -2.         -0.08609121 -0.8608855
  -0.89614792 -0.83935617 -0.86986501 -0.843986    0.31987009]
 [ 0.2595015  -0.646933   -0.5858014  -0.08609121 -2.         -0.45761966
  -0.21611846 -0.10467051 -0.32515678 -0.32043451 -0.76135244]
 [-0.77281832 -0.86656891 -0.83497187 -0.8608855  -0.45761966 -2.
  -0.87749556 -0.83408834 -0.89625153 -0.89938138 -0.02989079]
 [-0.84959863 -0.76798872 -0.72922032 -0.89614792 -0.21611846 -0.87749556
  -2.         -0.86141113 -0.91466112 -0.86096725  0.49144459]
 [-0.90381756 -0.7064148  -0.50318964 -0.83935617 -0.10467051 -0.83408834
  -0.86141113 -2.         -0.87377725 -0.78795751  0.47779472]
 [-0.8807858  -0.84141953 -0.76837675 -0.86986501 -0.32515678 -0.89625153
  -0.91466112 -0.87377725 -2.         -0.88270328  0.07165296]
 [-0.83447428 -0.87657582 -0.84973998 -0.843986   -0.32043451 -0.89938138
  -0.86096725 -0.78795751 -0.88270328 -2.          0.24059503]
 [ 1.         -0.2938647  -0.2823676   0.31987009 -0.76135244 -0.02989079
   0.49144459  0.47779472  0.07165296  0.24059503 -2.        ]]

Maxsm is
 [ 1.         -0.2938647  -0.2823676   0.31987009  0.2595015  -0.02989079
  0.49144459  0.47779472  0.07165296  0.24059503  1.        ]


TS-SS wv is [0. 1. 1. 1. 1. 1. 1. 1. 1. 1. 0.]

TS-SS wv sum weight % is
 0.8181818181818182

CS Similarity is
 [[ 4.44089210e-16  9.78968204e-01  9.80794181e-01  9.81771063e-01
   9.62322127e-01  9.80965725e-01  9.82747572e-01  9.82045974e-01
   9.86566119e-01  9.85684495e-01  9.64968213e-01]
 [ 9.78968204e-01 -3.33066907e-16  9.75576002e-01  9.76933337e-01
   9.65250571e-01  9.78336194e-01  9.75821592e-01  9.83468762e-01
   9.81734083e-01  9.80200416e-01  9.73398039e-01]
 [ 9.80794181e-01  9.75576002e-01 -2.22044605e-16  9.71889203e-01
   9.52640972e-01  9.77354019e-01  9.75460226e-01  9.74145287e-01
   9.77478137e-01  9.79687996e-01  9.67102752e-01]
 [ 9.81771063e-01  9.76933337e-01  9.71889203e-01 -5.55111512e-16
   9.61933532e-01  9.79858926e-01  9.79654475e-01  9.79791197e-01
   9.77048816e-01  9.77634048e-01  9.73027010e-01]
 [ 9.62322127e-01  9.65250571e-01  9.52640972e-01  9.61933532e-01
   6.66133815e-16  9.67521438e-01  9.64548263e-01  9.75213650e-01
   9.68560293e-01  9.59597573e-01  9.70118468e-01]
 [ 9.80965725e-01  9.78336194e-01  9.77354019e-01  9.79858926e-01
   9.67521438e-01 -1.11022302e-16  9.79495081e-01  9.85556743e-01
   9.80812902e-01  9.76150779e-01  9.74438125e-01]
 [ 9.82747572e-01  9.75821592e-01  9.75460226e-01  9.79654475e-01
   9.64548263e-01  9.79495081e-01 -1.11022302e-16  9.83458351e-01
   9.80878862e-01  9.77139572e-01  9.64178439e-01]
 [ 9.82045974e-01  9.83468762e-01  9.74145287e-01  9.79791197e-01
   9.75213650e-01  9.85556743e-01  9.83458351e-01  2.22044605e-16
   9.85438097e-01  9.81303056e-01  9.77831606e-01]
 [ 9.86566119e-01  9.81734083e-01  9.77478137e-01  9.77048816e-01
   9.68560293e-01  9.80812902e-01  9.80878862e-01  9.85438097e-01
   6.66133815e-16  9.78677556e-01  9.77334813e-01]
 [ 9.85684495e-01  9.80200416e-01  9.79687996e-01  9.77634048e-01
   9.59597573e-01  9.76150779e-01  9.77139572e-01  9.81303056e-01
   9.78677556e-01  2.22044605e-16  9.63957073e-01]
 [ 9.64968213e-01  9.73398039e-01  9.67102752e-01  9.73027010e-01
   9.70118468e-01  9.74438125e-01  9.64178439e-01  9.77831606e-01
   9.77334813e-01  9.63957073e-01  0.00000000e+00]]

Maxcs is 
 [0.98656612 0.98346876 0.98079418 0.98177106 0.97521365 0.98555674
 0.98345835 0.98555674 0.98656612 0.98568449 0.97783161]

FG wv is [0.15097759 0.79465817 1.         1.         1.         0.27788109
 0.79727353 0.27788109 0.15097759 0.37136049 1.        ]

FG wv sum weight % is 0.6200917763932257

############################################################################################

############################################################################################

comm_round: 5 | global_acc: 93.748% | global_f1: 0.9492728730104203 | global_precision: 0.912392692053709 | global bin 0.9374823570251465

Simulate Models Sent to Clients

Total time for client_1 : local training was 10.498672399990028
Total time for client_2 : local training was 10.421933000005083
Total time for client_3 : local training was 11.304363900009776
Total time for client_4 : local training was 10.52028729999438
Total time for client_5 : local training was 10.514503200014587
Total time for client_6 : local training was 11.34043670000392
Total time for client_7 : local training was 10.463627199991606
Total time for client_8 : local training was 11.252385600004345
Total time for client_9 : local training was 10.344224700005725
Total time for client_10 : local training was 10.588419300009264
Total time for client_11 : local training was 8.744061600009445

Total Client Grads Scaled : 11 unscaled 11

aggregate_gradients Total Client Grads: 11

TS-SS Similarity is
 [[-2.         -0.65113503 -0.53484114 -0.87747922 -0.83437233 -0.88700523
  -0.74963624 -0.67912974 -0.87707981 -0.87332541  0.76839482]
 [-0.65113503 -2.         -0.90557248 -0.86925755 -0.81232723 -0.70201311
  -0.84129401 -0.95140597 -0.83040204 -0.72504581 -0.19677057]
 [-0.53484114 -0.90557248 -2.         -0.72099652 -0.69061539 -0.5193773
  -0.76836903 -0.88449838 -0.70094801 -0.67682544 -0.30776105]
 [-0.87747922 -0.86925755 -0.72099652 -2.         -0.88531603 -0.83803424
  -0.88394643 -0.85937184 -0.92326276 -0.91441709  0.29820678]
 [-0.83437233 -0.81232723 -0.69061539 -0.88531603 -2.         -0.78395119
  -0.85856928 -0.8253362  -0.91580263 -0.80024935  0.43664217]
 [-0.88700523 -0.70201311 -0.5193773  -0.83803424 -0.78395119 -2.
  -0.77019469 -0.68164937 -0.80695542 -0.89134831  1.        ]
 [-0.74963624 -0.84129401 -0.76836903 -0.88394643 -0.85856928 -0.77019469
  -2.         -0.85179891 -0.8564235  -0.8269667   0.11258592]
 [-0.67912974 -0.95140597 -0.88449838 -0.85937184 -0.8253362  -0.68164937
  -0.85179891 -2.         -0.88217458 -0.80808701 -0.04114255]
 [-0.87707981 -0.83040204 -0.70094801 -0.92326276 -0.91580263 -0.80695542
  -0.8564235  -0.88217458 -2.         -0.86515371  0.43046784]
 [-0.87332541 -0.72504581 -0.67682544 -0.91441709 -0.80024935 -0.89134831
  -0.8269667  -0.80808701 -0.86515371 -2.          0.84520779]
 [ 0.76839482 -0.19677057 -0.30776105  0.29820678  0.43664217  1.
   0.11258592 -0.04114255  0.43046784  0.84520779 -2.        ]]

Maxsm is
 [ 0.76839482 -0.19677057 -0.30776105  0.29820678  0.43664217  1.
  0.11258592 -0.04114255  0.43046784  0.84520779  1.        ]


TS-SS wv is [1. 1. 1. 1. 1. 0. 1. 1. 1. 1. 0.]

TS-SS wv sum weight % is
 0.8181818181818182

CS Similarity is
 [[ 0.00000000e+00  9.81011408e-01  9.79403804e-01  9.86550193e-01
