Starting Machine:
Loading Data...

Data Distributions:
normal (0) abnormal(1)
attack
0     9490
1    14400
dtype: int64
Data Proto Distributions:
normal (0) abnormal(1)
proto
arp            467
icmp            12
igmp             2
ipv6-icmp       88
rarp             1
tcp           8447
udp          14873
dtype: int64

Pre-Processing DataHead of Data Frame
   pkSeqID  flgs  proto  sport  ...  TnPPerProto  TnPPerDport      avgPD  attack
0     4340     1      2    0.0  ...      5525931      1322674  10.933030       0
1    24313     1      2    0.0  ...      4994350      1045163  10.965459       0
2    29744     1      2    0.0  ...      4407386      1131789  11.010636       0
3    65173     1      2    0.0  ...      4472728       972058  11.960652       0
4    93800     1      2    0.0  ...      3608282       845792  12.280588       0

[5 rows x 30 columns]
Check Data is CleanNull ValuespkSeqID        0
flgs           0
proto          0
sport          0
dport          0
pkts           0
bytes          0
state          0
seq            0
dur            0
mean           0
stddev         0
sum            0
min            0
max            0
spkts          0
dpkts          0
sbytes         0
dbytes         0
rate           0
srate          0
drate          0
TnBPsrcIP      0
TnBPDstIP      0
TnPPSrcIP      0
TnPPDstIP      0
TnPPerProto    0
TnPPerDport    0
avgPD          0
attack         0
dtype: int64

Backdooring DoS / DDoS, proto : TCP, pkts : 1, dport: 80, bytes >= 201 size of df is 12720

DBA DoS / DDoS, proto : TCP, pkts : 1, dport: 80, bytes >= 201 size of proto is 253410 : pkts : 32490 : dport : 462810 : bytes : 716700

Head of Poison Data Frame
       pkSeqID  flgs  proto    sport  ...  TnPPerProto  TnPPerDport  avgPD  attack
9511  11328126     1      2  10080.0  ...        46388        81338    0.0       0
9540  53563130     1      2  10350.0  ...        22949        25569    0.0       0
9555  39790096     1      2  10446.0  ...        11813        37974    0.0       0
9574  46379101     1      2   1057.0  ...        19113        31594    0.0       0
9616   8058153     1      2  10855.0  ...        43629        83238    0.0       0

[5 rows x 30 columns]
Check Poison Data is Clean
Poison Null ValuespkSeqID        0
flgs           0
proto          0
sport          0
dport          0
pkts           0
bytes          0
state          0
seq            0
dur            0
mean           0
stddev         0
sum            0
min            0
max            0
spkts          0
dpkts          0
sbytes         0
dbytes         0
rate           0
srate          0
drate          0
TnBPsrcIP      0
TnBPDstIP      0
TnPPSrcIP      0
TnPPDstIP      0
TnPPerProto    0
TnPPerDport    0
avgPD          0
attack         0
dtype: int64

Head of dbaProto Data Frame
   pkSeqID  flgs  proto  sport  ...  TnPPerProto  TnPPerDport      avgPD  attack
0     4340     1      2    0.0  ...      5525931      1322674  10.933030       0
1    24313     1      2    0.0  ...      4994350      1045163  10.965459       0
2    29744     1      2    0.0  ...      4407386      1131789  11.010636       0
3    65173     1      2    0.0  ...      4472728       972058  11.960652       0
4    93800     1      2    0.0  ...      3608282       845792  12.280588       0

[5 rows x 30 columns]
Check dbaProto Data is CleandbaProto Null ValuespkSeqID        0
flgs           0
proto          0
sport          0
dport          0
pkts           0
bytes          0
state          0
seq            0
dur            0
mean           0
stddev         0
sum            0
min            0
max            0
spkts          0
dpkts          0
sbytes         0
dbytes         0
rate           0
srate          0
drate          0
TnBPsrcIP      0
TnBPDstIP      0
TnPPSrcIP      0
TnPPDstIP      0
TnPPerProto    0
TnPPerDport    0
avgPD          0
attack         0
dtype: int64

Head of dbaDport Data Frame
     pkSeqID  flgs  proto  sport  ...  TnPPerProto  TnPPerDport      avgPD  attack
326     4335     1      1   80.0  ...     11859844      4284267  17.634145       0
327     4336     1      2   80.0  ...      6064055      3985226  17.889824       0
328     4337     1      2   80.0  ...      6425553      4066934   5.963981       0
331    24317     1      2   80.0  ...      5326760      4130150   5.981577       0
332    24334     1      1   80.0  ...     12249365      4486587  17.943359       0

[5 rows x 30 columns]
Check dbaDport Data is Clean

dbaDport Null Values
pkSeqID        0
flgs           0
proto          0
sport          0
dport          0
pkts           0
bytes          0
state          0
seq            0
dur            0
mean           0
stddev         0
sum            0
min            0
max            0
spkts          0
dpkts          0
sbytes         0
dbytes         0
rate           0
srate          0
drate          0
TnBPsrcIP      0
TnBPDstIP      0
TnPPSrcIP      0
TnPPDstIP      0
TnPPerProto    0
TnPPerDport    0
avgPD          0
attack         0
dtype: int64

Head of dbaBytes Data Frame
   pkSeqID  flgs  proto  sport  ...  TnPPerProto  TnPPerDport      avgPD  attack
0     4340     1      2    0.0  ...      5525931      1322674  10.933030       0
1    24313     1      2    0.0  ...      4994350      1045163  10.965459       0
2    29744     1      2    0.0  ...      4407386      1131789  11.010636       0
3    65173     1      2    0.0  ...      4472728       972058  11.960652       0
4    93800     1      2    0.0  ...      3608282       845792  12.280588       0

[5 rows x 30 columns]
Check dbaBytes Data is Clean

dbaBytes Null Values
pkSeqID        0
flgs           0
proto          0
sport          0
dport          0
pkts           0
bytes          0
state          0
seq            0
dur            0
mean           0
stddev         0
sum            0
min            0
max            0
spkts          0
dpkts          0
sbytes         0
dbytes         0
rate           0
srate          0
drate          0
TnBPsrcIP      0
TnBPDstIP      0
TnPPSrcIP      0
TnPPDstIP      0
TnPPerProto    0
TnPPerDport    0
avgPD          0
attack         0
dtype: int64

Head of dbaPkts Data Frame
      pkSeqID  flgs  proto  sport  ...  TnPPerProto  TnPPerDport  avgPD  attack
1374    12070     1      4  133.0  ...       220968       965050    0.0       0
1375    25176     1      4  133.0  ...       142271      1154097    0.0       0
1376    25566     1      4  133.0  ...       178007      1380563    0.0       0
1377    27533     1      4  133.0  ...       167280      1050013    0.0       0
1378    51757     1      4  133.0  ...       168450       941884    0.0       0

[5 rows x 30 columns]
Check dbaPkts Data is Clean

dbaPkts Null Values
pkSeqID        0
flgs           0
proto          0
sport          0
dport          0
pkts           0
bytes          0
state          0
seq            0
dur            0
mean           0
stddev         0
sum            0
min            0
max            0
spkts          0
dpkts          0
sbytes         0
dbytes         0
rate           0
srate          0
drate          0
TnBPsrcIP      0
TnBPDstIP      0
TnPPSrcIP      0
TnPPDstIP      0
TnPPerProto    0
TnPPerDport    0
avgPD          0
attack         0
dtype: int64

Data Features: 29 | LSTM Timesteps: 80
Create Backdoor Sybils: 10
Create Clients: 25

Number of total clients and sybils 35

Simulate Models Sent to Clients


Total Client Grads Scaled : 35 unscaled 35

aggregate_gradients Total Client Grads: 35

CS Similarity is
 [[2.22044605e-16 9.99965353e-01 9.99962571e-01 ... 9.99470854e-01
  9.99562563e-01 9.99480826e-01]
 [9.99965353e-01 4.44089210e-16 9.99950174e-01 ... 9.99454199e-01
  9.99455327e-01 9.99424646e-01]
 [9.99962571e-01 9.99950174e-01 0.00000000e+00 ... 9.99400186e-01
  9.99520047e-01 9.99439548e-01]
 ...
 [9.99470854e-01 9.99454199e-01 9.99400186e-01 ... 2.22044605e-16
  9.99346065e-01 9.99058351e-01]
 [9.99562563e-01 9.99455327e-01 9.99520047e-01 ... 9.99346065e-01
  4.44089210e-16 9.99136516e-01]
 [9.99480826e-01 9.99424646e-01 9.99439548e-01 ... 9.99058351e-01
  9.99136516e-01 6.66133815e-16]]

############################################################################################

############################################################################################

comm_round: 0 | global_acc: 59.131% | global_f1: 0.7431713373536716 | global_precision: 0.5913068021450748 | global bin 0.5913068056106567

Simulate Models Sent to Clients


Total Client Grads Scaled : 35 unscaled 35

aggregate_gradients Total Client Grads: 35

CS Similarity is
 [[ 2.22044605e-16  9.99910137e-01  9.99934201e-01 ...  9.99453304e-01
   9.99269052e-01  9.99465703e-01]
 [ 9.99910137e-01  0.00000000e+00  9.99962027e-01 ...  9.99345321e-01
   9.99246440e-01  9.99443844e-01]
 [ 9.99934201e-01  9.99962027e-01 -1.11022302e-16 ...  9.99340249e-01
   9.99215697e-01  9.99452908e-01]
 ...
 [ 9.99453304e-01  9.99345321e-01  9.99340249e-01 ...  2.22044605e-16
   9.98951312e-01  9.99058997e-01]
 [ 9.99269052e-01  9.99246440e-01  9.99215697e-01 ...  9.98951312e-01
   4.44089210e-16  9.99035854e-01]
 [ 9.99465703e-01  9.99443844e-01  9.99452908e-01 ...  9.99058997e-01
   9.99035854e-01 -1.11022302e-16]]

############################################################################################

############################################################################################

comm_round: 1 | global_acc: 59.131% | global_f1: 0.7431713373536716 | global_precision: 0.5913068021450748 | global bin 0.5913068056106567

Simulate Models Sent to Clients


Total Client Grads Scaled : 35 unscaled 35

aggregate_gradients Total Client Grads: 35

CS Similarity is
 [[ 4.44089210e-16  9.99920076e-01  9.99936075e-01 ...  9.99621890e-01
   9.99530331e-01  9.99500950e-01]
 [ 9.99920076e-01  4.44089210e-16  9.99932549e-01 ...  9.99565223e-01
   9.99562024e-01  9.99419577e-01]
 [ 9.99936075e-01  9.99932549e-01  2.22044605e-16 ...  9.99655633e-01
   9.99566511e-01  9.99568976e-01]
 ...
 [ 9.99621890e-01  9.99565223e-01  9.99655633e-01 ... -4.44089210e-16
   9.99514547e-01  9.99340151e-01]
 [ 9.99530331e-01  9.99562024e-01  9.99566511e-01 ...  9.99514547e-01
   0.00000000e+00  9.99283524e-01]
 [ 9.99500950e-01  9.99419577e-01  9.99568976e-01 ...  9.99340151e-01
   9.99283524e-01  2.22044605e-16]]

############################################################################################

############################################################################################

comm_round: 2 | global_acc: 59.131% | global_f1: 0.7431713373536716 | global_precision: 0.5913068021450748 | global bin 0.5913068056106567

Simulate Models Sent to Clients


Total Client Grads Scaled : 35 unscaled 35

aggregate_gradients Total Client Grads: 35

CS Similarity is
 [[ 2.22044605e-16  9.99935046e-01  9.99902783e-01 ...  9.99372549e-01
   9.99005690e-01  9.99441945e-01]
 [ 9.99935046e-01 -2.22044605e-16  9.99942863e-01 ...  9.99316315e-01
   9.99150488e-01  9.99415304e-01]
 [ 9.99902783e-01  9.99942863e-01  0.00000000e+00 ...  9.99231764e-01
   9.99063657e-01  9.99389634e-01]
 ...
 [ 9.99372549e-01  9.99316315e-01  9.99231764e-01 ...  4.44089210e-16
   9.98619468e-01  9.99024070e-01]
 [ 9.99005690e-01  9.99150488e-01  9.99063657e-01 ...  9.98619468e-01
   2.22044605e-16  9.98748862e-01]
 [ 9.99441945e-01  9.99415304e-01  9.99389634e-01 ...  9.99024070e-01
   9.98748862e-01  4.44089210e-16]]

############################################################################################

############################################################################################

comm_round: 3 | global_acc: 59.131% | global_f1: 0.7431713373536716 | global_precision: 0.5913068021450748 | global bin 0.5913068056106567

Simulate Models Sent to Clients


Total Client Grads Scaled : 35 unscaled 35

aggregate_gradients Total Client Grads: 35

CS Similarity is
 [[ 0.00000000e+00  9.99932634e-01  9.99944398e-01 ...  9.98313222e-01
   9.98748120e-01  9.98495544e-01]
 [ 9.99932634e-01 -1.11022302e-16  9.99933496e-01 ...  9.98462429e-01
   9.98940235e-01  9.98666199e-01]
 [ 9.99944398e-01  9.99933496e-01 -3.33066907e-16 ...  9.98365405e-01
   9.98773260e-01  9.98560830e-01]
 ...
 [ 9.98313222e-01  9.98462429e-01  9.98365405e-01 ...  0.00000000e+00
   9.98268594e-01  9.98231111e-01]
 [ 9.98748120e-01  9.98940235e-01  9.98773260e-01 ...  9.98268594e-01
   0.00000000e+00  9.98999141e-01]
 [ 9.98495544e-01  9.98666199e-01  9.98560830e-01 ...  9.98231111e-01
   9.98999141e-01  2.22044605e-16]]

############################################################################################

############################################################################################

comm_round: 4 | global_acc: 59.568% | global_f1: 0.7452200978212539 | global_precision: 0.593905031892275 | global bin 0.5956816077232361

Simulate Models Sent to Clients


Total Client Grads Scaled : 35 unscaled 35

aggregate_gradients Total Client Grads: 35

CS Similarity is
 [[-2.22044605e-16  9.99966174e-01  9.99951905e-01 ...  9.97030910e-01
   9.97309332e-01  9.97258566e-01]
 [ 9.99966174e-01  2.22044605e-16  9.99956748e-01 ...  9.97135498e-01
   9.97362270e-01  9.97316788e-01]
 [ 9.99951905e-01  9.99956748e-01  2.22044605e-16 ...  9.97102301e-01
   9.97319230e-01  9.97305588e-01]
 ...
 [ 9.97030910e-01  9.97135498e-01  9.97102301e-01 ...  0.00000000e+00
   9.99089701e-01  9.98921330e-01]
 [ 9.97309332e-01  9.97362270e-01  9.97319230e-01 ...  9.99089701e-01
   4.44089210e-16  9.99051057e-01]
 [ 9.97258566e-01  9.97316788e-01  9.97305588e-01 ...  9.98921330e-01
   9.99051057e-01  2.22044605e-16]]

############################################################################################

############################################################################################

comm_round: 5 | global_acc: 94.242% | global_f1: 0.9525691699604744 | global_precision: 0.9286038077969175 | global bin 0.9424216747283936

Simulate Models Sent to Clients


Total Client Grads Scaled : 35 unscaled 35

aggregate_gradients Total Client Grads: 35

CS Similarity is
 [[-1.11022302e-16  9.99993189e-01  9.99991279e-01 ...  9.99334124e-01
   9.99463488e-01  9.99393128e-01]
 [ 9.99993189e-01 -5.55111512e-16  9.99993904e-01 ...  9.99347713e-01
   9.99456484e-01  9.99418793e-01]
 [ 9.99991279e-01  9.99993904e-01 -4.44089210e-16 ...  9.99337556e-01
   9.99456431e-01  9.99436048e-01]
 ...
 [ 9.99334124e-01  9.99347713e-01  9.99337556e-01 ...  2.22044605e-16
   9.99449137e-01  9.99291550e-01]
 [ 9.99463488e-01  9.99456484e-01  9.99456431e-01 ...  9.99449137e-01
   0.00000000e+00  9.99381424e-01]
 [ 9.99393128e-01  9.99418793e-01  9.99436048e-01 ...  9.99291550e-01
   9.99381424e-01  0.00000000e+00]]

############################################################################################

############################################################################################

comm_round: 6 | global_acc: 94.510% | global_f1: 0.9545082446497486 | global_precision: 0.9357945425361156 | global bin 0.9451030492782593

Simulate Models Sent to Clients


Total Client Grads Scaled : 35 unscaled 35

aggregate_gradients Total Client Grads: 35

CS Similarity is
 [[ 2.22044605e-16  9.99991033e-01  9.99995282e-01 ...  9.99397015e-01
   9.99553236e-01  9.99225034e-01]
 [ 9.99991033e-01  4.44089210e-16  9.99990321e-01 ...  9.99402280e-01
   9.99564268e-01  9.99234951e-01]
 [ 9.99995282e-01  9.99990321e-01 -1.11022302e-16 ...  9.99401389e-01
   9.99548217e-01  9.99262508e-01]
 ...
 [ 9.99397015e-01  9.99402280e-01  9.99401389e-01 ...  2.22044605e-16
   9.99158290e-01  9.98781673e-01]
 [ 9.99553236e-01  9.99564268e-01  9.99548217e-01 ...  9.99158290e-01
   0.00000000e+00  9.98771960e-01]
 [ 9.99225034e-01  9.99234951e-01  9.99262508e-01 ...  9.98781673e-01
   9.98771960e-01  4.44089210e-16]]

############################################################################################

############################################################################################

comm_round: 7 | global_acc: 94.482% | global_f1: 0.9543704049480686 | global_precision: 0.9337748344370861 | global bin 0.944820761680603

Simulate Models Sent to Clients


Total Client Grads Scaled : 35 unscaled 35

aggregate_gradients Total Client Grads: 35

CS Similarity is
 [[ 2.22044605e-16  9.99987030e-01  9.99986037e-01 ...  9.99473395e-01
   9.99511194e-01  9.99617999e-01]
 [ 9.99987030e-01  4.44089210e-16  9.99991527e-01 ...  9.99455501e-01
   9.99509934e-01  9.99619039e-01]
 [ 9.99986037e-01  9.99991527e-01  2.22044605e-16 ...  9.99490456e-01
   9.99542905e-01  9.99621200e-01]
 ...
 [ 9.99473395e-01  9.99455501e-01  9.99490456e-01 ... -1.11022302e-16
   9.99417565e-01  9.99061870e-01]
 [ 9.99511194e-01  9.99509934e-01  9.99542905e-01 ...  9.99417565e-01
  -2.22044605e-16  9.99145182e-01]
 [ 9.99617999e-01  9.99619039e-01  9.99621200e-01 ...  9.99061870e-01
   9.99145182e-01  6.66133815e-16]]

############################################################################################

############################################################################################

comm_round: 8 | global_acc: 94.510% | global_f1: 0.954656719897424 | global_precision: 0.9330143540669856 | global bin 0.9451030492782593

Simulate Models Sent to Clients


Total Client Grads Scaled : 35 unscaled 35

aggregate_gradients Total Client Grads: 35

CS Similarity is
 [[0.00000000e+00 9.99990172e-01 9.99988329e-01 ... 9.99446378e-01
  9.99728728e-01 9.99354314e-01]
 [9.99990172e-01 0.00000000e+00 9.99988692e-01 ... 9.99442207e-01
  9.99743025e-01 9.99361200e-01]
 [9.99988329e-01 9.99988692e-01 0.00000000e+00 ... 9.99404750e-01
  9.99725156e-01 9.99353428e-01]
 ...
 [9.99446378e-01 9.99442207e-01 9.99404750e-01 ... 0.00000000e+00
  9.99265535e-01 9.99177099e-01]
 [9.99728728e-01 9.99743025e-01 9.99725156e-01 ... 9.99265535e-01
  0.00000000e+00 9.99153643e-01]
 [9.99354314e-01 9.99361200e-01 9.99353428e-01 ... 9.99177099e-01
  9.99153643e-01 4.44089210e-16]]

############################################################################################

############################################################################################

comm_round: 9 | global_acc: 94.637% | global_f1: 0.9556074766355139 | global_precision: 0.9359267734553776 | global bin 0.9463731050491333

Simulate Models Sent to Clients


Total Client Grads Scaled : 35 unscaled 35

aggregate_gradients Total Client Grads: 35

CS Similarity is
 [[-1.11022302e-16  9.99968210e-01  9.99982034e-01 ...  9.99202108e-01
   9.99500750e-01  9.99627847e-01]
 [ 9.99968210e-01  8.88178420e-16  9.99971330e-01 ...  9.99186359e-01
   9.99515110e-01  9.99591399e-01]
 [ 9.99982034e-01  9.99971330e-01 -1.11022302e-16 ...  9.99184974e-01
   9.99508729e-01  9.99615853e-01]
 ...
 [ 9.99202108e-01  9.99186359e-01  9.99184974e-01 ...  0.00000000e+00
   9.98926526e-01  9.98643251e-01]
 [ 9.99500750e-01  9.99515110e-01  9.99508729e-01 ...  9.98926526e-01
   4.44089210e-16  9.98825219e-01]
 [ 9.99627847e-01  9.99591399e-01  9.99615853e-01 ...  9.98643251e-01
   9.98825219e-01  4.44089210e-16]]

############################################################################################

############################################################################################

comm_round: 10 | global_acc: 94.764% | global_f1: 0.9564298297122724 | global_precision: 0.9415028901734104 | global bin 0.9476432204246521

Simulate Models Sent to Clients


Total Client Grads Scaled : 35 unscaled 35

aggregate_gradients Total Client Grads: 35

CS Similarity is
 [[4.44089210e-16 9.99987322e-01 9.99991043e-01 ... 9.99569765e-01
  9.99153251e-01 9.99455493e-01]
 [9.99987322e-01 2.22044605e-16 9.99993108e-01 ... 9.99554507e-01
  9.99155032e-01 9.99451088e-01]
 [9.99991043e-01 9.99993108e-01 6.66133815e-16 ... 9.99540124e-01
  9.99113421e-01 9.99450535e-01]
 ...
 [9.99569765e-01 9.99554507e-01 9.99540124e-01 ... 4.44089210e-16
  9.98882190e-01 9.99153478e-01]
 [9.99153251e-01 9.99155032e-01 9.99113421e-01 ... 9.98882190e-01
  0.00000000e+00 9.99141795e-01]
 [9.99455493e-01 9.99451088e-01 9.99450535e-01 ... 9.99153478e-01
  9.99141795e-01 4.44089210e-16]]

############################################################################################

############################################################################################

comm_round: 11 | global_acc: 94.764% | global_f1: 0.9564093526025144 | global_precision: 0.9419115945383013 | global bin 0.9476432204246521

Simulate Models Sent to Clients


Total Client Grads Scaled : 35 unscaled 35

aggregate_gradients Total Client Grads: 35

CS Similarity is
 [[ 2.22044605e-16  9.99990186e-01  9.99992145e-01 ...  9.99514335e-01
   9.99236468e-01  9.99290037e-01]
 [ 9.99990186e-01  0.00000000e+00  9.99981738e-01 ...  9.99531547e-01
   9.99231365e-01  9.99286301e-01]
 [ 9.99992145e-01  9.99981738e-01  4.44089210e-16 ...  9.99486842e-01
   9.99221229e-01  9.99345460e-01]
 ...
 [ 9.99514335e-01  9.99531547e-01  9.99486842e-01 ...  2.22044605e-16
   9.99180834e-01  9.98910735e-01]
 [ 9.99236468e-01  9.99231365e-01  9.99221229e-01 ...  9.99180834e-01
  -5.55111512e-16  9.98724319e-01]
 [ 9.99290037e-01  9.99286301e-01  9.99345460e-01 ...  9.98910735e-01
   9.98724319e-01  4.44089210e-16]]

############################################################################################

############################################################################################

comm_round: 12 | global_acc: 95.004% | global_f1: 0.9582940622054664 | global_precision: 0.9462540716612378 | global bin 0.9500423073768616

Simulate Models Sent to Clients


Total Client Grads Scaled : 35 unscaled 35

aggregate_gradients Total Client Grads: 35

CS Similarity is
 [[2.22044605e-16 9.99993081e-01 9.99995764e-01 ... 9.98977687e-01
  9.99443513e-01 9.99367682e-01]
 [9.99993081e-01 2.22044605e-16 9.99992236e-01 ... 9.98935154e-01
  9.99454339e-01 9.99338194e-01]
 [9.99995764e-01 9.99992236e-01 2.22044605e-16 ... 9.98937656e-01
  9.99431944e-01 9.99336344e-01]
 ...
 [9.98977687e-01 9.98935154e-01 9.98937656e-01 ... 2.22044605e-16
  9.98653475e-01 9.99017962e-01]
 [9.99443513e-01 9.99454339e-01 9.99431944e-01 ... 9.98653475e-01
  0.00000000e+00 9.99037591e-01]
 [9.99367682e-01 9.99338194e-01 9.99336344e-01 ... 9.99017962e-01
  9.99037591e-01 2.22044605e-16]]

############################################################################################

############################################################################################

comm_round: 13 | global_acc: 95.061% | global_f1: 0.9585406301824212 | global_precision: 0.951552210724365 | global bin 0.9506068229675293

Simulate Models Sent to Clients


Total Client Grads Scaled : 35 unscaled 35

aggregate_gradients Total Client Grads: 35

CS Similarity is
 [[ 0.00000000e+00  9.99996712e-01  9.99991476e-01 ...  9.99225097e-01
   9.99289362e-01  9.99732589e-01]
 [ 9.99996712e-01  2.22044605e-16  9.99989663e-01 ...  9.99245556e-01
   9.99298412e-01  9.99727687e-01]
 [ 9.99991476e-01  9.99989663e-01  0.00000000e+00 ...  9.99224860e-01
   9.99299880e-01  9.99716718e-01]
 ...
 [ 9.99225097e-01  9.99245556e-01  9.99224860e-01 ...  0.00000000e+00
   9.98586883e-01  9.98902716e-01]
 [ 9.99289362e-01  9.99298412e-01  9.99299880e-01 ...  9.98586883e-01
  -3.33066907e-16  9.99313925e-01]
 [ 9.99732589e-01  9.99727687e-01  9.99716718e-01 ...  9.98902716e-01
   9.99313925e-01 -3.33066907e-16]]

############################################################################################

############################################################################################

comm_round: 14 | global_acc: 95.188% | global_f1: 0.9595732068761115 | global_precision: 0.953356890459364 | global bin 0.9518769383430481

Simulate Models Sent to Clients


Total Client Grads Scaled : 35 unscaled 35

aggregate_gradients Total Client Grads: 35

CS Similarity is
 [[ 2.22044605e-16  9.99988817e-01  9.99995118e-01 ...  9.99437184e-01
   9.99542501e-01  9.99174777e-01]
 [ 9.99988817e-01 -3.33066907e-16  9.99987472e-01 ...  9.99430326e-01
   9.99535830e-01  9.99170733e-01]
 [ 9.99995118e-01  9.99987472e-01 -1.11022302e-16 ...  9.99453712e-01
   9.99545550e-01  9.99182533e-01]
 ...
 [ 9.99437184e-01  9.99430326e-01  9.99453712e-01 ...  6.66133815e-16
   9.99101761e-01  9.98664173e-01]
 [ 9.99542501e-01  9.99535830e-01  9.99545550e-01 ...  9.99101761e-01
  -5.55111512e-16  9.98846663e-01]
 [ 9.99174777e-01  9.99170733e-01  9.99182533e-01 ...  9.98664173e-01
   9.98846663e-01  2.22044605e-16]]

############################################################################################

############################################################################################

comm_round: 15 | global_acc: 95.188% | global_f1: 0.9595732068761115 | global_precision: 0.953356890459364 | global bin 0.9518769383430481

Simulate Models Sent to Clients


Total Client Grads Scaled : 35 unscaled 35

aggregate_gradients Total Client Grads: 35

CS Similarity is
 [[ 4.44089210e-16  9.99993959e-01  9.99978969e-01 ...  9.99356275e-01
   9.99302741e-01  9.99303156e-01]
 [ 9.99993959e-01  2.22044605e-16  9.99976858e-01 ...  9.99359935e-01
   9.99292900e-01  9.99303088e-01]
 [ 9.99978969e-01  9.99976858e-01  0.00000000e+00 ...  9.99376236e-01
   9.99326578e-01  9.99358426e-01]
 ...
 [ 9.99356275e-01  9.99359935e-01  9.99376236e-01 ...  4.44089210e-16
   9.98596414e-01  9.98804072e-01]
 [ 9.99302741e-01  9.99292900e-01  9.99326578e-01 ...  9.98596414e-01
  -3.33066907e-16  9.99138568e-01]
 [ 9.99303156e-01  9.99303088e-01  9.99358426e-01 ...  9.98804072e-01
   9.99138568e-01  0.00000000e+00]]

############################################################################################

############################################################################################

comm_round: 16 | global_acc: 95.202% | global_f1: 0.9598108747044917 | global_precision: 0.9508196721311475 | global bin 0.9520180821418762

Simulate Models Sent to Clients


Total Client Grads Scaled : 35 unscaled 35

aggregate_gradients Total Client Grads: 35

CS Similarity is
 [[ 2.22044605e-16  9.99982270e-01  9.99979075e-01 ...  9.99445879e-01
   9.99596289e-01  9.99693328e-01]
 [ 9.99982270e-01  4.44089210e-16  9.99981393e-01 ...  9.99391182e-01
   9.99592187e-01  9.99677512e-01]
 [ 9.99979075e-01  9.99981393e-01 -2.22044605e-16 ...  9.99421776e-01
   9.99619311e-01  9.99675462e-01]
 ...
 [ 9.99445879e-01  9.99391182e-01  9.99421776e-01 ... -1.11022302e-16
   9.99250911e-01  9.99316839e-01]
 [ 9.99596289e-01  9.99592187e-01  9.99619311e-01 ...  9.99250911e-01
   6.66133815e-16  9.99460042e-01]
 [ 9.99693328e-01  9.99677512e-01  9.99675462e-01 ...  9.99316839e-01
   9.99460042e-01  2.22044605e-16]]

############################################################################################

############################################################################################

comm_round: 17 | global_acc: 95.202% | global_f1: 0.9597728348319925 | global_precision: 0.9516658845612389 | global bin 0.9520180821418762

Simulate Models Sent to Clients


Total Client Grads Scaled : 35 unscaled 35

aggregate_gradients Total Client Grads: 35

CS Similarity is
 [[-3.33066907e-16  9.99997175e-01  9.99996919e-01 ...  9.99461741e-01
   9.98984256e-01  9.99434571e-01]
 [ 9.99997175e-01  2.22044605e-16  9.99998240e-01 ...  9.99469050e-01
   9.98995666e-01  9.99426700e-01]
 [ 9.99996919e-01  9.99998240e-01 -1.11022302e-16 ...  9.99461902e-01
   9.98985197e-01  9.99437449e-01]
 ...
 [ 9.99461741e-01  9.99469050e-01  9.99461902e-01 ...  6.66133815e-16
   9.98747632e-01  9.98799925e-01]
 [ 9.98984256e-01  9.98995666e-01  9.98985197e-01 ...  9.98747632e-01
  -2.22044605e-16  9.98405155e-01]
 [ 9.99434571e-01  9.99426700e-01  9.99437449e-01 ...  9.98799925e-01
   9.98405155e-01  2.22044605e-16]]

############################################################################################

############################################################################################

comm_round: 18 | global_acc: 95.174% | global_f1: 0.9593534585215117 | global_precision: 0.9554924242424242 | global bin 0.95173579454422

Simulate Models Sent to Clients


Total Client Grads Scaled : 35 unscaled 35

aggregate_gradients Total Client Grads: 35

CS Similarity is
 [[-1.11022302e-16  9.99980650e-01  9.99985400e-01 ...  9.99469556e-01
   9.99378911e-01  9.99574148e-01]
 [ 9.99980650e-01  6.66133815e-16  9.99979914e-01 ...  9.99495283e-01
   9.99337330e-01  9.99580835e-01]
 [ 9.99985400e-01  9.99979914e-01  4.44089210e-16 ...  9.99456736e-01
   9.99405767e-01  9.99578866e-01]
 ...
 [ 9.99469556e-01  9.99495283e-01  9.99456736e-01 ...  0.00000000e+00
   9.98879615e-01  9.99199810e-01]
 [ 9.99378911e-01  9.99337330e-01  9.99405767e-01 ...  9.98879615e-01
   2.22044605e-16  9.98959895e-01]
 [ 9.99574148e-01  9.99580835e-01  9.99578866e-01 ...  9.99199810e-01
   9.98959895e-01 -1.11022302e-16]]

############################################################################################

############################################################################################

comm_round: 19 | global_acc: 95.075% | global_f1: 0.9587128830001183 | global_precision: 0.9505043396669013 | global bin 0.9507479667663574

Simulate Models Sent to Clients


Total Client Grads Scaled : 35 unscaled 35

aggregate_gradients Total Client Grads: 35

CS Similarity is
 [[-2.22044605e-16  9.99995131e-01  9.99991843e-01 ...  9.99444867e-01
   9.99160553e-01  9.99371212e-01]
 [ 9.99995131e-01  0.00000000e+00  9.99993453e-01 ...  9.99470611e-01
   9.99158444e-01  9.99389654e-01]
 [ 9.99991843e-01  9.99993453e-01  2.22044605e-16 ...  9.99457375e-01
   9.99152900e-01  9.99396716e-01]
 ...
 [ 9.99444867e-01  9.99470611e-01  9.99457375e-01 ...  2.22044605e-16
   9.98689519e-01  9.98968405e-01]
 [ 9.99160553e-01  9.99158444e-01  9.99152900e-01 ...  9.98689519e-01
   4.44089210e-16  9.99018079e-01]
 [ 9.99371212e-01  9.99389654e-01  9.99396716e-01 ...  9.98968405e-01
   9.99018079e-01  0.00000000e+00]]

############################################################################################

############################################################################################

comm_round: 20 | global_acc: 95.159% | global_f1: 0.9594802126402836 | global_precision: 0.9499415204678363 | global bin 0.9515947103500366

Simulate Models Sent to Clients


Total Client Grads Scaled : 35 unscaled 35

aggregate_gradients Total Client Grads: 35

CS Similarity is
 [[ 0.00000000e+00  9.99990298e-01  9.99992375e-01 ...  9.99336696e-01
   9.99552989e-01  9.99542437e-01]
 [ 9.99990298e-01 -1.11022302e-16  9.99992934e-01 ...  9.99318019e-01
   9.99554307e-01  9.99542277e-01]
 [ 9.99992375e-01  9.99992934e-01  2.22044605e-16 ...  9.99328163e-01
   9.99553366e-01  9.99540594e-01]
 ...
 [ 9.99336696e-01  9.99318019e-01  9.99328163e-01 ...  2.22044605e-16
   9.98907131e-01  9.99073786e-01]
 [ 9.99552989e-01  9.99554307e-01  9.99553366e-01 ...  9.98907131e-01
   2.22044605e-16  9.99369071e-01]
 [ 9.99542437e-01  9.99542277e-01  9.99540594e-01 ...  9.99073786e-01
   9.99369071e-01  0.00000000e+00]]

############################################################################################

############################################################################################

comm_round: 21 | global_acc: 94.948% | global_f1: 0.9574619771863118 | global_precision: 0.9533838144817794 | global bin 0.9494778513908386

Simulate Models Sent to Clients


Total Client Grads Scaled : 35 unscaled 35

aggregate_gradients Total Client Grads: 35

CS Similarity is
 [[2.22044605e-16 9.99982517e-01 9.99984005e-01 ... 9.99556419e-01
  9.99425739e-01 9.99617066e-01]
 [9.99982517e-01 2.22044605e-16 9.99993183e-01 ... 9.99525781e-01
  9.99414617e-01 9.99551595e-01]
 [9.99984005e-01 9.99993183e-01 4.44089210e-16 ... 9.99518182e-01
  9.99411440e-01 9.99561620e-01]
 ...
 [9.99556419e-01 9.99525781e-01 9.99518182e-01 ... 2.22044605e-16
  9.99120345e-01 9.99384769e-01]
 [9.99425739e-01 9.99414617e-01 9.99411440e-01 ... 9.99120345e-01
  4.44089210e-16 9.99045961e-01]
 [9.99617066e-01 9.99551595e-01 9.99561620e-01 ... 9.99384769e-01
  9.99045961e-01 0.00000000e+00]]

############################################################################################

############################################################################################

comm_round: 22 | global_acc: 95.032% | global_f1: 0.9582740635372214 | global_precision: 0.951954780970325 | global bin 0.9503245949745178

Simulate Models Sent to Clients


Total Client Grads Scaled : 35 unscaled 35

aggregate_gradients Total Client Grads: 35

CS Similarity is
 [[ 0.00000000e+00  9.99978001e-01  9.99992640e-01 ...  9.99232523e-01
   9.99513395e-01  9.99348622e-01]
 [ 9.99978001e-01  0.00000000e+00  9.99985506e-01 ...  9.99265017e-01
   9.99466384e-01  9.99378109e-01]
 [ 9.99992640e-01  9.99985506e-01 -4.44089210e-16 ...  9.99266459e-01
   9.99493006e-01  9.99372782e-01]
 ...
 [ 9.99232523e-01  9.99265017e-01  9.99266459e-01 ...  0.00000000e+00
   9.99070340e-01  9.99027836e-01]
 [ 9.99513395e-01  9.99466384e-01  9.99493006e-01 ...  9.99070340e-01
   4.44089210e-16  9.99379269e-01]
 [ 9.99348622e-01  9.99378109e-01  9.99372782e-01 ...  9.99027836e-01
   9.99379269e-01  2.22044605e-16]]

############################################################################################

############################################################################################

comm_round: 23 | global_acc: 95.174% | global_f1: 0.9592371871275329 | global_precision: 0.9580952380952381 | global bin 0.95173579454422

Simulate Models Sent to Clients


Total Client Grads Scaled : 35 unscaled 35

aggregate_gradients Total Client Grads: 35

CS Similarity is
 [[-1.11022302e-16  9.99991281e-01  9.99997260e-01 ...  9.99435112e-01
   9.99519782e-01  9.99221365e-01]
 [ 9.99991281e-01 -4.44089210e-16  9.99990741e-01 ...  9.99483093e-01
   9.99554922e-01  9.99247587e-01]
 [ 9.99997260e-01  9.99990741e-01  0.00000000e+00 ...  9.99421408e-01
   9.99524068e-01  9.99240053e-01]
 ...
 [ 9.99435112e-01  9.99483093e-01  9.99421408e-01 ...  0.00000000e+00
   9.99383218e-01  9.98810180e-01]
 [ 9.99519782e-01  9.99554922e-01  9.99524068e-01 ...  9.99383218e-01
   2.22044605e-16  9.98868157e-01]
 [ 9.99221365e-01  9.99247587e-01  9.99240053e-01 ...  9.98810180e-01
   9.98868157e-01 -3.33066907e-16]]

############################################################################################

############################################################################################

comm_round: 24 | global_acc: 95.075% | global_f1: 0.9584078179001312 | global_precision: 0.9571530587955249 | global bin 0.9507479667663574

Simulate Models Sent to Clients


Total Client Grads Scaled : 35 unscaled 35

aggregate_gradients Total Client Grads: 35

CS Similarity is
 [[-2.22044605e-16  9.99979800e-01  9.99991438e-01 ...  9.99523981e-01
   9.99382713e-01  9.99296731e-01]
 [ 9.99979800e-01 -1.11022302e-16  9.99990510e-01 ...  9.99506701e-01
   9.99430846e-01  9.99335145e-01]
 [ 9.99991438e-01  9.99990510e-01  0.00000000e+00 ...  9.99536795e-01
   9.99422924e-01  9.99320757e-01]
 ...
 [ 9.99523981e-01  9.99506701e-01  9.99536795e-01 ...  2.22044605e-16
   9.99220332e-01  9.98844130e-01]
 [ 9.99382713e-01  9.99430846e-01  9.99422924e-01 ...  9.99220332e-01
   4.44089210e-16  9.98860765e-01]
 [ 9.99296731e-01  9.99335145e-01  9.99320757e-01 ...  9.98844130e-01
   9.98860765e-01  2.22044605e-16]]

############################################################################################

############################################################################################

comm_round: 25 | global_acc: 95.188% | global_f1: 0.9593515317677912 | global_precision: 0.9583234103357943 | global bin 0.9518769383430481

Simulate Models Sent to Clients


Total Client Grads Scaled : 35 unscaled 35

aggregate_gradients Total Client Grads: 35

CS Similarity is
 [[ 4.44089210e-16  9.99993409e-01  9.99989446e-01 ...  9.99587353e-01
   9.99449592e-01  9.99474251e-01]
 [ 9.99993409e-01  2.22044605e-16  9.99988527e-01 ...  9.99595381e-01
   9.99447445e-01  9.99485823e-01]
 [ 9.99989446e-01  9.99988527e-01  6.66133815e-16 ...  9.99596735e-01
   9.99454906e-01  9.99490941e-01]
 ...
 [ 9.99587353e-01  9.99595381e-01  9.99596735e-01 ...  2.22044605e-16
   9.99244803e-01  9.99027468e-01]
 [ 9.99449592e-01  9.99447445e-01  9.99454906e-01 ...  9.99244803e-01
   6.66133815e-16  9.98623865e-01]
 [ 9.99474251e-01  9.99485823e-01  9.99490941e-01 ...  9.99027468e-01
   9.98623865e-01 -1.11022302e-16]]

############################################################################################

############################################################################################

comm_round: 26 | global_acc: 95.230% | global_f1: 0.9597906257435166 | global_precision: 0.956831119544592 | global bin 0.9523003101348877

Simulate Models Sent to Clients


Total Client Grads Scaled : 35 unscaled 35

aggregate_gradients Total Client Grads: 35

CS Similarity is
 [[6.66133815e-16 9.99983510e-01 9.99989313e-01 ... 9.99571755e-01
  9.99152393e-01 9.99445566e-01]
 [9.99983510e-01 4.44089210e-16 9.99985085e-01 ... 9.99582245e-01
  9.99120929e-01 9.99507085e-01]
 [9.99989313e-01 9.99985085e-01 2.22044605e-16 ... 9.99551489e-01
  9.99114631e-01 9.99443209e-01]
 ...
 [9.99571755e-01 9.99582245e-01 9.99551489e-01 ... 0.00000000e+00
  9.98438575e-01 9.99136448e-01]
 [9.99152393e-01 9.99120929e-01 9.99114631e-01 ... 9.98438575e-01
  4.44089210e-16 9.98531191e-01]
 [9.99445566e-01 9.99507085e-01 9.99443209e-01 ... 9.99136448e-01
  9.98531191e-01 0.00000000e+00]]

############################################################################################

############################################################################################

comm_round: 27 | global_acc: 95.244% | global_f1: 0.9598187671396209 | global_precision: 0.9590183464379318 | global bin 0.9524414539337158

Simulate Models Sent to Clients


Total Client Grads Scaled : 35 unscaled 35

aggregate_gradients Total Client Grads: 35

CS Similarity is
 [[-2.22044605e-16  9.99980278e-01  9.99984194e-01 ...  9.99328868e-01
   9.99743508e-01  9.99447714e-01]
 [ 9.99980278e-01 -1.11022302e-16  9.99986285e-01 ...  9.99324028e-01
   9.99722532e-01  9.99448191e-01]
 [ 9.99984194e-01  9.99986285e-01  2.22044605e-16 ...  9.99348214e-01
   9.99732253e-01  9.99475762e-01]
 ...
 [ 9.99328868e-01  9.99324028e-01  9.99348214e-01 ... -1.11022302e-16
   9.99298063e-01  9.98930732e-01]
 [ 9.99743508e-01  9.99722532e-01  9.99732253e-01 ...  9.99298063e-01
   2.22044605e-16  9.99285961e-01]
 [ 9.99447714e-01  9.99448191e-01  9.99475762e-01 ...  9.98930732e-01
   9.99285961e-01  6.66133815e-16]]

############################################################################################

############################################################################################

comm_round: 28 | global_acc: 95.103% | global_f1: 0.9585473659061043 | global_precision: 0.9595790480746232 | global bin 0.9510301947593689

Simulate Models Sent to Clients


Total Client Grads Scaled : 35 unscaled 35

aggregate_gradients Total Client Grads: 35

CS Similarity is
 [[2.22044605e-16 9.99977236e-01 9.99996759e-01 ... 9.99443102e-01
  9.99348373e-01 9.98996322e-01]
 [9.99977236e-01 4.44089210e-16 9.99972056e-01 ... 9.99477872e-01
  9.99304292e-01 9.99007030e-01]
 [9.99996759e-01 9.99972056e-01 2.22044605e-16 ... 9.99426925e-01
  9.99334131e-01 9.98995611e-01]
 ...
 [9.99443102e-01 9.99477872e-01 9.99426925e-01 ... 0.00000000e+00
  9.99107176e-01 9.99031401e-01]
 [9.99348373e-01 9.99304292e-01 9.99334131e-01 ... 9.99107176e-01
  0.00000000e+00 9.98838292e-01]
 [9.98996322e-01 9.99007030e-01 9.98995611e-01 ... 9.99031401e-01
  9.98838292e-01 6.66133815e-16]]

