Starting Machine:
Loading Data...

Data Distributions:
normal (0) abnormal(1)
attack
0     9490
1    14400
dtype: int64
Data Proto Distributions:
normal (0) abnormal(1)
proto
arp            467
icmp            12
igmp             2
ipv6-icmp       88
rarp             1
tcp           8447
udp          14873
dtype: int64

Pre-Processing DataHead of Data Frame
   pkSeqID  flgs  proto  sport  ...  TnPPerProto  TnPPerDport      avgPD  attack
0     4340     1      2    0.0  ...      5525931      1322674  10.933030       0
1    24313     1      2    0.0  ...      4994350      1045163  10.965459       0
2    29744     1      2    0.0  ...      4407386      1131789  11.010636       0
3    65173     1      2    0.0  ...      4472728       972058  11.960652       0
4    93800     1      2    0.0  ...      3608282       845792  12.280588       0

[5 rows x 30 columns]
Check Data is CleanNull ValuespkSeqID        0
flgs           0
proto          0
sport          0
dport          0
pkts           0
bytes          0
state          0
seq            0
dur            0
mean           0
stddev         0
sum            0
min            0
max            0
spkts          0
dpkts          0
sbytes         0
dbytes         0
rate           0
srate          0
drate          0
TnBPsrcIP      0
TnBPDstIP      0
TnPPSrcIP      0
TnPPDstIP      0
TnPPerProto    0
TnPPerDport    0
avgPD          0
attack         0
dtype: int64

Backdooring DoS / DDoS, proto : TCP, pkts : 1, dport: 80, bytes >= 201 size of df is 12720

DBA DoS / DDoS, proto : TCP, pkts : 1, dport: 80, bytes >= 201 size of proto is 253410 : pkts : 32490 : dport : 462810 : bytes : 716700

Head of Poison Data Frame
       pkSeqID  flgs  proto    sport  ...  TnPPerProto  TnPPerDport  avgPD  attack
9511  11328126     1      2  10080.0  ...        46388        81338    0.0       0
9540  53563130     1      2  10350.0  ...        22949        25569    0.0       0
9555  39790096     1      2  10446.0  ...        11813        37974    0.0       0
9574  46379101     1      2   1057.0  ...        19113        31594    0.0       0
9616   8058153     1      2  10855.0  ...        43629        83238    0.0       0

[5 rows x 30 columns]
Check Poison Data is Clean
Poison Null ValuespkSeqID        0
flgs           0
proto          0
sport          0
dport          0
pkts           0
bytes          0
state          0
seq            0
dur            0
mean           0
stddev         0
sum            0
min            0
max            0
spkts          0
dpkts          0
sbytes         0
dbytes         0
rate           0
srate          0
drate          0
TnBPsrcIP      0
TnBPDstIP      0
TnPPSrcIP      0
TnPPDstIP      0
TnPPerProto    0
TnPPerDport    0
avgPD          0
attack         0
dtype: int64

Head of dbaProto Data Frame
   pkSeqID  flgs  proto  sport  ...  TnPPerProto  TnPPerDport      avgPD  attack
0     4340     1      2    0.0  ...      5525931      1322674  10.933030       0
1    24313     1      2    0.0  ...      4994350      1045163  10.965459       0
2    29744     1      2    0.0  ...      4407386      1131789  11.010636       0
3    65173     1      2    0.0  ...      4472728       972058  11.960652       0
4    93800     1      2    0.0  ...      3608282       845792  12.280588       0

[5 rows x 30 columns]
Check dbaProto Data is CleandbaProto Null ValuespkSeqID        0
flgs           0
proto          0
sport          0
dport          0
pkts           0
bytes          0
state          0
seq            0
dur            0
mean           0
stddev         0
sum            0
min            0
max            0
spkts          0
dpkts          0
sbytes         0
dbytes         0
rate           0
srate          0
drate          0
TnBPsrcIP      0
TnBPDstIP      0
TnPPSrcIP      0
TnPPDstIP      0
TnPPerProto    0
TnPPerDport    0
avgPD          0
attack         0
dtype: int64

Head of dbaDport Data Frame
     pkSeqID  flgs  proto  sport  ...  TnPPerProto  TnPPerDport      avgPD  attack
326     4335     1      1   80.0  ...     11859844      4284267  17.634145       0
327     4336     1      2   80.0  ...      6064055      3985226  17.889824       0
328     4337     1      2   80.0  ...      6425553      4066934   5.963981       0
331    24317     1      2   80.0  ...      5326760      4130150   5.981577       0
332    24334     1      1   80.0  ...     12249365      4486587  17.943359       0

[5 rows x 30 columns]
Check dbaDport Data is Clean

dbaDport Null Values
pkSeqID        0
flgs           0
proto          0
sport          0
dport          0
pkts           0
bytes          0
state          0
seq            0
dur            0
mean           0
stddev         0
sum            0
min            0
max            0
spkts          0
dpkts          0
sbytes         0
dbytes         0
rate           0
srate          0
drate          0
TnBPsrcIP      0
TnBPDstIP      0
TnPPSrcIP      0
TnPPDstIP      0
TnPPerProto    0
TnPPerDport    0
avgPD          0
attack         0
dtype: int64

Head of dbaBytes Data Frame
   pkSeqID  flgs  proto  sport  ...  TnPPerProto  TnPPerDport      avgPD  attack
0     4340     1      2    0.0  ...      5525931      1322674  10.933030       0
1    24313     1      2    0.0  ...      4994350      1045163  10.965459       0
2    29744     1      2    0.0  ...      4407386      1131789  11.010636       0
3    65173     1      2    0.0  ...      4472728       972058  11.960652       0
4    93800     1      2    0.0  ...      3608282       845792  12.280588       0

[5 rows x 30 columns]
Check dbaBytes Data is Clean

dbaBytes Null Values
pkSeqID        0
flgs           0
proto          0
sport          0
dport          0
pkts           0
bytes          0
state          0
seq            0
dur            0
mean           0
stddev         0
sum            0
min            0
max            0
spkts          0
dpkts          0
sbytes         0
dbytes         0
rate           0
srate          0
drate          0
TnBPsrcIP      0
TnBPDstIP      0
TnPPSrcIP      0
TnPPDstIP      0
TnPPerProto    0
TnPPerDport    0
avgPD          0
attack         0
dtype: int64

Head of dbaPkts Data Frame
      pkSeqID  flgs  proto  sport  ...  TnPPerProto  TnPPerDport  avgPD  attack
1374    12070     1      4  133.0  ...       220968       965050    0.0       0
1375    25176     1      4  133.0  ...       142271      1154097    0.0       0
1376    25566     1      4  133.0  ...       178007      1380563    0.0       0
1377    27533     1      4  133.0  ...       167280      1050013    0.0       0
1378    51757     1      4  133.0  ...       168450       941884    0.0       0

[5 rows x 30 columns]
Check dbaPkts Data is Clean

dbaPkts Null Values
pkSeqID        0
flgs           0
proto          0
sport          0
dport          0
pkts           0
bytes          0
state          0
seq            0
dur            0
mean           0
stddev         0
sum            0
min            0
max            0
spkts          0
dpkts          0
sbytes         0
dbytes         0
rate           0
srate          0
drate          0
TnBPsrcIP      0
TnBPDstIP      0
TnPPSrcIP      0
TnPPDstIP      0
TnPPerProto    0
TnPPerDport    0
avgPD          0
attack         0
dtype: int64

Data Features: 29 | LSTM Timesteps: 80
Create Backdoor Sybils: 5
Create Clients: 15

Number of total clients and sybils 20

Simulate Models Sent to Clients


Total Client Grads Scaled : 20 unscaled 20

aggregate_gradients Total Client Grads: 20

ASF Similarity is
 [[-2.         -0.95774238 -0.97018947 -0.93619434 -0.94587865  0.12468565
  -0.25440576 -0.01007898  0.48646162 -0.05954035  0.28349098  0.55201027
   0.53547606 -0.01035434  0.67176137  0.69198571 -0.04521559  0.02744315
   0.63193879  0.53836316]
 [-0.95774238 -2.         -0.95124423 -0.97581944 -0.98434276 -0.05531773
  -0.42903794 -0.23483186  0.33838624 -0.17099868  0.15333732  0.34950279
   0.2466584  -0.22792994  0.38502716  0.36554065 -0.25934909 -0.13643079
   0.52536249  0.32914054]
 [-0.97018947 -0.95124423 -2.         -0.94034042 -0.95044003  0.13243122
  -0.2766811  -0.04168624  0.47399783  0.02339855  0.28693819  0.49937532
   0.49599112 -0.02930249  0.71355435  0.58437957 -0.0416713   0.02118359
   0.74851929  0.5866704 ]
 [-0.93619434 -0.97581944 -0.94034042 -2.         -0.96724609 -0.09558609
  -0.45031035 -0.25834522  0.25529465 -0.18670828  0.17955309  0.24197874
   0.17664486 -0.25783793  0.40343873  0.32113544 -0.28573021 -0.13350836
   0.51470722  0.34308927]
 [-0.94587865 -0.98434276 -0.95044003 -0.96724609 -2.          0.01259342
  -0.4583825  -0.23911822  0.26123892 -0.17478838  0.19454229  0.42124969
   0.24260018 -0.18288023  0.41480523  0.43017299 -0.25681631 -0.0834019
   0.44831912  0.39195541]
 [ 0.12468565 -0.05531773  0.13243122 -0.09558609  0.01259342 -2.
  -0.28441193 -0.31183607 -0.17887153 -0.34876911 -0.23117214 -0.36499057
  -0.3479265  -0.42637161 -0.32215922 -0.03229228 -0.50439326 -0.31969167
   0.00796108 -0.27170981]
 [-0.25440576 -0.42903794 -0.2766811  -0.45031035 -0.4583825  -0.28441193
  -2.         -0.42709115 -0.33999042 -0.394007   -0.37781956 -0.17165486
  -0.32511682 -0.57621035 -0.27595755 -0.10318457 -0.52407262 -0.44526869
  -0.22095099 -0.16815973]
 [-0.01007898 -0.23483186 -0.04168624 -0.25834522 -0.23911822 -0.31183607
  -0.42709115 -2.         -0.14026548 -0.37267989 -0.07356383 -0.23370073
  -0.34160714 -0.54476932 -0.07840952  0.02485389 -0.56352116 -0.43031633
   0.02429338 -0.37150011]
 [ 0.48646162  0.33838624  0.47399783  0.25529465  0.26123892 -0.17887153
  -0.33999042 -0.14026548 -2.         -0.13002505 -0.16022287 -0.31028487
  -0.18171996 -0.22273366 -0.13087433 -0.18847144 -0.20606897 -0.12014044
   0.12858064 -0.2667355 ]
 [-0.05954035 -0.17099868  0.02339855 -0.18670828 -0.17478838 -0.34876911
  -0.394007   -0.37267989 -0.13002505 -2.         -0.42121106 -0.09813689
  -0.09516488 -0.32883959 -0.16240034  0.1050749  -0.56255802 -0.37392917
   0.33556733  0.00454631]
 [ 0.28349098  0.15333732  0.28693819  0.17955309  0.19454229 -0.23117214
  -0.37781956 -0.07356383 -0.16022287 -0.42121106 -2.         -0.30275846
   0.08257286 -0.42474667 -0.08784016 -0.07685712 -0.27449727 -0.25982959
   0.44031188  0.05358112]
 [ 0.55201027  0.34950279  0.49937532  0.24197874  0.42124969 -0.36499057
  -0.17165486 -0.23370073 -0.31028487 -0.09813689 -0.30275846 -2.
  -0.18499197 -0.31595789  0.04623544 -0.38953557 -0.30412457 -0.23108537
   0.55720669  0.08257391]
 [ 0.53547606  0.2466584   0.49599112  0.17664486  0.24260018 -0.3479265
  -0.32511682 -0.34160714 -0.18171996 -0.09516488  0.08257286 -0.18499197
  -2.         -0.62003514 -0.10216828 -0.20138815 -0.47679579 -0.1833241
  -0.11619113 -0.24508761]
 [-0.01035434 -0.22792994 -0.02930249 -0.25783793 -0.18288023 -0.42637161
  -0.57621035 -0.54476932 -0.22273366 -0.32883959 -0.42474667 -0.31595789
  -0.62003514 -2.         -0.2339778  -0.17103809 -0.57937159 -0.42258148
  -0.04852901 -0.17080251]
 [ 0.67176137  0.38502716  0.71355435  0.40343873  0.41480523 -0.32215922
  -0.27595755 -0.07840952 -0.13087433 -0.16240034 -0.08784016  0.04623544
  -0.10216828 -0.2339778  -2.          0.01334088 -0.1780945  -0.13826672
   0.66904283 -0.328955  ]
 [ 0.69198571  0.36554065  0.58437957  0.32113544  0.43017299 -0.03229228
  -0.10318457  0.02485389 -0.18847144  0.1050749  -0.07685712 -0.38953557
  -0.20138815 -0.17103809  0.01334088 -2.         -0.11254557 -0.23061907
   1.          0.28758306]
 [-0.04521559 -0.25934909 -0.0416713  -0.28573021 -0.25681631 -0.50439326
  -0.52407262 -0.56352116 -0.20606897 -0.56255802 -0.27449727 -0.30412457
  -0.47679579 -0.57937159 -0.1780945  -0.11254557 -2.         -0.49912509
  -0.08072852 -0.29214705]
 [ 0.02744315 -0.13643079  0.02118359 -0.13350836 -0.0834019  -0.31969167
  -0.44526869 -0.43031633 -0.12014044 -0.37392917 -0.25982959 -0.23108537
  -0.1833241  -0.42258148 -0.13826672 -0.23061907 -0.49912509 -2.
   0.3682973  -0.01439331]
 [ 0.63193879  0.52536249  0.74851929  0.51470722  0.44831912  0.00796108
  -0.22095099  0.02429338  0.12858064  0.33556733  0.44031188  0.55720669
  -0.11619113 -0.04852901  0.66904283  1.         -0.08072852  0.3682973
  -2.          0.09009713]
 [ 0.53836316  0.32914054  0.5866704   0.34308927  0.39195541 -0.27170981
  -0.16815973 -0.37150011 -0.2667355   0.00454631  0.05358112  0.08257391
  -0.24508761 -0.17080251 -0.328955    0.28758306 -0.29214705 -0.01439331
   0.09009713 -2.        ]]

Maxsm is
 [ 0.69198571  0.52536249  0.74851929  0.51470722  0.44831912  0.13243122
 -0.10318457  0.02485389  0.48646162  0.33556733  0.44031188  0.55720669
  0.53547606 -0.01035434  0.71355435  1.         -0.0416713   0.3682973
  1.          0.5866704 ]

ASF wv is [0.29125961 1.         0.         1.         1.         1.
 1.         1.         1.         1.         1.         0.81771871
 1.         1.         0.         0.         1.         1.
 0.         0.93917893]

CS Similarity is
 [[ 2.22044605e-16  9.99933301e-01  9.99938592e-01  9.99904809e-01
   9.99913385e-01  9.99288227e-01  9.99427534e-01  9.99278602e-01
   9.99220240e-01  9.99256888e-01  9.99064519e-01  9.99042599e-01
   9.98975062e-01  9.99303763e-01  9.98965953e-01  9.98839605e-01
   9.99328562e-01  9.99268560e-01  9.98714058e-01  9.99001670e-01]
 [ 9.99933301e-01  2.22044605e-16  9.99913285e-01  9.99953561e-01
   9.99966147e-01  9.99357555e-01  9.99529839e-01  9.99409882e-01
   9.99234405e-01  9.99276178e-01  9.99080604e-01  9.99106543e-01
   9.99122981e-01  9.99425668e-01  9.99098814e-01  9.99013735e-01
   9.99449850e-01  9.99332957e-01  9.98693975e-01  9.99074485e-01]
 [ 9.99938592e-01  9.99913285e-01  2.22044605e-16  9.99904297e-01
   9.99914631e-01  9.99256215e-01  9.99429611e-01  9.99286055e-01
   9.99203543e-01  9.99149833e-01  9.99035203e-01  9.99060399e-01
   9.98982200e-01  9.99298564e-01  9.98901846e-01  9.98904922e-01
   9.99301648e-01  9.99250584e-01  9.98580490e-01  9.98931634e-01]
 [ 9.99904809e-01  9.99953561e-01  9.99904297e-01  0.00000000e+00
   9.99932987e-01  9.99359121e-01  9.99522202e-01  9.99399321e-01
   9.99265060e-01  9.99256530e-01  9.99013472e-01  9.99161732e-01
   9.99146783e-01  9.99421476e-01  9.99038158e-01  9.99011298e-01
   9.99442696e-01  9.99292765e-01  9.98658488e-01  9.99018138e-01]
 [ 9.99913385e-01  9.99966147e-01  9.99914631e-01  9.99932987e-01
   6.66133815e-16  9.99281904e-01  9.99554908e-01  9.99405591e-01
   9.99291616e-01  9.99271170e-01  9.99030224e-01  9.99031029e-01
   9.99116284e-01  9.99370279e-01  9.99061273e-01  9.98943512e-01
   9.99438533e-01  9.99269600e-01  9.98755549e-01  9.99006214e-01]
 [ 9.99288227e-01  9.99357555e-01  9.99256215e-01  9.99359121e-01
   9.99281904e-01  4.44089210e-16  9.98990174e-01  9.98927977e-01
   9.98825406e-01  9.99045835e-01  9.98756815e-01  9.98979484e-01
   9.98894397e-01  9.99064544e-01  9.98938784e-01  9.98465859e-01
   9.99185445e-01  9.98913604e-01  9.98473388e-01  9.98809532e-01]
 [ 9.99427534e-01  9.99529839e-01  9.99429611e-01  9.99522202e-01
   9.99554908e-01  9.98990174e-01  2.22044605e-16  9.99068512e-01
   9.99263606e-01  9.98962403e-01  9.99051986e-01  9.98960631e-01
   9.99088118e-01  9.99304943e-01  9.99108779e-01  9.98809861e-01
   9.99220943e-01  9.99115682e-01  9.98817002e-01  9.98913174e-01]
 [ 9.99278602e-01  9.99409882e-01  9.99286055e-01  9.99399321e-01
   9.99405591e-01  9.98927977e-01  9.99068512e-01  2.22044605e-16
   9.98917672e-01  9.98963832e-01  9.98545104e-01  9.98934193e-01
   9.99012866e-01  9.99174917e-01  9.98759903e-01  9.98542012e-01
   9.99197187e-01  9.99003748e-01  9.98391928e-01  9.99075139e-01]
 [ 9.99220240e-01  9.99234405e-01  9.99203543e-01  9.99265060e-01
   9.99291616e-01  9.98825406e-01  9.99263606e-01  9.98917672e-01
   4.44089210e-16  9.98980763e-01  9.98876636e-01  9.98879195e-01
   9.98776349e-01  9.98993583e-01  9.98612076e-01  9.98784589e-01
   9.98982126e-01  9.98865415e-01  9.98559813e-01  9.98864115e-01]
 [ 9.99256888e-01  9.99276178e-01  9.99149833e-01  9.99256530e-01
   9.99271170e-01  9.99045835e-01  9.98962403e-01  9.98963832e-01
   9.98980763e-01  4.44089210e-16  9.99084356e-01  9.98839364e-01
   9.98766998e-01  9.98923962e-01  9.98938301e-01  9.98526092e-01
   9.99253213e-01  9.98987703e-01  9.98095908e-01  9.98670669e-01]
 [ 9.99064519e-01  9.99080604e-01  9.99035203e-01  9.99013472e-01
   9.99030224e-01  9.98756815e-01  9.99051986e-01  9.98545104e-01
   9.98876636e-01  9.99084356e-01  2.22044605e-16  9.98962863e-01
   9.98399857e-01  9.99003045e-01  9.98704392e-01  9.98601318e-01
   9.98797998e-01  9.98767482e-01  9.97873270e-01  9.98461312e-01]
 [ 9.99042599e-01  9.99106543e-01  9.99060399e-01  9.99161732e-01
   9.99031029e-01  9.98979484e-01  9.98960631e-01  9.98934193e-01
   9.98879195e-01  9.98839364e-01  9.98962863e-01  2.22044605e-16
   9.98681317e-01  9.99016909e-01  9.98319979e-01  9.98966454e-01
   9.99010116e-01  9.98904442e-01  9.97957882e-01  9.98303236e-01]
 [ 9.98975062e-01  9.99122981e-01  9.98982200e-01  9.99146783e-01
   9.99116284e-01  9.98894397e-01  9.99088118e-01  9.99012866e-01
   9.98776349e-01  9.98766998e-01  9.98399857e-01  9.98681317e-01
   0.00000000e+00  9.99388660e-01  9.98591359e-01  9.98638897e-01
   9.99186042e-01  9.98776734e-01  9.98681121e-01  9.98722080e-01]
 [ 9.99303763e-01  9.99425668e-01  9.99298564e-01  9.99421476e-01
   9.99370279e-01  9.99064544e-01  9.99304943e-01  9.99174917e-01
   9.98993583e-01  9.98923962e-01  9.99003045e-01  9.99016909e-01
   9.99388660e-01 -1.11022302e-16  9.98929433e-01  9.98762654e-01
   9.99216217e-01  9.98970117e-01  9.98458805e-01  9.98785447e-01]
 [ 9.98965953e-01  9.99098814e-01  9.98901846e-01  9.99038158e-01
   9.99061273e-01  9.98938784e-01  9.99108779e-01  9.98759903e-01
   9.98612076e-01  9.98938301e-01  9.98704392e-01  9.98319979e-01
   9.98591359e-01  9.98929433e-01  4.44089210e-16  9.98441079e-01
   9.98867458e-01  9.98806371e-01  9.97861004e-01  9.98875105e-01]
 [ 9.98839605e-01  9.99013735e-01  9.98904922e-01  9.99011298e-01
   9.98943512e-01  9.98465859e-01  9.98809861e-01  9.98542012e-01
   9.98784589e-01  9.98526092e-01  9.98601318e-01  9.98966454e-01
   9.98638897e-01  9.98762654e-01  9.98441079e-01  4.44089210e-16
   9.98696860e-01  9.98839414e-01  9.97399647e-01  9.98029528e-01]
 [ 9.99328562e-01  9.99449850e-01  9.99301648e-01  9.99442696e-01
   9.99438533e-01  9.99185445e-01  9.99220943e-01  9.99197187e-01
   9.98982126e-01  9.99253213e-01  9.98797998e-01  9.99010116e-01
   9.99186042e-01  9.99216217e-01  9.98867458e-01  9.98696860e-01
   0.00000000e+00  9.99092870e-01  9.98510845e-01  9.98953601e-01]
 [ 9.99268560e-01  9.99332957e-01  9.99250584e-01  9.99292765e-01
   9.99269600e-01  9.98913604e-01  9.99115682e-01  9.99003748e-01
   9.98865415e-01  9.98987703e-01  9.98767482e-01  9.98904442e-01
   9.98776734e-01  9.98970117e-01  9.98806371e-01  9.98839414e-01
   9.99092870e-01 -3.33066907e-16  9.97938011e-01  9.98586046e-01]
 [ 9.98714058e-01  9.98693975e-01  9.98580490e-01  9.98658488e-01
   9.98755549e-01  9.98473388e-01  9.98817002e-01  9.98391928e-01
   9.98559813e-01  9.98095908e-01  9.97873270e-01  9.97957882e-01
   9.98681121e-01  9.98458805e-01  9.97861004e-01  9.97399647e-01
   9.98510845e-01  9.97938011e-01  0.00000000e+00  9.98448294e-01]
 [ 9.99001670e-01  9.99074485e-01  9.98931634e-01  9.99018138e-01
   9.99006214e-01  9.98809532e-01  9.98913174e-01  9.99075139e-01
   9.98864115e-01  9.98670669e-01  9.98461312e-01  9.98303236e-01
   9.98722080e-01  9.98785447e-01  9.98875105e-01  9.98029528e-01
   9.98953601e-01  9.98586046e-01  9.98448294e-01  2.22044605e-16]]

Maxcs is 
 [0.99993859 0.99996615 0.99993859 0.99995356 0.99996615 0.99935912
 0.99955491 0.99940988 0.99929162 0.99927618 0.99908436 0.99916173
 0.99938866 0.99942567 0.99910878 0.99901374 0.99944985 0.99933296
 0.998817   0.99907514]

FG wv is [0.         0.         0.         0.         0.         0.50092705
 0.02772089 0.35835813 0.71023974 0.52388138 0.9555054  0.78642392
 0.         0.         0.9963378  1.         0.14702824 0.73863989
 1.         1.        ]

FG wv sum weight % is 0.4372531217320558

Manhattan Similarity is
 [[-2.         -0.67424082 -0.67348727 -0.61140489 -0.60598288  0.20237916
   0.04283867  0.12411892  0.32538461  0.26925793  0.41166634  0.54276395
   0.54728475  0.20070076  0.46964422  0.58855971  0.21955559  0.25190818
   0.5347229   0.42551922]
 [-0.67424082 -2.         -0.59665432 -0.72486834 -0.76487916  0.15119458
  -0.0264618  -0.02022679  0.2966224   0.24572044  0.39312483  0.46526997
   0.42727776  0.07902221  0.39294762  0.48180712  0.13617436  0.15575723
   0.52766767  0.34752316]
 [-0.67348727 -0.59665432 -2.         -0.58494902 -0.60252378  0.24058957
   0.04962587  0.14320197  0.30419935  0.36982506  0.431387    0.50865129
   0.51470881  0.17997229  0.50603167  0.53212005  0.24300373  0.23771467
   0.59027096  0.42604955]
 [-0.61140489 -0.72486834 -0.58494902 -2.         -0.66464264  0.14892005
  -0.01944705  0.05988512  0.25497805  0.23961228  0.41242432  0.39576626
   0.41997503  0.04633498  0.40684306  0.41823126  0.1143592   0.18735827
   0.5201296   0.39674589]
 [-0.60598288 -0.76487916 -0.60252378 -0.66464264 -2.          0.23202644
  -0.07116197 -0.00604194  0.25291723  0.26484719  0.41652938  0.50445715
   0.43337145  0.11912008  0.40559259  0.48932346  0.10551455  0.20307008
   0.49645379  0.35794576]
 [ 0.20237916  0.15119458  0.24058957  0.14892005  0.23202644 -2.
   0.33050326  0.31909929  0.3709249   0.27855606  0.4091575   0.30948411
   0.35206116  0.20553479  0.29469465  0.65508242  0.19409668  0.3378829
   0.58823314  0.38450347]
 [ 0.04283867 -0.0264618   0.04962587 -0.01944705 -0.07116197  0.33050326
  -2.          0.2447655   0.09819372  0.40054227  0.20203771  0.34031883
   0.24702747  0.03850081  0.24909583  0.40471175  0.19279779  0.24199669
   0.40815129  0.38123872]
 [ 0.12411892 -0.02022679  0.14320197  0.05988512 -0.00604194  0.31909929
   0.2447655  -2.          0.36135015  0.28744652  0.51902497  0.39576566
   0.26546659  0.1639665   0.42295738  0.56947339  0.17214624  0.27302462
   0.62928506  0.23061369]
 [ 0.32538461  0.2966224   0.30419935  0.25497805  0.25291723  0.3709249
   0.09819372  0.36135015 -2.          0.41058209  0.40984015  0.39357805
   0.38330782  0.27801684  0.49732025  0.37426778  0.35213445  0.3357835
   0.50930943  0.36093235]
 [ 0.26925793  0.24572044  0.36982506  0.23961228  0.26484719  0.27855606
   0.40054227  0.28744652  0.41058209 -2.          0.2705879   0.38407128
   0.45004849  0.36139365  0.30402304  0.45424346  0.11203891  0.32736402
   0.72035593  0.46912125]
 [ 0.41166634  0.39312483  0.431387    0.41242432  0.41652938  0.4091575
   0.20203771  0.51902497  0.40984015  0.2705879  -2.          0.30886425
   0.62224775  0.23697078  0.43543181  0.4755391   0.44030158  0.37097996
   0.87829688  0.65744751]
 [ 0.54276395  0.46526997  0.50865129  0.39576626  0.50445715  0.30948411
   0.34031883  0.39576566  0.39357805  0.38407128  0.30886425 -2.
   0.46624863  0.28681191  0.6175731   0.28608024  0.31315383  0.40189374
   0.76560734  0.70241496]
 [ 0.54728475  0.42727776  0.51470881  0.41997503  0.43337145  0.35206116
   0.24702747  0.26546659  0.38330782  0.45004849  0.62224775  0.46624863
  -2.         -0.00579132  0.58989669  0.5228686   0.19644859  0.44330146
   0.43941827  0.44179279]
 [ 0.20070076  0.07902221  0.17997229  0.04633498  0.11912008  0.20553479
   0.03850081  0.1639665   0.27801684  0.36139365  0.23697078  0.28681191
  -0.00579132 -2.          0.29055779  0.43266445  0.09310632  0.33874681
   0.54466483  0.38820334]
 [ 0.46964422  0.39294762  0.50603167  0.40684306  0.40559259  0.29469465
   0.24909583  0.42295738  0.49732025  0.30402304  0.43543181  0.6175731
   0.58989669  0.29055779 -2.          0.63945139  0.28357207  0.49295292
   0.87978879  0.43305545]
 [ 0.58855971  0.48180712  0.53212005  0.41823126  0.48932346  0.65508242
   0.40471175  0.56947339  0.37426778  0.45424346  0.4755391   0.28608024
   0.5228686   0.43266445  0.63945139 -2.          0.50477019  0.40880667
   1.          0.73327997]
 [ 0.21955559  0.13617436  0.24300373  0.1143592   0.10551455  0.19409668
   0.19279779  0.17214624  0.35213445  0.11203891  0.44030158  0.31315383
   0.19644859  0.09310632  0.28357207  0.50477019 -2.          0.29697862
   0.57280966  0.26123705]
 [ 0.25190818  0.15575723  0.23771467  0.18735827  0.20307008  0.3378829
   0.24199669  0.27302462  0.3357835   0.32736402  0.37097996  0.40189374
   0.44330146  0.33874681  0.49295292  0.40880667  0.29697862 -2.
   0.6510597   0.53732554]
 [ 0.5347229   0.52766767  0.59027096  0.5201296   0.49645379  0.58823314
   0.40815129  0.62928506  0.50930943  0.72035593  0.87829688  0.76560734
   0.43941827  0.54466483  0.87978879  1.          0.57280966  0.6510597
  -2.          0.54860639]
 [ 0.42551922  0.34752316  0.42604955  0.39674589  0.35794576  0.38450347
   0.38123872  0.23061369  0.36093235  0.46912125  0.65744751  0.70241496
   0.44179279  0.38820334  0.43305545  0.73327997  0.26123705  0.53732554
   0.54860639 -2.        ]]

Maxsm is
 [0.58855971 0.52766767 0.59027096 0.5201296  0.50445715 0.65508242
 0.40815129 0.62928506 0.50930943 0.72035593 0.87829688 0.76560734
 0.62224775 0.54466483 0.87978879 1.         0.57280966 0.6510597
 1.         0.73327997]

Manhattan wv is [1.         1.         1.         1.         1.         1.
 1.         1.         1.         0.72601157 0.         0.
 0.33124588 1.         0.03928499 0.         1.         0.75370438
 0.         0.37176385]

ED Similarity is
 [[-2.         -0.66841968 -0.68633812 -0.60183655 -0.62262616  0.21219056
   0.04906927  0.18069147  0.32720413  0.17728213  0.33046158  0.39545158
   0.4132416   0.17055277  0.4438592   0.48646969  0.15127923  0.19427844
   0.51723202  0.40533898]
 [-0.66841968 -2.         -0.62533463 -0.7271505  -0.76772727  0.13669057
  -0.05722092  0.0626402   0.28581162  0.14101053  0.29636625  0.32996243
   0.30098444  0.05754468  0.3405551   0.36510238  0.03698529  0.1244533
   0.5066519   0.33633846]
 [-0.68633812 -0.62533463 -2.         -0.60354588 -0.62752196  0.22574139
   0.04139399  0.16945776  0.32902725  0.24132862  0.3416849   0.37843548
   0.40281038  0.16757507  0.47135543  0.44538724  0.16307659  0.19972335
   0.57980576  0.4372789 ]
 [-0.60183655 -0.7271505  -0.60354588 -2.         -0.67297318  0.12458857
  -0.06033652  0.06055858  0.25460027  0.14615266  0.32754372  0.28611816
   0.27622372  0.05038176  0.36458682  0.35663483  0.03207253  0.14258122
   0.51745393  0.35873081]
 [-0.62262616 -0.76772727 -0.62752196 -0.67297318 -2.          0.18490754
  -0.08079479  0.06331867  0.24757939  0.14234555  0.3242268   0.37085625
   0.30242569  0.09531054  0.35947902  0.40226891  0.04292209  0.16539141
   0.47235127  0.3730945 ]
 [ 0.21219056  0.13669057  0.22574139  0.12458857  0.18490754 -2.
   0.2564806   0.28674348  0.34611698  0.21924143  0.38240737  0.25142314
   0.30154138  0.20102748  0.27662163  0.5330396   0.1214932   0.29393959
   0.53286801  0.35062501]
 [ 0.04906927 -0.05722092  0.04139399 -0.06033652 -0.08079479  0.2564806
  -2.          0.20177563  0.10226893  0.26773248  0.21423861  0.28400095
   0.1986523   0.03942064  0.1944168   0.36574738  0.09979529  0.17172019
   0.35460547  0.3081151 ]
 [ 0.18069147  0.0626402   0.16945776  0.06055858  0.06331867  0.28674348
   0.20177563 -2.          0.30690172  0.26605085  0.49749589  0.28861901
   0.23688847  0.12791337  0.38977379  0.50105578  0.11263894  0.23937162
   0.57445945  0.1989182 ]
 [ 0.32720413  0.28581162  0.32902725  0.25460027  0.24757939  0.34611698
   0.10226893  0.30690172 -2.          0.27932663  0.32356477  0.30731475
   0.36984675  0.2585918   0.45349072  0.36521662  0.26664121  0.33401797
   0.49806819  0.31851652]
 [ 0.17728213  0.14101053  0.24132862  0.14615266  0.14234555  0.21924143
   0.26773248  0.26605085  0.27932663 -2.          0.1915493   0.35110002
   0.38679704  0.2904286   0.29558204  0.51457028  0.07535207  0.2517342
   0.71578948  0.4407092 ]
 [ 0.33046158  0.29636625  0.3416849   0.32754372  0.3242268   0.38240737
   0.21423861  0.49749589  0.32356477  0.1915493  -2.          0.26613683
   0.56852741  0.23906271  0.41472295  0.46673467  0.36074159  0.37760944
   0.80927676  0.53862997]
 [ 0.39545158  0.32996243  0.37843548  0.28611816  0.37085625  0.25142314
   0.28400095  0.28861901  0.30731475  0.35110002  0.26613683 -2.
   0.41973856  0.23612575  0.60006512  0.2570562   0.24114771  0.30387206
   0.77444789  0.60945162]
 [ 0.4132416   0.30098444  0.40281038  0.27622372  0.30242569  0.30154138
   0.1986523   0.23688847  0.36984675  0.38679704  0.56852741  0.41973856
  -2.         -0.02597614  0.46743588  0.4428348   0.12304093  0.37399623
   0.42591246  0.39774869]
 [ 0.17055277  0.05754468  0.16757507  0.05038176  0.09531054  0.20102748
   0.03942064  0.12791337  0.2585918   0.2904286   0.23906271  0.23612575
  -0.02597614 -2.          0.29051665  0.38193884  0.0990326   0.25964839
   0.54080038  0.37007972]
 [ 0.4438592   0.3405551   0.47135543  0.36458682  0.35947902  0.27662163
   0.1944168   0.38977379  0.45349072  0.29558204  0.41472295  0.60006512
   0.46743588  0.29051665 -2.          0.54358657  0.32763077  0.36148007
   0.81645111  0.31061146]
 [ 0.48646969  0.36510238  0.44538724  0.35663483  0.40226891  0.5330396
   0.36574738  0.50105578  0.36521662  0.51457028  0.46673467  0.2570562
   0.4428348   0.38193884  0.54358657 -2.          0.4185815   0.33854427
   1.          0.73559595]
 [ 0.15127923  0.03698529  0.16307659  0.03207253  0.04292209  0.1214932
   0.09979529  0.11263894  0.26664121  0.07535207  0.36074159  0.24114771
   0.12304093  0.0990326   0.32763077  0.4185815  -2.          0.18233839
   0.51475516  0.27312705]
 [ 0.19427844  0.1244533   0.19972335  0.14258122  0.16539141  0.29393959
   0.17172019  0.23937162  0.33401797  0.2517342   0.37760944  0.30387206
   0.37399623  0.25964839  0.36148007  0.33854427  0.18233839 -2.
   0.78218455  0.47742504]
 [ 0.51723202  0.5066519   0.57980576  0.51745393  0.47235127  0.53286801
   0.35460547  0.57445945  0.49806819  0.71578948  0.80927676  0.77444789
   0.42591246  0.54080038  0.81645111  1.          0.51475516  0.78218455
  -2.          0.54676234]
 [ 0.40533898  0.33633846  0.4372789   0.35873081  0.3730945   0.35062501
   0.3081151   0.1989182   0.31851652  0.4407092   0.53862997  0.60945162
   0.39774869  0.37007972  0.31061146  0.73559595  0.27312705  0.47742504
   0.54676234 -2.        ]]

Maxsm is
 [0.51723202 0.5066519  0.57980576 0.51745393 0.47235127 0.5330396
 0.36574738 0.57445945 0.49806819 0.71578948 0.80927676 0.77444789
 0.56852741 0.54080038 0.81645111 1.         0.51475516 0.78218455
 1.         0.73559595]

ED wv is [1.         1.         0.91585557 1.         1.         1.
 1.         1.         1.         0.98380764 0.23975278 0.06953553
 0.87210397 1.         0.10903596 0.         1.         0.60896389
 0.         0.75845245]

Logits Similarity is
 [[-0.10635039  0.4541958   0.41167242 ...  0.40813188  0.12848957
  -0.66808007]
 [-0.10782922  0.45644906  0.40504653 ...  0.40242184  0.13146772
  -0.67001631]
 [-0.10533779  0.45314932  0.41168024 ...  0.4070444   0.13294629
  -0.67143467]
 ...
 [-0.1016037   0.45299615  0.41304078 ...  0.36396069  0.09244705
  -0.63672181]
 [-0.09667019  0.44735297  0.40709977 ...  0.39589939  0.03779776
  -0.59265512]
 [-0.0835766   0.43312754  0.37601818 ...  0.34761854  0.12624769
  -0.66249289]]

Maxsm is
 [0.98362844 0.972913   0.99121645 0.97454962 0.97756305 0.9946546
 0.94243258 0.93574445 0.94813142 0.98559434 1.         0.96366619
 0.99397302 0.98877409 0.97034314 0.97593488 0.99119652 0.95309743
 0.96627214 0.95645816]

Logits wv is [0.         0.18359116 0.         0.07817713 0.         0.
 1.         1.         1.         0.         0.         0.7633429
 0.         0.         0.34587751 0.         0.         1.
 0.59969037 1.        ]
Starting Machine:
Loading Data...

Data Distributions:
normal (0) abnormal(1)
attack
0     9490
1    14400
dtype: int64
Data Proto Distributions:
normal (0) abnormal(1)
proto
arp            467
icmp            12
igmp             2
ipv6-icmp       88
rarp             1
tcp           8447
udp          14873
dtype: int64

Pre-Processing DataHead of Data Frame
   pkSeqID  flgs  proto  sport  ...  TnPPerProto  TnPPerDport      avgPD  attack
0     4340     1      2    0.0  ...      5525931      1322674  10.933030       0
1    24313     1      2    0.0  ...      4994350      1045163  10.965459       0
2    29744     1      2    0.0  ...      4407386      1131789  11.010636       0
3    65173     1      2    0.0  ...      4472728       972058  11.960652       0
4    93800     1      2    0.0  ...      3608282       845792  12.280588       0

[5 rows x 30 columns]
Check Data is CleanNull ValuespkSeqID        0
flgs           0
proto          0
sport          0
dport          0
pkts           0
bytes          0
state          0
seq            0
dur            0
mean           0
stddev         0
sum            0
min            0
max            0
spkts          0
dpkts          0
sbytes         0
dbytes         0
rate           0
srate          0
drate          0
TnBPsrcIP      0
TnBPDstIP      0
TnPPSrcIP      0
TnPPDstIP      0
TnPPerProto    0
TnPPerDport    0
avgPD          0
attack         0
dtype: int64

Backdooring DoS / DDoS, proto : TCP, pkts : 1, dport: 80, bytes >= 201 size of df is 12720

DBA DoS / DDoS, proto : TCP, pkts : 1, dport: 80, bytes >= 201 size of proto is 253410 : pkts : 32490 : dport : 462810 : bytes : 716700

Head of Poison Data Frame
       pkSeqID  flgs  proto    sport  ...  TnPPerProto  TnPPerDport  avgPD  attack
9511  11328126     1      2  10080.0  ...        46388        81338    0.0       0
9540  53563130     1      2  10350.0  ...        22949        25569    0.0       0
9555  39790096     1      2  10446.0  ...        11813        37974    0.0       0
9574  46379101     1      2   1057.0  ...        19113        31594    0.0       0
9616   8058153     1      2  10855.0  ...        43629        83238    0.0       0

[5 rows x 30 columns]
Check Poison Data is Clean
Poison Null ValuespkSeqID        0
flgs           0
proto          0
sport          0
dport          0
pkts           0
bytes          0
state          0
seq            0
dur            0
mean           0
stddev         0
sum            0
min            0
max            0
spkts          0
dpkts          0
sbytes         0
dbytes         0
rate           0
srate          0
drate          0
TnBPsrcIP      0
TnBPDstIP      0
TnPPSrcIP      0
TnPPDstIP      0
TnPPerProto    0
TnPPerDport    0
avgPD          0
attack         0
dtype: int64

Head of dbaProto Data Frame
   pkSeqID  flgs  proto  sport  ...  TnPPerProto  TnPPerDport      avgPD  attack
0     4340     1      2    0.0  ...      5525931      1322674  10.933030       0
1    24313     1      2    0.0  ...      4994350      1045163  10.965459       0
2    29744     1      2    0.0  ...      4407386      1131789  11.010636       0
3    65173     1      2    0.0  ...      4472728       972058  11.960652       0
4    93800     1      2    0.0  ...      3608282       845792  12.280588       0

[5 rows x 30 columns]
Check dbaProto Data is CleandbaProto Null ValuespkSeqID        0
flgs           0
proto          0
sport          0
dport          0
pkts           0
bytes          0
state          0
seq            0
dur            0
mean           0
stddev         0
sum            0
min            0
max            0
spkts          0
dpkts          0
sbytes         0
dbytes         0
rate           0
srate          0
drate          0
TnBPsrcIP      0
TnBPDstIP      0
TnPPSrcIP      0
TnPPDstIP      0
TnPPerProto    0
TnPPerDport    0
avgPD          0
attack         0
dtype: int64

Head of dbaDport Data Frame
     pkSeqID  flgs  proto  sport  ...  TnPPerProto  TnPPerDport      avgPD  attack
326     4335     1      1   80.0  ...     11859844      4284267  17.634145       0
327     4336     1      2   80.0  ...      6064055      3985226  17.889824       0
328     4337     1      2   80.0  ...      6425553      4066934   5.963981       0
331    24317     1      2   80.0  ...      5326760      4130150   5.981577       0
332    24334     1      1   80.0  ...     12249365      4486587  17.943359       0

[5 rows x 30 columns]
Check dbaDport Data is Clean

dbaDport Null Values
pkSeqID        0
flgs           0
proto          0
sport          0
dport          0
pkts           0
bytes          0
state          0
seq            0
dur            0
mean           0
stddev         0
sum            0
min            0
max            0
spkts          0
dpkts          0
sbytes         0
dbytes         0
rate           0
srate          0
drate          0
TnBPsrcIP      0
TnBPDstIP      0
TnPPSrcIP      0
TnPPDstIP      0
TnPPerProto    0
TnPPerDport    0
avgPD          0
attack         0
dtype: int64

Head of dbaBytes Data Frame
   pkSeqID  flgs  proto  sport  ...  TnPPerProto  TnPPerDport      avgPD  attack
0     4340     1      2    0.0  ...      5525931      1322674  10.933030       0
1    24313     1      2    0.0  ...      4994350      1045163  10.965459       0
2    29744     1      2    0.0  ...      4407386      1131789  11.010636       0
3    65173     1      2    0.0  ...      4472728       972058  11.960652       0
4    93800     1      2    0.0  ...      3608282       845792  12.280588       0

[5 rows x 30 columns]
Check dbaBytes Data is Clean

dbaBytes Null Values
pkSeqID        0
flgs           0
proto          0
sport          0
dport          0
pkts           0
bytes          0
state          0
seq            0
dur            0
mean           0
stddev         0
sum            0
min            0
max            0
spkts          0
dpkts          0
sbytes         0
dbytes         0
rate           0
srate          0
drate          0
TnBPsrcIP      0
TnBPDstIP      0
TnPPSrcIP      0
TnPPDstIP      0
TnPPerProto    0
TnPPerDport    0
avgPD          0
attack         0
dtype: int64

Head of dbaPkts Data Frame
      pkSeqID  flgs  proto  sport  ...  TnPPerProto  TnPPerDport  avgPD  attack
1374    12070     1      4  133.0  ...       220968       965050    0.0       0
1375    25176     1      4  133.0  ...       142271      1154097    0.0       0
1376    25566     1      4  133.0  ...       178007      1380563    0.0       0
1377    27533     1      4  133.0  ...       167280      1050013    0.0       0
1378    51757     1      4  133.0  ...       168450       941884    0.0       0

[5 rows x 30 columns]
Check dbaPkts Data is Clean

dbaPkts Null Values
pkSeqID        0
flgs           0
proto          0
sport          0
dport          0
pkts           0
bytes          0
state          0
seq            0
dur            0
mean           0
stddev         0
sum            0
min            0
max            0
spkts          0
dpkts          0
sbytes         0
dbytes         0
rate           0
srate          0
drate          0
TnBPsrcIP      0
TnBPDstIP      0
TnPPSrcIP      0
TnPPDstIP      0
TnPPerProto    0
TnPPerDport    0
avgPD          0
attack         0
dtype: int64

Data Features: 29 | LSTM Timesteps: 80
Create Backdoor Sybils: 5
Create Clients: 15

Number of total clients and sybils 20

Simulate Models Sent to Clients


Total Client Grads Scaled : 20 unscaled 20

aggregate_gradients Total Client Grads: 20

ASF Similarity is
 [[-2.00000000e+00 -9.60542779e-01 -9.77210830e-01 -9.52296753e-01
  -9.69792857e-01  1.78305606e-02  3.90707303e-01  5.27619851e-02
   8.77070565e-02  8.30671219e-01  3.13118655e-01  2.70916094e-01
   5.23921122e-01  1.15624514e-01 -8.24149318e-02  5.39056268e-01
   4.04398026e-01  4.86725382e-02  1.62982407e-01  5.73369028e-01]
 [-9.60542779e-01 -2.00000000e+00 -9.53437635e-01 -9.38484769e-01
  -9.58848043e-01  1.21252165e-01  4.19688723e-01  1.88888958e-01
   1.36721743e-01  1.00000000e+00  4.16036289e-01  3.01877446e-01
   6.96993137e-01  2.79025071e-01  4.03391019e-03  5.59055065e-01
