###############################################################################################################################################################                   Begin backdoor_5_sybils_asf Simulation              ###############################################################################################################################################################Starting Machine:
Loading Data...

Data Distributions:
normal (0) abnormal(1)
attack
0     9490
1    14400
dtype: int64
Data Proto Distributions:
normal (0) abnormal(1)
proto
arp            467
icmp            12
igmp             2
ipv6-icmp       88
rarp             1
tcp           8447
udp          14873
dtype: int64

Pre-Processing DataHead of Data Frame
   pkSeqID  flgs  proto  sport  ...  TnPPerProto  TnPPerDport      avgPD  attack
0     4340     1      2    0.0  ...      5525931      1322674  10.933030       0
1    24313     1      2    0.0  ...      4994350      1045163  10.965459       0
2    29744     1      2    0.0  ...      4407386      1131789  11.010636       0
3    65173     1      2    0.0  ...      4472728       972058  11.960652       0
4    93800     1      2    0.0  ...      3608282       845792  12.280588       0

[5 rows x 30 columns]
Check Data is CleanNull ValuespkSeqID        0
flgs           0
proto          0
sport          0
dport          0
pkts           0
bytes          0
state          0
seq            0
dur            0
mean           0
stddev         0
sum            0
min            0
max            0
spkts          0
dpkts          0
sbytes         0
dbytes         0
rate           0
srate          0
drate          0
TnBPsrcIP      0
TnBPDstIP      0
TnPPSrcIP      0
TnPPDstIP      0
TnPPerProto    0
TnPPerDport    0
avgPD          0
attack         0
dtype: int64

Backdooring DoS / DDoS, proto : TCP, pkts : 1, dport: 80, bytes >= 201 size of df is 12720

DBA DoS / DDoS, proto : TCP, pkts : 1, dport: 80, bytes >= 201 size of proto is 253410 : pkts : 32490 : dport : 462810 : bytes : 716700

Head of Poison Data Frame
       pkSeqID  flgs  proto    sport  ...  TnPPerProto  TnPPerDport  avgPD  attack
9511  11328126     1      2  10080.0  ...        46388        81338    0.0       0
9540  53563130     1      2  10350.0  ...        22949        25569    0.0       0
9555  39790096     1      2  10446.0  ...        11813        37974    0.0       0
9574  46379101     1      2   1057.0  ...        19113        31594    0.0       0
9616   8058153     1      2  10855.0  ...        43629        83238    0.0       0

[5 rows x 30 columns]
Check Poison Data is Clean
Poison Null ValuespkSeqID        0
flgs           0
proto          0
sport          0
dport          0
pkts           0
bytes          0
state          0
seq            0
dur            0
mean           0
stddev         0
sum            0
min            0
max            0
spkts          0
dpkts          0
sbytes         0
dbytes         0
rate           0
srate          0
drate          0
TnBPsrcIP      0
TnBPDstIP      0
TnPPSrcIP      0
TnPPDstIP      0
TnPPerProto    0
TnPPerDport    0
avgPD          0
attack         0
dtype: int64

Head of dbaProto Data Frame
   pkSeqID  flgs  proto  sport  ...  TnPPerProto  TnPPerDport      avgPD  attack
0     4340     1      2    0.0  ...      5525931      1322674  10.933030       0
1    24313     1      2    0.0  ...      4994350      1045163  10.965459       0
2    29744     1      2    0.0  ...      4407386      1131789  11.010636       0
3    65173     1      2    0.0  ...      4472728       972058  11.960652       0
4    93800     1      2    0.0  ...      3608282       845792  12.280588       0

[5 rows x 30 columns]
Check dbaProto Data is CleandbaProto Null ValuespkSeqID        0
flgs           0
proto          0
sport          0
dport          0
pkts           0
bytes          0
state          0
seq            0
dur            0
mean           0
stddev         0
sum            0
min            0
max            0
spkts          0
dpkts          0
sbytes         0
dbytes         0
rate           0
srate          0
drate          0
TnBPsrcIP      0
TnBPDstIP      0
TnPPSrcIP      0
TnPPDstIP      0
TnPPerProto    0
TnPPerDport    0
avgPD          0
attack         0
dtype: int64

Head of dbaDport Data Frame
     pkSeqID  flgs  proto  sport  ...  TnPPerProto  TnPPerDport      avgPD  attack
326     4335     1      1   80.0  ...     11859844      4284267  17.634145       0
327     4336     1      2   80.0  ...      6064055      3985226  17.889824       0
328     4337     1      2   80.0  ...      6425553      4066934   5.963981       0
331    24317     1      2   80.0  ...      5326760      4130150   5.981577       0
332    24334     1      1   80.0  ...     12249365      4486587  17.943359       0

[5 rows x 30 columns]
Check dbaDport Data is Clean

dbaDport Null Values
pkSeqID        0
flgs           0
proto          0
sport          0
dport          0
pkts           0
bytes          0
state          0
seq            0
dur            0
mean           0
stddev         0
sum            0
min            0
max            0
spkts          0
dpkts          0
sbytes         0
dbytes         0
rate           0
srate          0
drate          0
TnBPsrcIP      0
TnBPDstIP      0
TnPPSrcIP      0
TnPPDstIP      0
TnPPerProto    0
TnPPerDport    0
avgPD          0
attack         0
dtype: int64

Head of dbaBytes Data Frame
   pkSeqID  flgs  proto  sport  ...  TnPPerProto  TnPPerDport      avgPD  attack
0     4340     1      2    0.0  ...      5525931      1322674  10.933030       0
1    24313     1      2    0.0  ...      4994350      1045163  10.965459       0
2    29744     1      2    0.0  ...      4407386      1131789  11.010636       0
3    65173     1      2    0.0  ...      4472728       972058  11.960652       0
4    93800     1      2    0.0  ...      3608282       845792  12.280588       0

[5 rows x 30 columns]
Check dbaBytes Data is Clean

dbaBytes Null Values
pkSeqID        0
flgs           0
proto          0
sport          0
dport          0
pkts           0
bytes          0
state          0
seq            0
dur            0
mean           0
stddev         0
sum            0
min            0
max            0
spkts          0
dpkts          0
sbytes         0
dbytes         0
rate           0
srate          0
drate          0
TnBPsrcIP      0
TnBPDstIP      0
TnPPSrcIP      0
TnPPDstIP      0
TnPPerProto    0
TnPPerDport    0
avgPD          0
attack         0
dtype: int64

Head of dbaPkts Data Frame
      pkSeqID  flgs  proto  sport  ...  TnPPerProto  TnPPerDport  avgPD  attack
1374    12070     1      4  133.0  ...       220968       965050    0.0       0
1375    25176     1      4  133.0  ...       142271      1154097    0.0       0
1376    25566     1      4  133.0  ...       178007      1380563    0.0       0
1377    27533     1      4  133.0  ...       167280      1050013    0.0       0
1378    51757     1      4  133.0  ...       168450       941884    0.0       0

[5 rows x 30 columns]
Check dbaPkts Data is Clean

dbaPkts Null Values
pkSeqID        0
flgs           0
proto          0
sport          0
dport          0
pkts           0
bytes          0
state          0
seq            0
dur            0
mean           0
stddev         0
sum            0
min            0
max            0
spkts          0
dpkts          0
sbytes         0
dbytes         0
rate           0
srate          0
drate          0
TnBPsrcIP      0
TnBPDstIP      0
TnPPSrcIP      0
TnPPDstIP      0
TnPPerProto    0
TnPPerDport    0
avgPD          0
attack         0
dtype: int64

Data Features: 29 | LSTM Timesteps: 80
Create Clients: 10
Create Backdoor Sybils: 5

Number of total clients and sybils 15

Simulate Models Sent to Clients

Total time for client_1 : local training was 10.806437500024913
Total time for client_2 : local training was 10.500400000018999
Total time for client_3 : local training was 10.552120999986073
Total time for client_4 : local training was 11.073676600004546
Total time for client_5 : local training was 10.572744200006127
Total time for client_6 : local training was 11.332529099978274
Total time for client_7 : local training was 10.410740699997405
Total time for client_8 : local training was 10.441193100006785
Total time for client_9 : local training was 11.135675400000764
Total time for client_10 : local training was 10.495113300014054
Total time for client_11 : local training was 7.852022799983388
Total time for client_12 : local training was 7.331865000014659
Total time for client_13 : local training was 7.954997699998785
Total time for client_14 : local training was 7.401116399996681
Total time for client_15 : local training was 7.406667000002926

Total Client Grads Scaled : 15 unscaled 15

aggregate_gradients Total Client Grads: 15

ASF Similarity is
 [[-2.         -0.49909091 -0.42600121 -0.17767038 -0.3849305   0.28067053
  -0.03842717 -0.31836285 -0.39473405 -0.24433647  0.73520443  0.51365319
   0.60385543  0.70186975  0.53512432]
 [-0.49909091 -2.         -0.6419167  -0.25025372 -0.38716865 -0.09820969
  -0.12966152 -0.26658255 -0.35241872 -0.38724662  0.38962794  0.29263076
   0.30970191  0.42914812  0.29208775]
 [-0.42600121 -0.6419167  -2.          0.02380048 -0.46097333  0.23583938
  -0.07959312 -0.09425672 -0.30192079 -0.50591594  0.46172147  0.33368512
   0.42579308  0.55134823  0.36658218]
 [-0.17767038 -0.25025372  0.02380048 -2.         -0.22779129  0.4688292
   0.4743806   0.25083318 -0.12596022  0.16326979  1.          0.86796704
   0.8498874   0.86960647  0.74359631]
 [-0.3849305  -0.38716865 -0.46097333 -0.22779129 -2.          0.08788569
  -0.12144299 -0.33348877 -0.47659737 -0.27130816  0.45081928  0.23947471
   0.27551553  0.35824495  0.34350553]
 [ 0.28067053 -0.09820969  0.23583938  0.4688292   0.08788569 -2.
  -0.3481321  -0.02458395  0.18807984 -0.00800585 -0.07932412 -0.17804807
  -0.12427945 -0.08696499 -0.14497806]
 [-0.03842717 -0.12966152 -0.07959312  0.4743806  -0.12144299 -0.3481321
  -2.         -0.32607731  0.18501404 -0.2511964  -0.13467717 -0.26212009
  -0.23414578 -0.18711159 -0.22861571]
 [-0.31836285 -0.26658255 -0.09425672  0.25083318 -0.33348877 -0.02458395
  -0.32607731 -2.         -0.25845051 -0.34870617  0.24710248  0.01387875
   0.05581155  0.12587149  0.05233125]
 [-0.39473405 -0.35241872 -0.30192079 -0.12596022 -0.47659737  0.18807984
   0.18501404 -0.25845051 -2.         -0.32492258  0.90141582  0.72714055
   0.75279065  0.84955236  0.68886874]
 [-0.24433647 -0.38724662 -0.50591594  0.16326979 -0.27130816 -0.00800585
  -0.2511964  -0.34870617 -0.32492258 -2.          0.22344837  0.05705443
   0.0933111   0.20802363  0.0674848 ]
 [ 0.73520443  0.38962794  0.46172147  1.          0.45081928 -0.07932412
  -0.13467717  0.24710248  0.90141582  0.22344837 -2.         -0.96108215
  -0.96246011 -0.9625765  -0.9545289 ]
 [ 0.51365319  0.29263076  0.33368512  0.86796704  0.23947471 -0.17804807
  -0.26212009  0.01387875  0.72714055  0.05705443 -0.96108215 -2.
  -0.97649497 -0.9720052  -0.96554743]
 [ 0.60385543  0.30970191  0.42579308  0.8498874   0.27551553 -0.12427945
  -0.23414578  0.05581155  0.75279065  0.0933111  -0.96246011 -0.97649497
  -2.         -0.97139929 -0.95611839]
 [ 0.70186975  0.42914812  0.55134823  0.86960647  0.35824495 -0.08696499
  -0.18711159  0.12587149  0.84955236  0.20802363 -0.9625765  -0.9720052
  -0.97139929 -2.         -0.96233129]
 [ 0.53512432  0.29208775  0.36658218  0.74359631  0.34350553 -0.14497806
  -0.22861571  0.05233125  0.68886874  0.0674848  -0.9545289  -0.96554743
  -0.95611839 -0.96233129 -2.        ]]

Maxsm is
 [0.73520443 0.42914812 0.55134823 1.         0.45081928 0.4688292
 0.4743806  0.25083318 0.90141582 0.22344837 1.         0.86796704
 0.8498874  0.86960647 0.74359631]

ASF wv is [1.         1.         1.         0.         1.         1.
 1.         1.         0.         1.         0.         0.4505904
 0.08288017 0.         0.36427782]

############################################################################################

############################################################################################

comm_round: 0 | global_acc: 59.131% | global_f1: 0.7431713373536716 | global_precision: 0.5913068021450748 | global bin 0.5913068056106567

Simulate Models Sent to Clients

Total time for client_1 : local training was 11.134910999971908
Total time for client_2 : local training was 10.329832999996142
Total time for client_3 : local training was 11.206599299999652
Total time for client_4 : local training was 10.229878100013593
Total time for client_5 : local training was 10.542061499989359
Total time for client_6 : local training was 11.170957700000145
Total time for client_7 : local training was 10.496322399994824
Total time for client_8 : local training was 10.91110430000117
Total time for client_9 : local training was 10.35311319999164
Total time for client_10 : local training was 11.120961800013902
Total time for client_11 : local training was 7.38559850002639
Total time for client_12 : local training was 7.407445800025016
Total time for client_13 : local training was 8.09524729999248
Total time for client_14 : local training was 7.500140000018291
Total time for client_15 : local training was 7.994353799993405

Total Client Grads Scaled : 15 unscaled 15

aggregate_gradients Total Client Grads: 15

ASF Similarity is
 [[-2.         -0.42735045 -0.62002248  0.32974182 -0.50455175 -0.32060237
  -0.27092968 -0.53136568 -0.38403248 -0.23129315 -0.78387732 -0.78892988
  -0.81757839 -0.82075829 -0.74938602]
 [-0.42735045 -2.         -0.55770815  0.05273054 -0.29161359 -0.35103044
  -0.07941817 -0.54915941  0.05590142 -0.0408747  -0.67254028 -0.707468
  -0.68263575 -0.64757138 -0.54936844]
 [-0.62002248 -0.55770815 -2.         -0.19982142 -0.65681208 -0.33999936
  -0.63317831 -0.7587287  -0.5600228  -0.22852384 -0.73364397 -0.7653218
  -0.77980559 -0.7780746  -0.79922409]
 [ 0.32974182  0.05273054 -0.19982142 -2.         -0.41983322  0.45687331
   0.08454941 -0.33559843 -0.10286313  1.          0.04644017 -0.07248424
  -0.16154927 -0.22634833 -0.29134726]
 [-0.50455175 -0.29161359 -0.65681208 -0.41983322 -2.         -0.03145495
  -0.43718589 -0.72949858 -0.65974457  0.03293458 -0.71409488 -0.78137216
  -0.76615564 -0.77429206 -0.74472467]
 [-0.32060237 -0.35103044 -0.33999936  0.45687331 -0.03145495 -2.
   0.17406165 -0.24758496  0.30775851 -0.39339436 -0.6407151  -0.59412285
  -0.59926646 -0.4334014  -0.39467543]
 [-0.27092968 -0.07941817 -0.63317831  0.08454941 -0.43718589  0.17406165
  -2.         -0.59727416 -0.36496025 -0.08833142 -0.4331427  -0.5083326
  -0.54203921 -0.6380714  -0.69072434]
 [-0.53136568 -0.54915941 -0.7587287  -0.33559843 -0.72949858 -0.24758496
  -0.59727416 -2.         -0.6034223  -0.10624623 -0.72074116 -0.76839155
  -0.80429365 -0.79247178 -0.79278124]
 [-0.38403248  0.05590142 -0.5600228  -0.10286313 -0.65974457  0.30775851
  -0.36496025 -0.6034223  -2.          0.34148425 -0.47577431 -0.57466505
  -0.55382258 -0.52023942 -0.60563674]
 [-0.23129315 -0.0408747  -0.22852384  1.          0.03293458 -0.39339436
  -0.08833142 -0.10624623  0.34148425 -2.         -0.54470164 -0.53523526
  -0.53838214 -0.44232256 -0.435923  ]
 [-0.78387732 -0.67254028 -0.73364397  0.04644017 -0.71409488 -0.6407151
  -0.4331427  -0.72074116 -0.47577431 -0.54470164 -2.         -0.98590726
  -0.97956692 -0.94971798 -0.91361748]
 [-0.78892988 -0.707468   -0.7653218  -0.07248424 -0.78137216 -0.59412285
  -0.5083326  -0.76839155 -0.57466505 -0.53523526 -0.98590726 -2.
  -0.98280571 -0.95047041 -0.92288741]
 [-0.81757839 -0.68263575 -0.77980559 -0.16154927 -0.76615564 -0.59926646
  -0.54203921 -0.80429365 -0.55382258 -0.53838214 -0.97956692 -0.98280571
  -2.         -0.96324773 -0.94161843]
 [-0.82075829 -0.64757138 -0.7780746  -0.22634833 -0.77429206 -0.4334014
  -0.6380714  -0.79247178 -0.52023942 -0.44232256 -0.94971798 -0.95047041
  -0.96324773 -2.         -0.96353982]
 [-0.74938602 -0.54936844 -0.79922409 -0.29134726 -0.74472467 -0.39467543
  -0.69072434 -0.79278124 -0.60563674 -0.435923   -0.91361748 -0.92288741
  -0.94161843 -0.96353982 -2.        ]]

Maxsm is
 [ 0.32974182  0.05590142 -0.19982142  1.          0.03293458  0.45687331
  0.17406165 -0.10624623  0.34148425  1.          0.04644017 -0.07248424
 -0.16154927 -0.22634833 -0.29134726]

ASF wv is [1. 1. 1. 0. 1. 1. 1. 1. 1. 0. 1. 1. 1. 1. 1.]

############################################################################################

############################################################################################

comm_round: 1 | global_acc: 59.131% | global_f1: 0.7431713373536716 | global_precision: 0.5913068021450748 | global bin 0.5913068056106567

Simulate Models Sent to Clients

Total time for client_1 : local training was 10.407079600001452
Total time for client_2 : local training was 10.513334799994482
Total time for client_3 : local training was 11.094935100001749
Total time for client_4 : local training was 10.53356929999427
Total time for client_5 : local training was 11.30077549998532
Total time for client_6 : local training was 10.59735530000762
Total time for client_7 : local training was 10.51851669998723
Total time for client_8 : local training was 11.164366599987261
Total time for client_9 : local training was 10.462870500021381
Total time for client_10 : local training was 11.41455469999346
Total time for client_11 : local training was 7.35773610000615
Total time for client_12 : local training was 7.3661997000162955
Total time for client_13 : local training was 8.013600400008727
Total time for client_14 : local training was 7.361842300015269
Total time for client_15 : local training was 7.7437624000012875

Total Client Grads Scaled : 15 unscaled 15

aggregate_gradients Total Client Grads: 15

ASF Similarity is
 [[-2.         -0.7239636  -0.75778344 -0.75461536 -0.43159906 -0.34687176
  -0.82092963 -0.65719466 -0.73026549 -0.67187646  0.26155723  0.22087467
   0.18862582  0.27586347  0.30146128]
 [-0.7239636  -2.         -0.60919214 -0.61898422 -0.29642073 -0.48989685
  -0.76109182 -0.65955313 -0.70499988 -0.56656619  0.08645729  0.05518425
   0.08390046  0.14330271  0.11985844]
 [-0.75778344 -0.60919214 -2.         -0.73401764 -0.64764964 -0.17227268
  -0.67284766 -0.69452311 -0.59765756 -0.6317615   0.35417561  0.30630593
   0.38200906  0.4362164   0.47559419]
 [-0.75461536 -0.61898422 -0.73401764 -2.         -0.60046788 -0.39839633
  -0.67029781 -0.68654061 -0.50335257 -0.65110451  0.22120898  0.15322793
   0.23959798  0.31888334  0.30571417]
 [-0.43159906 -0.29642073 -0.64764964 -0.60046788 -2.         -0.24939852
  -0.27718288 -0.4369726  -0.17204538 -0.45758315  0.91901779  0.79161906
   0.88127588  0.96503242  1.        ]
 [-0.34687176 -0.48989685 -0.17227268 -0.39839633 -0.24939852 -2.
  -0.31140288 -0.30625092 -0.06893801 -0.55985316  0.52873894  0.47776021
   0.45867652  0.54683066  0.57839729]
 [-0.82092963 -0.76109182 -0.67284766 -0.67029781 -0.27718288 -0.31140288
  -2.         -0.82538432 -0.63499797 -0.60564643 -0.18110626 -0.20622306
  -0.20407631 -0.12586719 -0.14511916]
 [-0.65719466 -0.65955313 -0.69452311 -0.68654061 -0.4369726  -0.30625092
  -0.82538432 -2.         -0.61378113 -0.51380918 -0.17607338 -0.21655506
  -0.17109137 -0.1189721  -0.10127765]
 [-0.73026549 -0.70499988 -0.59765756 -0.50335257 -0.17204538 -0.06893801
  -0.63499797 -0.61378113 -2.         -0.57750497  0.45368453  0.35572991
   0.3411018   0.4579591   0.40524154]
 [-0.67187646 -0.56656619 -0.6317615  -0.65110451 -0.45758315 -0.55985316
  -0.60564643 -0.51380918 -0.57750497 -2.          0.39590184  0.3046353
   0.31040685  0.43096725  0.39229224]
 [ 0.26155723  0.08645729  0.35417561  0.22120898  0.91901779  0.52873894
  -0.18110626 -0.17607338  0.45368453  0.39590184 -2.         -0.99809963
  -0.99685214 -0.99712965 -0.99671877]
 [ 0.22087467  0.05518425  0.30630593  0.15322793  0.79161906  0.47776021
  -0.20622306 -0.21655506  0.35572991  0.3046353  -0.99809963 -2.
  -0.9974432  -0.99441724 -0.99577121]
 [ 0.18862582  0.08390046  0.38200906  0.23959798  0.88127588  0.45867652
  -0.20407631 -0.17109137  0.3411018   0.31040685 -0.99685214 -0.9974432
  -2.         -0.99542372 -0.99633387]
 [ 0.27586347  0.14330271  0.4362164   0.31888334  0.96503242  0.54683066
  -0.12586719 -0.1189721   0.4579591   0.43096725 -0.99712965 -0.99441724
  -0.99542372 -2.         -0.99578869]
 [ 0.30146128  0.11985844  0.47559419  0.30571417  1.          0.57839729
  -0.14511916 -0.10127765  0.40524154  0.39229224 -0.99671877 -0.99577121
  -0.99633387 -0.99578869 -2.        ]]

Maxsm is
 [ 0.30146128  0.14330271  0.47559419  0.31888334  1.          0.57839729
 -0.12586719 -0.10127765  0.4579591   0.43096725  0.91901779  0.79161906
  0.88127588  0.96503242  1.        ]

ASF wv is [1.         1.         1.         1.         0.         1.
 1.         1.         1.         1.         0.38693173 0.5912474
 0.66799422 0.31407435 0.18564367]

############################################################################################

############################################################################################

comm_round: 2 | global_acc: 64.239% | global_f1: 0.7674802716094696 | global_precision: 0.6234347048300537 | global bin 0.6423934698104858

Simulate Models Sent to Clients

Total time for client_1 : local training was 10.288107400003355
Total time for client_2 : local training was 10.960986100020818
Total time for client_3 : local training was 10.301501699985238
Total time for client_4 : local training was 10.372347299999092
Total time for client_5 : local training was 11.086604899988743
Total time for client_6 : local training was 10.35261379997246
Total time for client_7 : local training was 10.905278399994131
Total time for client_8 : local training was 10.508194400026696
Total time for client_9 : local training was 10.519009100011317
Total time for client_10 : local training was 11.138060299999779
Total time for client_11 : local training was 7.41286989999935
Total time for client_12 : local training was 7.887762700003805
Total time for client_13 : local training was 7.3728000999835785
Total time for client_14 : local training was 7.407405400008429
Total time for client_15 : local training was 8.049945300008403

Total Client Grads Scaled : 15 unscaled 15

aggregate_gradients Total Client Grads: 15

ASF Similarity is
 [[-2.         -0.40765254 -0.86083327 -0.81004539 -0.84201645 -0.73446196
  -0.55194854 -0.75875362 -0.78925683 -0.66925236 -0.39100592 -0.35228764
  -0.29849837 -0.27521981 -0.33065767]
 [-0.40765254 -2.         -0.31508906 -0.41677319 -0.6135207  -0.76500143
  -0.67629359 -0.28484448 -0.68319488 -0.74454363  0.81710611  0.93357014
   1.          0.99474367  0.96359449]
 [-0.86083327 -0.31508906 -2.         -0.87558997 -0.83769528 -0.62058734
  -0.67164798 -0.83849964 -0.7883527  -0.63541963 -0.55632138 -0.549505
  -0.48333283 -0.49265396 -0.52267057]
 [-0.81004539 -0.41677319 -0.87558997 -2.         -0.8165508  -0.66633278
  -0.60943509 -0.832265   -0.72938785 -0.68571173 -0.71538861 -0.69305375
  -0.64660192 -0.65210279 -0.66515479]
 [-0.84201645 -0.6135207  -0.83769528 -0.8165508  -2.         -0.83363947
  -0.7529503  -0.78115164 -0.88081026 -0.84151401 -0.25142764 -0.2107132
  -0.11775456 -0.13822324 -0.14484146]
 [-0.73446196 -0.76500143 -0.62058734 -0.66633278 -0.83363947 -2.
  -0.82732382 -0.62774475 -0.87106127 -0.88507942  0.2411619   0.34760899
   0.41542261  0.42557329  0.3921005 ]
 [-0.55194854 -0.67629359 -0.67164798 -0.60943509 -0.7529503  -0.82732382
  -2.         -0.63870384 -0.8458768  -0.82260841  0.14886131  0.27129892
   0.33872051  0.3005074   0.27615544]
 [-0.75875362 -0.28484448 -0.83849964 -0.832265   -0.78115164 -0.62774475
  -0.63870384 -2.         -0.76899491 -0.60014768 -0.47569353 -0.42399759
  -0.34113064 -0.38473771 -0.41728265]
 [-0.78925683 -0.68319488 -0.7883527  -0.72938785 -0.88081026 -0.87106127
  -0.8458768  -0.76899491 -2.         -0.87304578 -0.0897007  -0.04580099
   0.00962846 -0.03094166 -0.0372654 ]
 [-0.66925236 -0.74454363 -0.63541963 -0.68571173 -0.84151401 -0.88507942
  -0.82260841 -0.60014768 -0.87304578 -2.          0.07466094  0.16762024
   0.21315628  0.22017868  0.20932943]
 [-0.39100592  0.81710611 -0.55632138 -0.71538861 -0.25142764  0.2411619
   0.14886131 -0.47569353 -0.0897007   0.07466094 -2.         -0.99312836
  -0.99062104 -0.99029887 -0.99369442]
 [-0.35228764  0.93357014 -0.549505   -0.69305375 -0.2107132   0.34760899
   0.27129892 -0.42399759 -0.04580099  0.16762024 -0.99312836 -2.
  -0.99546596 -0.99566258 -0.99793528]
 [-0.29849837  1.         -0.48333283 -0.64660192 -0.11775456  0.41542261
   0.33872051 -0.34113064  0.00962846  0.21315628 -0.99062104 -0.99546596
  -2.         -0.99574602 -0.99632422]
 [-0.27521981  0.99474367 -0.49265396 -0.65210279 -0.13822324  0.42557329
   0.3005074  -0.38473771 -0.03094166  0.22017868 -0.99029887 -0.99566258
  -0.99574602 -2.         -0.99754963]
 [-0.33065767  0.96359449 -0.52267057 -0.66515479 -0.14484146  0.3921005
   0.27615544 -0.41728265 -0.0372654   0.20932943 -0.99369442 -0.99793528
  -0.99632422 -0.99754963 -2.        ]]

Maxsm is
 [-0.27521981  1.         -0.31508906 -0.41677319 -0.11775456  0.42557329
  0.33872051 -0.28484448  0.00962846  0.22017868  0.81710611  0.93357014
  1.          0.99474367  0.96359449]

ASF wv is [0.         0.         0.         0.         0.34526672 1.
 1.         0.         1.         1.         1.         1.
 0.         0.79994623 0.9385032 ]

############################################################################################

############################################################################################

comm_round: 3 | global_acc: 62.856% | global_f1: 0.7605531295487628 | global_precision: 0.6145251396648045 | global bin 0.6285633444786072

Simulate Models Sent to Clients

Total time for client_1 : local training was 10.378804200008744
Total time for client_2 : local training was 11.091854900005274
Total time for client_3 : local training was 10.312808599992422
Total time for client_4 : local training was 11.179033299995353
Total time for client_5 : local training was 10.431437499995809
Total time for client_6 : local training was 10.358483599993633
Total time for client_7 : local training was 11.199154700007057
Total time for client_8 : local training was 10.565194199996768
Total time for client_9 : local training was 11.200560199999018
Total time for client_10 : local training was 10.425344899995252
Total time for client_11 : local training was 7.450415400002385
Total time for client_12 : local training was 8.073408500000369
Total time for client_13 : local training was 7.381141699996078
Total time for client_14 : local training was 7.919643700006418
Total time for client_15 : local training was 7.307190599996829

Total Client Grads Scaled : 15 unscaled 15

aggregate_gradients Total Client Grads: 15

ASF Similarity is
 [[-2.         -0.91902585 -0.9022706  -0.89048686 -0.9325113  -0.9196744
  -0.94004779 -0.95341383 -0.90617964 -0.88658674 -0.06166335 -0.07649321
   0.05637778  0.05855827  0.15755146]
 [-0.91902585 -2.         -0.84126371 -0.88927479 -0.86954214 -0.91670341
  -0.91649371 -0.93546601 -0.89292786 -0.7990356  -0.13040091 -0.14672772
   0.0215257   0.00774909  0.16635864]
 [-0.9022706  -0.84126371 -2.         -0.87230977 -0.86897035 -0.85128938
  -0.85414638 -0.88593218 -0.75013649 -0.72338519  0.60935781  0.6219534
   0.76784254  0.81055593  1.        ]
 [-0.89048686 -0.88927479 -0.87230977 -2.         -0.85956366 -0.89377681
  -0.88952703 -0.90403001 -0.84801731 -0.77734502  0.23830398  0.22545194
   0.31385634  0.35876561  0.51049559]
 [-0.9325113  -0.86954214 -0.86897035 -0.85956366 -2.         -0.90509153
  -0.88921332 -0.90117633 -0.84107959 -0.87542849  0.10372685  0.13236182
   0.24064663  0.24989282  0.3386372 ]
 [-0.9196744  -0.91670341 -0.85128938 -0.89377681 -0.90509153 -2.
  -0.88098249 -0.89225005 -0.86480263 -0.82439672 -0.05062729 -0.06023074
   0.04347132  0.07629855  0.20968316]
 [-0.94004779 -0.91649371 -0.85414638 -0.88952703 -0.88921332 -0.88098249
  -2.         -0.92574603 -0.9107852  -0.87186257 -0.17004046 -0.1906673
  -0.07993801 -0.06296191  0.01905912]
 [-0.95341383 -0.93546601 -0.88593218 -0.90403001 -0.90117633 -0.89225005
  -0.92574603 -2.         -0.86476187 -0.83847375  0.00436525 -0.01941342
   0.10119596  0.12446128  0.23006302]
 [-0.90617964 -0.89292786 -0.75013649 -0.84801731 -0.84107959 -0.86480263
  -0.9107852  -0.86476187 -2.         -0.90475237 -0.366496   -0.36668764
  -0.27153862 -0.26688862 -0.17561335]
 [-0.88658674 -0.7990356  -0.72338519 -0.77734502 -0.87542849 -0.82439672
  -0.87186257 -0.83847375 -0.90475237 -2.         -0.23930161 -0.23592425
  -0.17700853 -0.14903265 -0.10459609]
 [-0.06166335 -0.13040091  0.60935781  0.23830398  0.10372685 -0.05062729
  -0.17004046  0.00436525 -0.366496   -0.23930161 -2.         -0.9989522
  -0.99599604 -0.99724458 -0.99265248]
 [-0.07649321 -0.14672772  0.6219534   0.22545194  0.13236182 -0.06023074
  -0.1906673  -0.01941342 -0.36668764 -0.23592425 -0.9989522  -2.
  -0.99667108 -0.99757202 -0.99355907]
 [ 0.05637778  0.0215257   0.76784254  0.31385634  0.24064663  0.04347132
  -0.07993801  0.10119596 -0.27153862 -0.17700853 -0.99599604 -0.99667108
  -2.         -0.99760574 -0.99569516]
 [ 0.05855827  0.00774909  0.81055593  0.35876561  0.24989282  0.07629855
  -0.06296191  0.12446128 -0.26688862 -0.14903265 -0.99724458 -0.99757202
  -0.99760574 -2.         -0.99748896]
 [ 0.15755146  0.16635864  1.          0.51049559  0.3386372   0.20968316
   0.01905912  0.23006302 -0.17561335 -0.10459609 -0.99265248 -0.99355907
  -0.99569516 -0.99748896 -2.        ]]

Maxsm is
 [ 0.15755146  0.16635864  1.          0.51049559  0.3386372   0.20968316
  0.01905912  0.23006302 -0.17561335 -0.10459609  0.60935781  0.6219534
  0.76784254  0.81055593  1.        ]

ASF wv is [1.         1.         0.         1.         1.         1.
 1.         1.         0.8244388  1.         1.         1.
 1.         1.         0.45804704]

############################################################################################

############################################################################################

comm_round: 4 | global_acc: 94.030% | global_f1: 0.9512279488066412 | global_precision: 0.9201427615436092 | global bin 0.9403048157691956

Simulate Models Sent to Clients

Total time for client_1 : local training was 11.22605779999867
Total time for client_2 : local training was 10.43198090000078
Total time for client_3 : local training was 10.59656810000888
Total time for client_4 : local training was 11.075957299995935
Total time for client_5 : local training was 10.492490599979647
Total time for client_6 : local training was 10.995838300004834
Total time for client_7 : local training was 10.485897099977592
Total time for client_8 : local training was 10.573873400018783
Total time for client_9 : local training was 11.11271129999659
Total time for client_10 : local training was 10.322666399995796
Total time for client_11 : local training was 8.044740000012098
Total time for client_12 : local training was 7.235135900002206
Total time for client_13 : local training was 7.403263099986361
Total time for client_14 : local training was 8.006263199989917
Total time for client_15 : local training was 7.421552800020436

Total Client Grads Scaled : 15 unscaled 15

aggregate_gradients Total Client Grads: 15

ASF Similarity is
 [[-2.         -0.52757045 -0.27807478 -0.48387565 -0.70657871 -0.21301176
  -0.68122639 -0.54143791 -0.6057163  -0.63175393  0.2740176   0.28766773
   0.19234338  0.29483154  0.26441201]
 [-0.52757045 -2.         -0.08434318 -0.73948778 -0.21470831  0.25151406
  -0.73702866 -0.43492775 -0.28564684 -0.30939918  0.98125012  0.97072142
   0.82349842  1.          0.97609132]
 [-0.27807478 -0.08434318 -2.         -0.04460595 -0.66657309 -0.71879834
  -0.4851813  -0.62549612 -0.53748456 -0.59984769 -0.47117051 -0.48930968
  -0.55392242 -0.46343252 -0.49602407]
 [-0.48387565 -0.73948778 -0.04460595 -2.         -0.26382739  0.3871997
  -0.76438395 -0.21392837 -0.33845426 -0.46163456  0.91620853  0.93948535
   0.78429323  0.97244242  0.91579552]
 [-0.70657871 -0.21470831 -0.66657309 -0.26382739 -2.         -0.62139796
  -0.64271183 -0.76575226 -0.72547873 -0.67102913 -0.30320094 -0.26943783
  -0.33428932 -0.26648878 -0.28469931]
 [-0.21301176  0.25151406 -0.71879834  0.3871997  -0.62139796 -2.
  -0.1464775  -0.64665598 -0.35296513 -0.43911882 -0.7619932  -0.76900237
  -0.77694448 -0.75671867 -0.76643434]
 [-0.68122639 -0.73702866 -0.4851813  -0.76438395 -0.64271183 -0.1464775
  -2.         -0.61801185 -0.75599237 -0.65407269  0.27774932  0.36039192
   0.19766026  0.34389758  0.30371732]
 [-0.54143791 -0.43492775 -0.62549612 -0.21392837 -0.76575226 -0.64665598
  -0.61801185 -2.         -0.6555623  -0.6252254  -0.26669575 -0.24769634
  -0.31146178 -0.23392732 -0.25213405]
 [-0.6057163  -0.28564684 -0.53748456 -0.33845426 -0.72547873 -0.35296513
  -0.75599237 -0.6555623  -2.         -0.69235964  0.02444784  0.0411636
  -0.05211054  0.04598754  0.02421053]
 [-0.63175393 -0.30939918 -0.59984769 -0.46163456 -0.67102913 -0.43911882
  -0.65407269 -0.6252254  -0.69235964 -2.         -0.21362432 -0.22487842
  -0.28647947 -0.20422569 -0.21523684]
 [ 0.2740176   0.98125012 -0.47117051  0.91620853 -0.30320094 -0.7619932
   0.27774932 -0.26669575  0.02444784 -0.21362432 -2.         -0.99512144
  -0.99635423 -0.99831961 -0.99830568]
 [ 0.28766773  0.97072142 -0.48930968  0.93948535 -0.26943783 -0.76900237
   0.36039192 -0.24769634  0.0411636  -0.22487842 -0.99512144 -2.
  -0.99609792 -0.99682447 -0.99670343]
 [ 0.19234338  0.82349842 -0.55392242  0.78429323 -0.33428932 -0.77694448
   0.19766026 -0.31146178 -0.05211054 -0.28647947 -0.99635423 -0.99609792
  -2.         -0.99747936 -0.99788532]
 [ 0.29483154  1.         -0.46343252  0.97244242 -0.26648878 -0.75671867
   0.34389758 -0.23392732  0.04598754 -0.20422569 -0.99831961 -0.99682447
  -0.99747936 -2.         -0.99926465]
 [ 0.26441201  0.97609132 -0.49602407  0.91579552 -0.28469931 -0.76643434
   0.30371732 -0.25213405  0.02421053 -0.21523684 -0.99830568 -0.99670343
  -0.99788532 -0.99926465 -2.        ]]

Maxsm is
 [ 0.29483154  1.         -0.04460595  0.97244242 -0.21470831  0.3871997
  0.36039192 -0.21392837  0.04598754 -0.20422569  0.98125012  0.97072142
  0.82349842  1.          0.97609132]

ASF wv is [1. 0. 1. 0. 1. 1. 1. 1. 1. 1. 0. 1. 1. 0. 0.]

############################################################################################

############################################################################################

comm_round: 5 | global_acc: 94.355% | global_f1: 0.9532928538066324 | global_precision: 0.9332418838591678 | global bin 0.9435506463050842

Simulate Models Sent to Clients

Total time for client_1 : local training was 11.000550199998543
Total time for client_2 : local training was 10.521429799991893
Total time for client_3 : local training was 10.361056699999608
Total time for client_4 : local training was 11.344519600010244
Total time for client_5 : local training was 10.303084899991518
Total time for client_6 : local training was 11.223496899998281
Total time for client_7 : local training was 10.413397099997383
Total time for client_8 : local training was 10.417328800016548
Total time for client_9 : local training was 11.118547799997032
Total time for client_10 : local training was 10.54121940000914
Total time for client_11 : local training was 7.994203599984758
Total time for client_12 : local training was 7.3301854000019375
Total time for client_13 : local training was 7.991861999995308
Total time for client_14 : local training was 7.270745199988596
Total time for client_15 : local training was 7.370679799991194

Total Client Grads Scaled : 15 unscaled 15

aggregate_gradients Total Client Grads: 15

ASF Similarity is
 [[-2.         -0.78829184 -0.67572584 -0.8538494  -0.68428226 -0.59337601
  -0.74005341 -0.86076718 -0.72206994 -0.57002734 -0.14164331 -0.20868303
  -0.24138757 -0.23669014  0.00815085]
 [-0.78829184 -2.         -0.64700064 -0.80291663 -0.48359117 -0.48922095
  -0.65833097 -0.65125598 -0.43547892 -0.37594341 -0.19977488 -0.26207908
  -0.29231872 -0.30430478 -0.09115517]
 [-0.67572584 -0.64700064 -2.         -0.76381245 -0.58737679 -0.55912497
  -0.61516075 -0.61727825 -0.39490112 -0.42299435 -0.04525016 -0.09166803
  -0.16807221 -0.15089771  0.07555197]
 [-0.8538494  -0.80291663 -0.76381245 -2.         -0.6366751  -0.60641462
  -0.6605947  -0.76515409 -0.64025197 -0.51906155 -0.26739916 -0.31870082
  -0.39505628 -0.37112794 -0.16520234]
 [-0.68428226 -0.48359117 -0.58737679 -0.6366751  -2.         -0.7652067
  -0.76354367 -0.59053678 -0.53287469 -0.73079914  0.40035302  0.29156416
   0.13308193  0.31038386  0.61879729]
 [-0.59337601 -0.48922095 -0.55912497 -0.60641462 -0.7652067  -2.
  -0.43268492 -0.25080039 -0.32009957 -0.67293291 -0.03637516 -0.12515874
  -0.2368593  -0.08385821  0.14917215]
 [-0.74005341 -0.65833097 -0.61516075 -0.6605947  -0.76354367 -0.43268492
  -2.         -0.75874108 -0.73279639 -0.73715978  0.35866083  0.25880574
   0.16394841  0.19877124  0.52425755]
 [-0.86076718 -0.65125598 -0.61727825 -0.76515409 -0.59053678 -0.25080039
  -0.75874108 -2.         -0.58719419 -0.39540033 -0.04668979 -0.11126987
  -0.14479882 -0.19161579  0.0344589 ]
 [-0.72206994 -0.43547892 -0.39490112 -0.64025197 -0.53287469 -0.32009957
  -0.73279639 -0.58719419 -2.         -0.69892722  0.77874778  0.67460338
   0.56699124  0.54744092  1.        ]
 [-0.57002734 -0.37594341 -0.42299435 -0.51906155 -0.73079914 -0.67293291
  -0.73715978 -0.39540033 -0.69892722 -2.          0.57935188  0.48070841
   0.29863102  0.48994095  0.8237938 ]
 [-0.14164331 -0.19977488 -0.04525016 -0.26739916  0.40035302 -0.03637516
   0.35866083 -0.04668979  0.77874778  0.57935188 -2.         -0.99236903
  -0.99604786 -0.9932403  -0.99735931]
 [-0.20868303 -0.26207908 -0.09166803 -0.31870082  0.29156416 -0.12515874
   0.25880574 -0.11126987  0.67460338  0.48070841 -0.99236903 -2.
  -0.99459898 -0.98920675 -0.98464517]
 [-0.24138757 -0.29231872 -0.16807221 -0.39505628  0.13308193 -0.2368593
   0.16394841 -0.14479882  0.56699124  0.29863102 -0.99604786 -0.99459898
  -2.         -0.99521637 -0.98913923]
 [-0.23669014 -0.30430478 -0.15089771 -0.37112794  0.31038386 -0.08385821
   0.19877124 -0.19161579  0.54744092  0.48994095 -0.9932403  -0.98920675
  -0.99521637 -2.         -0.98921654]
 [ 0.00815085 -0.09115517  0.07555197 -0.16520234  0.61879729  0.14917215
   0.52425755  0.0344589   1.          0.8237938  -0.99735931 -0.98464517
  -0.98913923 -0.98921654 -2.        ]]

Maxsm is
 [ 0.00815085 -0.09115517  0.07555197 -0.16520234  0.61879729  0.14917215
  0.52425755  0.0344589   1.          0.8237938   0.77874778  0.67460338
  0.56699124  0.54744092  1.        ]

ASF wv is [1.         0.73794933 1.         0.         1.         1.
 1.         1.         0.         0.17989236 0.90400272 1.
 1.         1.         0.        ]

############################################################################################

############################################################################################

comm_round: 6 | global_acc: 94.341% | global_f1: 0.9532361516034986 | global_precision: 0.9320410490307868 | global bin 0.9434095621109009

Simulate Models Sent to Clients

Total time for client_1 : local training was 11.157453499996336
Total time for client_2 : local training was 10.48663630001829
Total time for client_3 : local training was 11.315624099981505
Total time for client_4 : local training was 10.401296600000933
Total time for client_5 : local training was 10.551170299993828
Total time for client_6 : local training was 11.10890880000079
