###############################################################################################################################################################                   Begin backdoor_10_sybils_asf Simulation              ###############################################################################################################################################################Starting Machine:
Loading Data...

Data Distributions:
normal (0) abnormal(1)
attack
0     9490
1    14400
dtype: int64
Data Proto Distributions:
normal (0) abnormal(1)
proto
arp            467
icmp            12
igmp             2
ipv6-icmp       88
rarp             1
tcp           8447
udp          14873
dtype: int64

Pre-Processing DataHead of Data Frame
   pkSeqID  flgs  proto  sport  ...  TnPPerProto  TnPPerDport      avgPD  attack
0     4340     1      2    0.0  ...      5525931      1322674  10.933030       0
1    24313     1      2    0.0  ...      4994350      1045163  10.965459       0
2    29744     1      2    0.0  ...      4407386      1131789  11.010636       0
3    65173     1      2    0.0  ...      4472728       972058  11.960652       0
4    93800     1      2    0.0  ...      3608282       845792  12.280588       0

[5 rows x 30 columns]
Check Data is CleanNull ValuespkSeqID        0
flgs           0
proto          0
sport          0
dport          0
pkts           0
bytes          0
state          0
seq            0
dur            0
mean           0
stddev         0
sum            0
min            0
max            0
spkts          0
dpkts          0
sbytes         0
dbytes         0
rate           0
srate          0
drate          0
TnBPsrcIP      0
TnBPDstIP      0
TnPPSrcIP      0
TnPPDstIP      0
TnPPerProto    0
TnPPerDport    0
avgPD          0
attack         0
dtype: int64

Backdooring DoS / DDoS, proto : TCP, pkts : 1, dport: 80, bytes >= 201 size of df is 12720

DBA DoS / DDoS, proto : TCP, pkts : 1, dport: 80, bytes >= 201 size of proto is 253410 : pkts : 32490 : dport : 462810 : bytes : 716700

Head of Poison Data Frame
       pkSeqID  flgs  proto    sport  ...  TnPPerProto  TnPPerDport  avgPD  attack
9511  11328126     1      2  10080.0  ...        46388        81338    0.0       0
9540  53563130     1      2  10350.0  ...        22949        25569    0.0       0
9555  39790096     1      2  10446.0  ...        11813        37974    0.0       0
9574  46379101     1      2   1057.0  ...        19113        31594    0.0       0
9616   8058153     1      2  10855.0  ...        43629        83238    0.0       0

[5 rows x 30 columns]
Check Poison Data is Clean
Poison Null ValuespkSeqID        0
flgs           0
proto          0
sport          0
dport          0
pkts           0
bytes          0
state          0
seq            0
dur            0
mean           0
stddev         0
sum            0
min            0
max            0
spkts          0
dpkts          0
sbytes         0
dbytes         0
rate           0
srate          0
drate          0
TnBPsrcIP      0
TnBPDstIP      0
TnPPSrcIP      0
TnPPDstIP      0
TnPPerProto    0
TnPPerDport    0
avgPD          0
attack         0
dtype: int64

Head of dbaProto Data Frame
   pkSeqID  flgs  proto  sport  ...  TnPPerProto  TnPPerDport      avgPD  attack
0     4340     1      2    0.0  ...      5525931      1322674  10.933030       0
1    24313     1      2    0.0  ...      4994350      1045163  10.965459       0
2    29744     1      2    0.0  ...      4407386      1131789  11.010636       0
3    65173     1      2    0.0  ...      4472728       972058  11.960652       0
4    93800     1      2    0.0  ...      3608282       845792  12.280588       0

[5 rows x 30 columns]
Check dbaProto Data is CleandbaProto Null ValuespkSeqID        0
flgs           0
proto          0
sport          0
dport          0
pkts           0
bytes          0
state          0
seq            0
dur            0
mean           0
stddev         0
sum            0
min            0
max            0
spkts          0
dpkts          0
sbytes         0
dbytes         0
rate           0
srate          0
drate          0
TnBPsrcIP      0
TnBPDstIP      0
TnPPSrcIP      0
TnPPDstIP      0
TnPPerProto    0
TnPPerDport    0
avgPD          0
attack         0
dtype: int64

Head of dbaDport Data Frame
     pkSeqID  flgs  proto  sport  ...  TnPPerProto  TnPPerDport      avgPD  attack
326     4335     1      1   80.0  ...     11859844      4284267  17.634145       0
327     4336     1      2   80.0  ...      6064055      3985226  17.889824       0
328     4337     1      2   80.0  ...      6425553      4066934   5.963981       0
331    24317     1      2   80.0  ...      5326760      4130150   5.981577       0
332    24334     1      1   80.0  ...     12249365      4486587  17.943359       0

[5 rows x 30 columns]
Check dbaDport Data is Clean

dbaDport Null Values
pkSeqID        0
flgs           0
proto          0
sport          0
dport          0
pkts           0
bytes          0
state          0
seq            0
dur            0
mean           0
stddev         0
sum            0
min            0
max            0
spkts          0
dpkts          0
sbytes         0
dbytes         0
rate           0
srate          0
drate          0
TnBPsrcIP      0
TnBPDstIP      0
TnPPSrcIP      0
TnPPDstIP      0
TnPPerProto    0
TnPPerDport    0
avgPD          0
attack         0
dtype: int64

Head of dbaBytes Data Frame
   pkSeqID  flgs  proto  sport  ...  TnPPerProto  TnPPerDport      avgPD  attack
0     4340     1      2    0.0  ...      5525931      1322674  10.933030       0
1    24313     1      2    0.0  ...      4994350      1045163  10.965459       0
2    29744     1      2    0.0  ...      4407386      1131789  11.010636       0
3    65173     1      2    0.0  ...      4472728       972058  11.960652       0
4    93800     1      2    0.0  ...      3608282       845792  12.280588       0

[5 rows x 30 columns]
Check dbaBytes Data is Clean

dbaBytes Null Values
pkSeqID        0
flgs           0
proto          0
sport          0
dport          0
pkts           0
bytes          0
state          0
seq            0
dur            0
mean           0
stddev         0
sum            0
min            0
max            0
spkts          0
dpkts          0
sbytes         0
dbytes         0
rate           0
srate          0
drate          0
TnBPsrcIP      0
TnBPDstIP      0
TnPPSrcIP      0
TnPPDstIP      0
TnPPerProto    0
TnPPerDport    0
avgPD          0
attack         0
dtype: int64

Head of dbaPkts Data Frame
      pkSeqID  flgs  proto  sport  ...  TnPPerProto  TnPPerDport  avgPD  attack
1374    12070     1      4  133.0  ...       220968       965050    0.0       0
1375    25176     1      4  133.0  ...       142271      1154097    0.0       0
1376    25566     1      4  133.0  ...       178007      1380563    0.0       0
1377    27533     1      4  133.0  ...       167280      1050013    0.0       0
1378    51757     1      4  133.0  ...       168450       941884    0.0       0

[5 rows x 30 columns]
Check dbaPkts Data is Clean

dbaPkts Null Values
pkSeqID        0
flgs           0
proto          0
sport          0
dport          0
pkts           0
bytes          0
state          0
seq            0
dur            0
mean           0
stddev         0
sum            0
min            0
max            0
spkts          0
dpkts          0
sbytes         0
dbytes         0
rate           0
srate          0
drate          0
TnBPsrcIP      0
TnBPDstIP      0
TnPPSrcIP      0
TnPPDstIP      0
TnPPerProto    0
TnPPerDport    0
avgPD          0
attack         0
dtype: int64

Data Features: 29 | LSTM Timesteps: 80
Create Clients: 10
Create Backdoor Sybils: 10

Number of total clients and sybils 20

Simulate Models Sent to Clients

Total time for client_1 : local training was 10.49355139999534
Total time for client_2 : local training was 11.041764199995669
Total time for client_3 : local training was 10.371604100015247
Total time for client_4 : local training was 11.34855389999575
Total time for client_5 : local training was 10.452482799999416
Total time for client_6 : local training was 10.597756000002846
Total time for client_7 : local training was 11.131218399998033
Total time for client_8 : local training was 10.52135329999146
Total time for client_9 : local training was 11.330274999985704
Total time for client_10 : local training was 10.393426499998895
Total time for client_11 : local training was 7.269547600008082
Total time for client_12 : local training was 7.955924300011247
Total time for client_13 : local training was 7.220542600000044
Total time for client_14 : local training was 7.914988400007132
Total time for client_15 : local training was 7.218242700007977
Total time for client_16 : local training was 7.248039700003574
Total time for client_17 : local training was 8.006826199998613
Total time for client_18 : local training was 7.26009470000281
Total time for client_19 : local training was 7.286469000013312
Total time for client_20 : local training was 7.931211799994344

Total Client Grads Scaled : 20 unscaled 20

aggregate_gradients Total Client Grads: 20

ASF Similarity is
 [[-2.         -0.29574097  0.0182101  -0.35401609 -0.38766514 -0.47472608
  -0.41945999 -0.20865896 -0.2509892  -0.34603151  0.33822547  0.28926633
   0.34097883  0.27214113  0.35903746  0.29131794  0.22874062  0.36882041
   0.35377399  0.27220168]
 [-0.29574097 -2.         -0.09225032 -0.49207567 -0.38512194 -0.52101601
  -0.43607976 -0.38948271  0.04036864 -0.38780844  0.12436751  0.10635591
   0.10605089  0.01995122  0.12689026  0.10851883  0.06893752  0.13027241
   0.16055763  0.03427944]
 [ 0.0182101  -0.09225032 -2.         -0.33211142 -0.23691536  0.04544874
  -0.22744778 -0.03398876 -0.12081525  0.38270804  0.35232294  0.32399639
   0.23167361  0.28084842  0.3271615   0.22056975  0.19525564  0.36540308
   0.34214742  0.23409995]
 [-0.35401609 -0.49207567 -0.33211142 -2.         -0.47018864 -0.46119796
  -0.47853395 -0.30697743 -0.25615533 -0.28920016  0.16048462  0.11755529
   0.12602435  0.12688988  0.16274479  0.08955796  0.02666916  0.12715792
   0.10333658  0.03151562]
 [-0.38766514 -0.38512194 -0.23691536 -0.47018864 -2.         -0.33941616
  -0.37149448 -0.30789341  0.14105016 -0.03840289 -0.33663601 -0.38641104
  -0.35700067 -0.36221843 -0.33724343 -0.3889368  -0.41261151 -0.3494101
  -0.34125958 -0.40614329]
 [-0.47472608 -0.52101601  0.04544874 -0.46119796 -0.33941616 -2.
  -0.6289507  -0.42933805 -0.22102884 -0.64090329  0.25294243  0.20045992
   0.23179374  0.19251267  0.25949672  0.18627265  0.18127831  0.20672221
   0.26749059  0.11418954]
 [-0.41945999 -0.43607976 -0.22744778 -0.47853395 -0.37149448 -0.6289507
  -2.         -0.39119992 -0.50422945 -0.60045064  0.3206469   0.21251957
   0.30809409  0.26298514  0.32398358  0.15598523  0.20710139  0.28126384
   0.31039712  0.14376606]
 [-0.20865896 -0.38948271 -0.03398876 -0.30697743 -0.30789341 -0.42933805
  -0.39119992 -2.         -0.00721003 -0.24515766  0.21632443  0.1744152
   0.22071162  0.14323342  0.19165704  0.14174611  0.13110607  0.21680186
   0.28297212  0.11138701]
 [-0.2509892   0.04036864 -0.12081525 -0.25615533  0.14105016 -0.22102884
  -0.50422945 -0.00721003 -2.         -0.13482147  1.          0.89797192
   0.92864157  0.86058349  0.89568715  0.76675228  0.84317976  0.94734857
   0.9342555   0.79669105]
 [-0.34603151 -0.38780844  0.38270804 -0.28920016 -0.03840289 -0.64090329
  -0.60045064 -0.24515766 -0.13482147 -2.          0.55695036  0.52179495
   0.61219595  0.5581824   0.56613903  0.49528746  0.55499016  0.56809846
   0.60521367  0.40083462]
 [ 0.33822547  0.12436751  0.35232294  0.16048462 -0.33663601  0.25294243
   0.3206469   0.21632443  1.          0.55695036 -2.         -0.9833056
  -0.98380366 -0.98467366 -0.98873323 -0.97364693 -0.98114402 -0.98887997
  -0.98709403 -0.98519496]
 [ 0.28926633  0.10635591  0.32399639  0.11755529 -0.38641104  0.20045992
   0.21251957  0.1744152   0.89797192  0.52179495 -0.9833056  -2.
  -0.9825068  -0.97786234 -0.98280894 -0.97639561 -0.98483915 -0.98663726
  -0.98666278 -0.98463265]
 [ 0.34097883  0.10605089  0.23167361  0.12602435 -0.35700067  0.23179374
   0.30809409  0.22071162  0.92864157  0.61219595 -0.98380366 -0.9825068
  -2.         -0.98715152 -0.98767907 -0.96955434 -0.98650643 -0.98855948
  -0.98539014 -0.98301181]
 [ 0.27214113  0.01995122  0.28084842  0.12688988 -0.36221843  0.19251267
   0.26298514  0.14323342  0.86058349  0.5581824  -0.98467366 -0.97786234
  -0.98715152 -2.         -0.98633867 -0.9749984  -0.98795376 -0.98453481
  -0.98037051 -0.9872242 ]
 [ 0.35903746  0.12689026  0.3271615   0.16274479 -0.33724343  0.25949672
   0.32398358  0.19165704  0.89568715  0.56613903 -0.98873323 -0.98280894
  -0.98767907 -0.98633867 -2.         -0.97565189 -0.98443113 -0.98764019
  -0.98746532 -0.98578267]
 [ 0.29131794  0.10851883  0.22056975  0.08955796 -0.3889368   0.18627265
   0.15598523  0.14174611  0.76675228  0.49528746 -0.97364693 -0.97639561
  -0.96955434 -0.9749984  -0.97565189 -2.         -0.97958466 -0.97468919
  -0.97655409 -0.98265543]
 [ 0.22874062  0.06893752  0.19525564  0.02666916 -0.41261151  0.18127831
   0.20710139  0.13110607  0.84317976  0.55499016 -0.98114402 -0.98483915
  -0.98650643 -0.98795376 -0.98443113 -0.97958466 -2.         -0.98655403
  -0.98811929 -0.98877232]
 [ 0.36882041  0.13027241  0.36540308  0.12715792 -0.3494101   0.20672221
   0.28126384  0.21680186  0.94734857  0.56809846 -0.98887997 -0.98663726
  -0.98855948 -0.98453481 -0.98764019 -0.97468919 -0.98655403 -2.
  -0.99189223 -0.99193569]
 [ 0.35377399  0.16055763  0.34214742  0.10333658 -0.34125958  0.26749059
   0.31039712  0.28297212  0.9342555   0.60521367 -0.98709403 -0.98666278
  -0.98539014 -0.98037051 -0.98746532 -0.97655409 -0.98811929 -0.99189223
  -2.         -0.98496855]
 [ 0.27220168  0.03427944  0.23409995  0.03151562 -0.40614329  0.11418954
   0.14376606  0.11138701  0.79669105  0.40083462 -0.98519496 -0.98463265
  -0.98301181 -0.9872242  -0.98578267 -0.98265543 -0.98877232 -0.99193569
  -0.98496855 -2.        ]]

Maxsm is
 [0.36882041 0.16055763 0.38270804 0.16274479 0.14105016 0.26749059
 0.32398358 0.28297212 1.         0.61219595 1.         0.89797192
 0.92864157 0.86058349 0.89568715 0.76675228 0.84317976 0.94734857
 0.9342555  0.79669105]

ASF wv is [1.         1.         1.         1.         1.         1.
 1.         1.         0.         0.98067234 0.         0.41467317
 0.04507402 0.26799508 0.23564308 0.52086118 0.28094    0.22765545
 0.07440813 0.90447353]

############################################################################################

############################################################################################

comm_round: 0 | global_acc: 59.131% | global_f1: 0.7431713373536716 | global_precision: 0.5913068021450748 | global bin 0.5913068056106567

Simulate Models Sent to Clients

Total time for client_1 : local training was 10.456149199977517
Total time for client_2 : local training was 10.981092000001809
Total time for client_3 : local training was 10.502417099982267
Total time for client_4 : local training was 10.604304500011494
Total time for client_5 : local training was 10.474782899982529
Total time for client_6 : local training was 10.55138160000206
Total time for client_7 : local training was 11.562105999997584
Total time for client_8 : local training was 10.401084900018759
Total time for client_9 : local training was 10.441274899989367
Total time for client_10 : local training was 11.337843499990413
Total time for client_11 : local training was 7.244396499998402
Total time for client_12 : local training was 7.908249799977057
Total time for client_13 : local training was 7.219140599976527
Total time for client_14 : local training was 7.225939199997811
Total time for client_15 : local training was 7.9179000000003725
Total time for client_16 : local training was 7.2321077000233345
Total time for client_17 : local training was 7.296439900004771
Total time for client_18 : local training was 7.205837899993639
Total time for client_19 : local training was 7.249084600014612
Total time for client_20 : local training was 8.02011230000062

Total Client Grads Scaled : 20 unscaled 20

aggregate_gradients Total Client Grads: 20

ASF Similarity is
 [[-2.00000000e+00 -1.31605843e-01 -3.93026470e-01 -4.93962426e-01
  -8.90116147e-01 -2.21516241e-01 -6.76680457e-01 -5.20240828e-01
   2.98928491e-01  1.00000000e+00 -8.71264838e-01 -8.57781000e-01
  -8.73249089e-01 -8.73018303e-01 -8.54534544e-01 -8.48122758e-01
  -8.61256479e-01 -8.64812684e-01 -8.61860996e-01 -8.69901749e-01]
 [-1.31605843e-01 -2.00000000e+00 -5.29366090e-01 -2.84200381e-01
  -8.84874692e-02 -2.76699148e-01 -4.29142734e-01  1.24528449e-01
  -5.03044139e-01 -2.31088540e-01  3.74647411e-02 -1.30743998e-01
  -1.52666143e-01 -1.88198441e-02  1.70057469e-02 -7.40638240e-02
  -1.52185029e-01 -1.31090209e-01 -1.13608773e-01 -1.31702702e-01]
 [-3.93026470e-01 -5.29366090e-01 -2.00000000e+00 -6.26445439e-01
  -4.76451354e-01 -6.03553667e-01 -5.91723316e-01 -4.80207810e-01
  -3.17312933e-01  4.67491356e-02 -5.55515215e-01 -6.66176875e-01
  -6.44745206e-01 -6.06425933e-01 -5.97829048e-01 -6.50218367e-01
  -6.60095856e-01 -6.41622072e-01 -6.51254517e-01 -6.51075157e-01]
 [-4.93962426e-01 -2.84200381e-01 -6.26445439e-01 -2.00000000e+00
  -6.39665140e-01 -7.19968797e-01 -6.49581070e-01 -6.94520397e-01
  -4.38068526e-01 -1.25079883e-01 -6.34287138e-01 -7.21517720e-01
  -7.16889930e-01 -6.72371926e-01 -6.78877687e-01 -7.07847370e-01
  -7.16207598e-01 -6.99167435e-01 -7.00926715e-01 -7.04326013e-01]
 [-8.90116147e-01 -8.84874692e-02 -4.76451354e-01 -6.39665140e-01
  -2.00000000e+00 -2.94419309e-01 -7.77336407e-01 -7.56947093e-01
   7.94812767e-02  7.70186130e-01 -9.23930237e-01 -9.06029513e-01
  -9.20060331e-01 -9.13196399e-01 -9.12693419e-01 -9.09229250e-01
  -9.07132085e-01 -9.11527313e-01 -9.09640654e-01 -9.13999280e-01]
 [-2.21516241e-01 -2.76699148e-01 -6.03553667e-01 -7.19968797e-01
  -2.94419309e-01 -2.00000000e+00 -4.63414649e-01 -5.02237720e-01
  -6.23738439e-01 -3.31384283e-01 -3.92377170e-01 -5.48918682e-01
  -5.28628750e-01 -4.75940144e-01 -4.64657693e-01 -5.24198104e-01
  -5.36430998e-01 -5.16803485e-01 -5.05013686e-01 -5.19866187e-01]
 [-6.76680457e-01 -4.29142734e-01 -5.91723316e-01 -6.49581070e-01
  -7.77336407e-01 -4.63414649e-01 -2.00000000e+00 -4.45627303e-01
  -3.11794288e-01  2.95170819e-01 -7.43529697e-01 -7.82317648e-01
  -7.90198184e-01 -7.47321512e-01 -7.15295730e-01 -7.68025376e-01
  -8.02609960e-01 -7.73509635e-01 -7.87594502e-01 -7.82420778e-01]
 [-5.20240828e-01  1.24528449e-01 -4.80207810e-01 -6.94520397e-01
  -7.56947093e-01 -5.02237720e-01 -4.45627303e-01 -2.00000000e+00
  -3.45864270e-02  1.88183371e-01 -6.92620890e-01 -7.55378099e-01
  -7.47858058e-01 -7.02729053e-01 -7.18748066e-01 -7.49839027e-01
  -7.46972989e-01 -7.53811859e-01 -7.50943800e-01 -7.46857099e-01]
 [ 2.98928491e-01 -5.03044139e-01 -3.17312933e-01 -4.38068526e-01
   7.94812767e-02 -6.23738439e-01 -3.11794288e-01 -3.45864270e-02
  -2.00000000e+00 -5.58126053e-01  1.68230805e-01 -4.25898848e-02
  -3.17943683e-02  8.88329693e-02  7.01932154e-02  3.57217154e-03
  -4.15602906e-02  1.21019060e-03  1.23638136e-02 -1.25879399e-02]
 [ 1.00000000e+00 -2.31088540e-01  4.67491356e-02 -1.25079883e-01
   7.70186130e-01 -3.31384283e-01  2.95170819e-01  1.88183371e-01
  -5.58126053e-01 -2.00000000e+00  8.28064174e-01  4.85705039e-01
   5.22080005e-01  7.04266424e-01  6.53926233e-01  5.44815393e-01
   4.98600829e-01  5.45886115e-01  5.49392276e-01  5.41084147e-01]
 [-8.71264838e-01  3.74647411e-02 -5.55515215e-01 -6.34287138e-01
  -9.23930237e-01 -3.92377170e-01 -7.43529697e-01 -6.92620890e-01
   1.68230805e-01  8.28064174e-01 -2.00000000e+00 -9.91673794e-01
  -9.93537502e-01 -9.95831993e-01 -9.95184004e-01 -9.92881132e-01
  -9.92742245e-01 -9.93297379e-01 -9.92861023e-01 -9.94267988e-01]
 [-8.57781000e-01 -1.30743998e-01 -6.66176875e-01 -7.21517720e-01
  -9.06029513e-01 -5.48918682e-01 -7.82317648e-01 -7.55378099e-01
  -4.25898848e-02  4.85705039e-01 -9.91673794e-01 -2.00000000e+00
  -9.98544683e-01 -9.94037772e-01 -9.93356214e-01 -9.98381478e-01
  -9.98620001e-01 -9.98681271e-01 -9.97870980e-01 -9.98960393e-01]
 [-8.73249089e-01 -1.52666143e-01 -6.44745206e-01 -7.16889930e-01
  -9.20060331e-01 -5.28628750e-01 -7.90198184e-01 -7.47858058e-01
  -3.17943683e-02  5.22080005e-01 -9.93537502e-01 -9.98544683e-01
  -2.00000000e+00 -9.95200059e-01 -9.94053059e-01 -9.98170514e-01
  -9.98385658e-01 -9.98469592e-01 -9.97538959e-01 -9.99118694e-01]
 [-8.73018303e-01 -1.88198441e-02 -6.06425933e-01 -6.72371926e-01
  -9.13196399e-01 -4.75940144e-01 -7.47321512e-01 -7.02729053e-01
   8.88329693e-02  7.04266424e-01 -9.95831993e-01 -9.94037772e-01
  -9.95200059e-01 -2.00000000e+00 -9.95260184e-01 -9.93612780e-01
  -9.93749614e-01 -9.93818790e-01 -9.92767891e-01 -9.95842374e-01]
 [-8.54534544e-01  1.70057469e-02 -5.97829048e-01 -6.78877687e-01
  -9.12693419e-01 -4.64657693e-01 -7.15295730e-01 -7.18748066e-01
   7.01932154e-02  6.53926233e-01 -9.95184004e-01 -9.93356214e-01
  -9.94053059e-01 -9.95260184e-01 -2.00000000e+00 -9.94881756e-01
  -9.91785619e-01 -9.93872505e-01 -9.91603975e-01 -9.94053680e-01]
 [-8.48122758e-01 -7.40638240e-02 -6.50218367e-01 -7.07847370e-01
  -9.09229250e-01 -5.24198104e-01 -7.68025376e-01 -7.49839027e-01
   3.57217154e-03  5.44815393e-01 -9.92881132e-01 -9.98381478e-01
  -9.98170514e-01 -9.93612780e-01 -9.94881756e-01 -2.00000000e+00
  -9.97691014e-01 -9.98299738e-01 -9.97018084e-01 -9.98266623e-01]
 [-8.61256479e-01 -1.52185029e-01 -6.60095856e-01 -7.16207598e-01
  -9.07132085e-01 -5.36430998e-01 -8.02609960e-01 -7.46972989e-01
  -4.15602906e-02  4.98600829e-01 -9.92742245e-01 -9.98620001e-01
  -9.98385658e-01 -9.93749614e-01 -9.91785619e-01 -9.97691014e-01
  -2.00000000e+00 -9.98109209e-01 -9.98830681e-01 -9.98615748e-01]
 [-8.64812684e-01 -1.31090209e-01 -6.41622072e-01 -6.99167435e-01
  -9.11527313e-01 -5.16803485e-01 -7.73509635e-01 -7.53811859e-01
   1.21019060e-03  5.45886115e-01 -9.93297379e-01 -9.98681271e-01
  -9.98469592e-01 -9.93818790e-01 -9.93872505e-01 -9.98299738e-01
  -9.98109209e-01 -2.00000000e+00 -9.97596704e-01 -9.98946379e-01]
 [-8.61860996e-01 -1.13608773e-01 -6.51254517e-01 -7.00926715e-01
  -9.09640654e-01 -5.05013686e-01 -7.87594502e-01 -7.50943800e-01
   1.23638136e-02  5.49392276e-01 -9.92861023e-01 -9.97870980e-01
  -9.97538959e-01 -9.92767891e-01 -9.91603975e-01 -9.97018084e-01
  -9.98830681e-01 -9.97596704e-01 -2.00000000e+00 -9.97927802e-01]
 [-8.69901749e-01 -1.31702702e-01 -6.51075157e-01 -7.04326013e-01
  -9.13999280e-01 -5.19866187e-01 -7.82420778e-01 -7.46857099e-01
  -1.25879399e-02  5.41084147e-01 -9.94267988e-01 -9.98960393e-01
  -9.99118694e-01 -9.95842374e-01 -9.94053680e-01 -9.98266623e-01
  -9.98615748e-01 -9.98946379e-01 -9.97927802e-01 -2.00000000e+00]]

Maxsm is
 [ 1.          0.12452845  0.04674914 -0.12507988  0.77018613 -0.22151624
  0.29517082  0.18818337  0.29892849  1.          0.82806417  0.48570504
  0.52208001  0.70426642  0.65392623  0.54481539  0.49860083  0.54588612
  0.54939228  0.54108415]

ASF wv is [0. 1. 1. 1. 1. 1. 1. 1. 1. 0. 1. 1. 1. 1. 1. 1. 1. 1. 1. 1.]

############################################################################################

############################################################################################

comm_round: 1 | global_acc: 59.131% | global_f1: 0.7431713373536716 | global_precision: 0.5913068021450748 | global bin 0.5913068056106567

Simulate Models Sent to Clients

Total time for client_1 : local training was 10.376465400011512
Total time for client_2 : local training was 10.5289136999927
Total time for client_3 : local training was 11.17728710002848
Total time for client_4 : local training was 10.468450500018662
Total time for client_5 : local training was 11.14221349998843
Total time for client_6 : local training was 10.305158400005894
Total time for client_7 : local training was 10.36567020000075
Total time for client_8 : local training was 11.162025699974038
Total time for client_9 : local training was 10.358023200009484
Total time for client_10 : local training was 10.508482599980198
Total time for client_11 : local training was 7.98410070000682
Total time for client_12 : local training was 7.225577999983216
Total time for client_13 : local training was 7.873116899980232
Total time for client_14 : local training was 7.242122199997539
Total time for client_15 : local training was 7.438912400015397
Total time for client_16 : local training was 7.9611775999946985
Total time for client_17 : local training was 7.233226399985142
Total time for client_18 : local training was 7.32695259997854
Total time for client_19 : local training was 7.2084955999744125
Total time for client_20 : local training was 7.2908013999986

Total Client Grads Scaled : 20 unscaled 20

aggregate_gradients Total Client Grads: 20

ASF Similarity is
 [[-2.         -0.64617027 -0.7898262  -0.69766251 -0.70580273 -0.83916546
  -0.83360463 -0.59240943 -0.72703487 -0.65121557  0.46829196  0.41821872
   0.37797212  0.48487578  0.44454209  0.35658507  0.37867139  0.33572536
   0.49000164  0.30972808]
 [-0.64617027 -2.         -0.78484441 -0.63939946 -0.83814144 -0.81326178
  -0.82290422 -0.73477486 -0.87564885 -0.87571415 -0.18202153 -0.18302648
  -0.21569955 -0.16596405 -0.17089287 -0.22430754 -0.20690411 -0.21433005
  -0.14022808 -0.24863894]
 [-0.7898262  -0.78484441 -2.         -0.75001846 -0.83652813 -0.86464221
  -0.84754078 -0.68253929 -0.85022052 -0.86925752  0.37052164  0.33899638
   0.284598    0.39520431  0.35974633  0.28610255  0.30440707  0.27012661
   0.37568528  0.23383004]
 [-0.69766251 -0.63939946 -0.75001846 -2.         -0.70079726 -0.73706801
  -0.83316132 -0.51047163 -0.70989898 -0.57444769  0.96557046  0.92375493
   0.87897145  0.97396072  0.94213972  0.86309208  0.89779889  0.84941241
   1.          0.81583727]
 [-0.70580273 -0.83814144 -0.83652813 -0.70079726 -2.         -0.87602817
  -0.83510672 -0.68477011 -0.88478695 -0.86487842 -0.07436994 -0.09662047
  -0.12746662 -0.07185767 -0.10404562 -0.13750995 -0.13016057 -0.1502757
  -0.07182436 -0.17228209]
 [-0.83916546 -0.81326178 -0.86464221 -0.73706801 -0.87602817 -2.
  -0.86266365 -0.70864268 -0.79143871 -0.78827062  0.1354791   0.10683883
   0.06771605  0.1350627   0.10577194  0.05625537  0.05722106  0.04268399
   0.14553087  0.02086466]
 [-0.83360463 -0.82290422 -0.84754078 -0.83316132 -0.83510672 -0.86266365
  -2.         -0.80941102 -0.84743882 -0.7758329   0.09862935  0.06932389
   0.02999877  0.1082043   0.08565761  0.02638905  0.04435521  0.01911788
   0.11924663 -0.02084667]
 [-0.59240943 -0.73477486 -0.68253929 -0.51047163 -0.68477011 -0.70864268
  -0.80941102 -2.         -0.74546476 -0.65203311  0.23616544  0.23560636
   0.19153148  0.27878616  0.25049288  0.19677065  0.19656449  0.19622669
   0.30193866  0.13597978]
 [-0.72703487 -0.87564885 -0.85022052 -0.70989898 -0.88478695 -0.79143871
  -0.84743882 -0.74546476 -2.         -0.91020801 -0.24773001 -0.26156889
  -0.28685393 -0.22964043 -0.25494847 -0.28991954 -0.27131124 -0.288954
  -0.23600189 -0.32085771]
 [-0.65121557 -0.87571415 -0.86925752 -0.57444769 -0.86487842 -0.78827062
  -0.7758329  -0.65203311 -0.91020801 -2.         -0.26885598 -0.27789817
  -0.32069946 -0.26204915 -0.2758777  -0.32306779 -0.29229729 -0.31412095
  -0.27328276 -0.3443795 ]
 [ 0.46829196 -0.18202153  0.37052164  0.96557046 -0.07436994  0.1354791
   0.09862935  0.23616544 -0.24773001 -0.26885598 -2.         -0.99929881
  -0.9993311  -0.99903808 -0.99875634 -0.99851797 -0.99896986 -0.99800507
  -0.99891501 -0.99837761]
 [ 0.41821872 -0.18302648  0.33899638  0.92375493 -0.09662047  0.10683883
   0.06932389  0.23560636 -0.26156889 -0.27789817 -0.99929881 -2.
  -0.99948719 -0.99876654 -0.99874278 -0.99887333 -0.99916994 -0.99927499
  -0.99880144 -0.99889405]
 [ 0.37797212 -0.21569955  0.284598    0.87897145 -0.12746662  0.06771605
   0.02999877  0.19153148 -0.28685393 -0.32069946 -0.9993311  -0.99948719
  -2.         -0.99865716 -0.99898825 -0.99941201 -0.99944882 -0.99916012
  -0.99881028 -0.99938279]
 [ 0.48487578 -0.16596405  0.39520431  0.97396072 -0.07185767  0.1350627
   0.1082043   0.27878616 -0.22964043 -0.26204915 -0.99903808 -0.99876654
  -0.99865716 -2.         -0.99850579 -0.99780149 -0.9983022  -0.99737343
  -0.99893933 -0.99770318]
 [ 0.44454209 -0.17089287  0.35974633  0.94213972 -0.10404562  0.10577194
   0.08565761  0.25049288 -0.25494847 -0.2758777  -0.99875634 -0.99874278
  -0.99898825 -0.99850579 -2.         -0.99875017 -0.9989019  -0.99807349
  -0.99840303 -0.99847079]
 [ 0.35658507 -0.22430754  0.28610255  0.86309208 -0.13750995  0.05625537
   0.02638905  0.19677065 -0.28991954 -0.32306779 -0.99851797 -0.99887333
  -0.99941201 -0.99780149 -0.99875017 -2.         -0.99903955 -0.9990934
  -0.99808883 -0.99932079]
 [ 0.37867139 -0.20690411  0.30440707  0.89779889 -0.13016057  0.05722106
   0.04435521  0.19656449 -0.27131124 -0.29229729 -0.99896986 -0.99916994
  -0.99944882 -0.9983022  -0.9989019  -0.99903955 -2.         -0.99899091
  -0.99793465 -0.99913063]
 [ 0.33572536 -0.21433005  0.27012661  0.84941241 -0.1502757   0.04268399
   0.01911788  0.19622669 -0.288954   -0.31412095 -0.99800507 -0.99927499
  -0.99916012 -0.99737343 -0.99807349 -0.9990934  -0.99899091 -2.
  -0.99774268 -0.99923255]
 [ 0.49000164 -0.14022808  0.37568528  1.         -0.07182436  0.14553087
   0.11924663  0.30193866 -0.23600189 -0.27328276 -0.99891501 -0.99880144
  -0.99881028 -0.99893933 -0.99840303 -0.99808883 -0.99793465 -0.99774268
  -2.         -0.99769951]
 [ 0.30972808 -0.24863894  0.23383004  0.81583727 -0.17228209  0.02086466
  -0.02084667  0.13597978 -0.32085771 -0.3443795  -0.99837761 -0.99889405
  -0.99938279 -0.99770318 -0.99847079 -0.99932079 -0.99913063 -0.99923255
  -0.99769951 -2.        ]]

Maxsm is
 [ 0.49000164 -0.14022808  0.39520431  1.         -0.07182436  0.14553087
  0.11924663  0.30193866 -0.22964043 -0.26204915  0.96557046  0.92375493
  0.87897145  0.97396072  0.94213972  0.86309208  0.89779889  0.84941241
  1.          0.81583727]

ASF wv is [1.         1.         1.         0.         1.         1.
 1.         1.         1.         1.         0.628522   0.8317915
 1.         0.56198273 0.72434875 1.         0.99707068 1.
 0.         1.        ]

############################################################################################

############################################################################################

comm_round: 2 | global_acc: 61.050% | global_f1: 0.7522441651705566 | global_precision: 0.6028776978417266 | global bin 0.6104995608329773

Simulate Models Sent to Clients

Total time for client_1 : local training was 11.288653499999782
Total time for client_2 : local training was 10.410132499993779
Total time for client_3 : local training was 10.48199050000403
Total time for client_4 : local training was 11.19339279999258
Total time for client_5 : local training was 10.53212839999469
Total time for client_6 : local training was 11.262840499985032
Total time for client_7 : local training was 10.384425500000361
Total time for client_8 : local training was 10.509533000004012
Total time for client_9 : local training was 10.996606300002895
Total time for client_10 : local training was 10.46477479999885
Total time for client_11 : local training was 7.892175499990117
Total time for client_12 : local training was 7.214227999997092
Total time for client_13 : local training was 7.29178190001403
Total time for client_14 : local training was 7.969962000002852
Total time for client_15 : local training was 7.2380329000006896
Total time for client_16 : local training was 7.2611060999915935
Total time for client_17 : local training was 7.970995600015158
Total time for client_18 : local training was 7.2487192999979015
Total time for client_19 : local training was 7.801704099983908
Total time for client_20 : local training was 7.272452000004705

Total Client Grads Scaled : 20 unscaled 20

aggregate_gradients Total Client Grads: 20

ASF Similarity is
 [[-2.00000000e+00 -7.33591308e-01 -6.27516839e-01 -6.08944698e-01
  -4.11099021e-01 -8.03706185e-01 -6.12051377e-01 -6.50435639e-01
  -5.02611110e-01 -8.47164752e-01  9.21587533e-01  8.80346392e-01
   7.70560889e-01  7.65013567e-01  8.50149076e-01  9.06688924e-01
   1.00000000e+00  7.80438208e-01  7.74722120e-01  9.06672829e-01]
 [-7.33591308e-01 -2.00000000e+00 -7.38293400e-01 -7.06893593e-01
  -5.57795291e-01 -8.05569048e-01 -6.24314097e-01 -7.80516824e-01
  -7.62908986e-01 -7.83195018e-01  3.91615716e-01  2.47297094e-01
   2.18956577e-01  2.42694331e-01  3.62738551e-01  3.25952315e-01
   3.43179562e-01  2.01161122e-01  2.68624471e-01  3.15548689e-01]
 [-6.27516839e-01 -7.38293400e-01 -2.00000000e+00 -8.62623326e-01
  -7.92523242e-01 -6.69969196e-01 -8.16103553e-01 -7.79395093e-01
  -8.45807572e-01 -8.11383052e-01 -2.82924629e-01 -3.17500038e-01
  -3.64668198e-01 -3.52773851e-01 -3.09490645e-01 -2.93200272e-01
  -2.55268262e-01 -3.53744493e-01 -3.50662312e-01 -2.69964707e-01]
 [-6.08944698e-01 -7.06893593e-01 -8.62623326e-01 -2.00000000e+00
  -8.61361269e-01 -6.09906831e-01 -8.23693644e-01 -7.65618448e-01
  -8.55395577e-01 -7.02371521e-01 -3.07682922e-01 -3.56582703e-01
  -3.94275288e-01 -3.93880928e-01 -3.33596274e-01 -3.15830842e-01
  -3.11198361e-01 -3.79619675e-01 -3.89605070e-01 -3.28845044e-01]
 [-4.11099021e-01 -5.57795291e-01 -7.92523242e-01 -8.61361269e-01
  -2.00000000e+00 -5.68722721e-01 -9.00416073e-01 -7.57654169e-01
  -8.50467954e-01 -7.14540750e-01 -5.10096978e-01 -5.23779747e-01
  -5.47944749e-01 -5.56933092e-01 -5.20987518e-01 -4.84013401e-01
  -4.87072367e-01 -5.56514633e-01 -5.41183248e-01 -5.10776093e-01]
 [-8.03706185e-01 -8.05569048e-01 -6.69969196e-01 -6.09906831e-01
  -5.68722721e-01 -2.00000000e+00 -5.57983308e-01 -7.68598289e-01
  -6.57663599e-01 -8.14769597e-01  6.54862218e-01  5.62486493e-01
   5.44533705e-01  5.41593454e-01  6.15651776e-01  6.31909225e-01
   6.81091238e-01  4.88438384e-01  5.18884959e-01  6.04870648e-01]
 [-6.12051377e-01 -6.24314097e-01 -8.16103553e-01 -8.23693644e-01
  -9.00416073e-01 -5.57983308e-01 -2.00000000e+00 -8.03356804e-01
  -8.37633881e-01 -7.49642871e-01 -3.97512509e-01 -4.25601188e-01
  -4.52069229e-01 -4.54954909e-01 -4.27505319e-01 -3.79177444e-01
  -3.79531849e-01 -4.63300422e-01 -4.44224681e-01 -4.04150522e-01]
 [-6.50435639e-01 -7.80516824e-01 -7.79395093e-01 -7.65618448e-01
  -7.57654169e-01 -7.68598289e-01 -8.03356804e-01 -2.00000000e+00
  -7.75379056e-01 -7.94229296e-01  9.01070295e-02 -9.18788585e-03
  -5.49403094e-04 -3.52488185e-02  3.24459489e-02  7.69652565e-02
   9.43082789e-02 -6.67629657e-02 -1.79373417e-02  5.41131929e-02]
 [-5.02611110e-01 -7.62908986e-01 -8.45807572e-01 -8.55395577e-01
  -8.50467954e-01 -6.57663599e-01 -8.37633881e-01 -7.75379056e-01
  -2.00000000e+00 -7.28777831e-01 -3.59345962e-01 -4.41406462e-01
  -4.37423378e-01 -4.28823178e-01 -3.60008654e-01 -3.62483605e-01
  -3.58354379e-01 -4.76338064e-01 -4.25071501e-01 -3.73986378e-01]
 [-8.47164752e-01 -7.83195018e-01 -8.11383052e-01 -7.02371521e-01
  -7.14540750e-01 -8.14769597e-01 -7.49642871e-01 -7.94229296e-01
  -7.28777831e-01 -2.00000000e+00  3.03963738e-01  2.85907972e-01
   2.10890492e-01  1.90896077e-01  2.48021736e-01  3.40803902e-01
   3.81506430e-01  2.22203520e-01  2.07720608e-01  3.27853513e-01]
 [ 9.21587533e-01  3.91615716e-01 -2.82924629e-01 -3.07682922e-01
  -5.10096978e-01  6.54862218e-01 -3.97512509e-01  9.01070295e-02
  -3.59345962e-01  3.03963738e-01 -2.00000000e+00 -9.96249605e-01
  -9.95544020e-01 -9.96521068e-01 -9.98461605e-01 -9.96899975e-01
  -9.96623317e-01 -9.93885648e-01 -9.97473942e-01 -9.97034494e-01]
 [ 8.80346392e-01  2.47297094e-01 -3.17500038e-01 -3.56582703e-01
  -5.23779747e-01  5.62486493e-01 -4.25601188e-01 -9.18788585e-03
  -4.41406462e-01  2.85907972e-01 -9.96249605e-01 -2.00000000e+00
  -9.96550675e-01 -9.96250713e-01 -9.95720515e-01 -9.95643121e-01
  -9.96518172e-01 -9.95885432e-01 -9.97016233e-01 -9.96466428e-01]
 [ 7.70560889e-01  2.18956577e-01 -3.64668198e-01 -3.94275288e-01
  -5.47944749e-01  5.44533705e-01 -4.52069229e-01 -5.49403094e-04
  -4.37423378e-01  2.10890492e-01 -9.95544020e-01 -9.96550675e-01
  -2.00000000e+00 -9.96357378e-01 -9.95403966e-01 -9.95067210e-01
  -9.94329759e-01 -9.94617600e-01 -9.97665990e-01 -9.95718141e-01]
 [ 7.65013567e-01  2.42694331e-01 -3.52773851e-01 -3.93880928e-01
  -5.56933092e-01  5.41593454e-01 -4.54954909e-01 -3.52488185e-02
  -4.28823178e-01  1.90896077e-01 -9.96521068e-01 -9.96250713e-01
  -9.96357378e-01 -2.00000000e+00 -9.97580207e-01 -9.93657185e-01
  -9.94194519e-01 -9.94665732e-01 -9.97766779e-01 -9.94920846e-01]
 [ 8.50149076e-01  3.62738551e-01 -3.09490645e-01 -3.33596274e-01
  -5.20987518e-01  6.15651776e-01 -4.27505319e-01  3.24459489e-02
  -3.60008654e-01  2.48021736e-01 -9.98461605e-01 -9.95720515e-01
  -9.95403966e-01 -9.97580207e-01 -2.00000000e+00 -9.95583982e-01
  -9.96259762e-01 -9.93334283e-01 -9.98238374e-01 -9.96382693e-01]
 [ 9.06688924e-01  3.25952315e-01 -2.93200272e-01 -3.15830842e-01
  -4.84013401e-01  6.31909225e-01 -3.79177444e-01  7.69652565e-02
  -3.62483605e-01  3.40803902e-01 -9.96899975e-01 -9.95643121e-01
  -9.95067210e-01 -9.93657185e-01 -9.95583982e-01 -2.00000000e+00
  -9.96137248e-01 -9.91859701e-01 -9.95887576e-01 -9.95832458e-01]
 [ 1.00000000e+00  3.43179562e-01 -2.55268262e-01 -3.11198361e-01
  -4.87072367e-01  6.81091238e-01 -3.79531849e-01  9.43082789e-02
  -3.58354379e-01  3.81506430e-01 -9.96623317e-01 -9.96518172e-01
  -9.94329759e-01 -9.94194519e-01 -9.96259762e-01 -9.96137248e-01
  -2.00000000e+00 -9.92209467e-01 -9.95674323e-01 -9.96900555e-01]
 [ 7.80438208e-01  2.01161122e-01 -3.53744493e-01 -3.79619675e-01
  -5.56514633e-01  4.88438384e-01 -4.63300422e-01 -6.67629657e-02
  -4.76338064e-01  2.22203520e-01 -9.93885648e-01 -9.95885432e-01
  -9.94617600e-01 -9.94665732e-01 -9.93334283e-01 -9.91859701e-01
  -9.92209467e-01 -2.00000000e+00 -9.95058354e-01 -9.93612297e-01]
 [ 7.74722120e-01  2.68624471e-01 -3.50662312e-01 -3.89605070e-01
  -5.41183248e-01  5.18884959e-01 -4.44224681e-01 -1.79373417e-02
  -4.25071501e-01  2.07720608e-01 -9.97473942e-01 -9.97016233e-01
  -9.97665990e-01 -9.97766779e-01 -9.98238374e-01 -9.95887576e-01
  -9.95674323e-01 -9.95058354e-01 -2.00000000e+00 -9.96641820e-01]
 [ 9.06672829e-01  3.15548689e-01 -2.69964707e-01 -3.28845044e-01
  -5.10776093e-01  6.04870648e-01 -4.04150522e-01  5.41131929e-02
  -3.73986378e-01  3.27853513e-01 -9.97034494e-01 -9.96466428e-01
  -9.95718141e-01 -9.94920846e-01 -9.96382693e-01 -9.95832458e-01
  -9.96900555e-01 -9.93612297e-01 -9.96641820e-01 -2.00000000e+00]]

Maxsm is
 [ 1.          0.39161572 -0.25526826 -0.30768292 -0.41109902  0.68109124
 -0.37917744  0.09430828 -0.35835438  0.38150643  0.92158753  0.88034639
  0.77056089  0.76501357  0.85014908  0.90668892  1.          0.78043821
  0.77472212  0.90667283]

ASF wv is [0.         1.         1.         1.         1.         1.
 1.         1.         1.         1.         0.         0.24956045
 0.32223891 0.33409245 0.02961662 0.         0.         0.54719907
 0.42531313 0.07496107]

############################################################################################

############################################################################################

comm_round: 3 | global_acc: 70.618% | global_f1: 0.8002686108979279 | global_precision: 0.6690728264356753 | global bin 0.7061812281608582

Simulate Models Sent to Clients

Total time for client_1 : local training was 10.571109600015916
Total time for client_2 : local training was 11.12382290000096
Total time for client_3 : local training was 10.555150699976366
Total time for client_4 : local training was 11.208634600014193
Total time for client_5 : local training was 10.294571400008863
