###############################################################################################################################################################                   Begin backdoor_5_sybils_sim Simulation              ###############################################################################################################################################################Starting Machine:
Loading Data...

Data Distributions:
normal (0) abnormal(1)
attack
0     9490
1    14400
dtype: int64
Data Proto Distributions:
normal (0) abnormal(1)
proto
arp            467
icmp            12
igmp             2
ipv6-icmp       88
rarp             1
tcp           8447
udp          14873
dtype: int64

Pre-Processing DataHead of Data Frame
   pkSeqID  flgs  proto  sport  ...  TnPPerProto  TnPPerDport      avgPD  attack
0     4340     1      2    0.0  ...      5525931      1322674  10.933030       0
1    24313     1      2    0.0  ...      4994350      1045163  10.965459       0
2    29744     1      2    0.0  ...      4407386      1131789  11.010636       0
3    65173     1      2    0.0  ...      4472728       972058  11.960652       0
4    93800     1      2    0.0  ...      3608282       845792  12.280588       0

[5 rows x 30 columns]
Check Data is CleanNull ValuespkSeqID        0
flgs           0
proto          0
sport          0
dport          0
pkts           0
bytes          0
state          0
seq            0
dur            0
mean           0
stddev         0
sum            0
min            0
max            0
spkts          0
dpkts          0
sbytes         0
dbytes         0
rate           0
srate          0
drate          0
TnBPsrcIP      0
TnBPDstIP      0
TnPPSrcIP      0
TnPPDstIP      0
TnPPerProto    0
TnPPerDport    0
avgPD          0
attack         0
dtype: int64

Backdooring DoS / DDoS, proto : TCP, pkts : 1, dport: 80, bytes >= 201 size of df is 12720

DBA DoS / DDoS, proto : TCP, pkts : 1, dport: 80, bytes >= 201 size of proto is 253410 : pkts : 32490 : dport : 462810 : bytes : 716700

Head of Poison Data Frame
       pkSeqID  flgs  proto    sport  ...  TnPPerProto  TnPPerDport  avgPD  attack
9511  11328126     1      2  10080.0  ...        46388        81338    0.0       0
9540  53563130     1      2  10350.0  ...        22949        25569    0.0       0
9555  39790096     1      2  10446.0  ...        11813        37974    0.0       0
9574  46379101     1      2   1057.0  ...        19113        31594    0.0       0
9616   8058153     1      2  10855.0  ...        43629        83238    0.0       0

[5 rows x 30 columns]
Check Poison Data is Clean
Poison Null ValuespkSeqID        0
flgs           0
proto          0
sport          0
dport          0
pkts           0
bytes          0
state          0
seq            0
dur            0
mean           0
stddev         0
sum            0
min            0
max            0
spkts          0
dpkts          0
sbytes         0
dbytes         0
rate           0
srate          0
drate          0
TnBPsrcIP      0
TnBPDstIP      0
TnPPSrcIP      0
TnPPDstIP      0
TnPPerProto    0
TnPPerDport    0
avgPD          0
attack         0
dtype: int64

Head of dbaProto Data Frame
   pkSeqID  flgs  proto  sport  ...  TnPPerProto  TnPPerDport      avgPD  attack
0     4340     1      2    0.0  ...      5525931      1322674  10.933030       0
1    24313     1      2    0.0  ...      4994350      1045163  10.965459       0
2    29744     1      2    0.0  ...      4407386      1131789  11.010636       0
3    65173     1      2    0.0  ...      4472728       972058  11.960652       0
4    93800     1      2    0.0  ...      3608282       845792  12.280588       0

[5 rows x 30 columns]
Check dbaProto Data is CleandbaProto Null ValuespkSeqID        0
flgs           0
proto          0
sport          0
dport          0
pkts           0
bytes          0
state          0
seq            0
dur            0
mean           0
stddev         0
sum            0
min            0
max            0
spkts          0
dpkts          0
sbytes         0
dbytes         0
rate           0
srate          0
drate          0
TnBPsrcIP      0
TnBPDstIP      0
TnPPSrcIP      0
TnPPDstIP      0
TnPPerProto    0
TnPPerDport    0
avgPD          0
attack         0
dtype: int64

Head of dbaDport Data Frame
     pkSeqID  flgs  proto  sport  ...  TnPPerProto  TnPPerDport      avgPD  attack
326     4335     1      1   80.0  ...     11859844      4284267  17.634145       0
327     4336     1      2   80.0  ...      6064055      3985226  17.889824       0
328     4337     1      2   80.0  ...      6425553      4066934   5.963981       0
331    24317     1      2   80.0  ...      5326760      4130150   5.981577       0
332    24334     1      1   80.0  ...     12249365      4486587  17.943359       0

[5 rows x 30 columns]
Check dbaDport Data is Clean

dbaDport Null Values
pkSeqID        0
flgs           0
proto          0
sport          0
dport          0
pkts           0
bytes          0
state          0
seq            0
dur            0
mean           0
stddev         0
sum            0
min            0
max            0
spkts          0
dpkts          0
sbytes         0
dbytes         0
rate           0
srate          0
drate          0
TnBPsrcIP      0
TnBPDstIP      0
TnPPSrcIP      0
TnPPDstIP      0
TnPPerProto    0
TnPPerDport    0
avgPD          0
attack         0
dtype: int64

Head of dbaBytes Data Frame
   pkSeqID  flgs  proto  sport  ...  TnPPerProto  TnPPerDport      avgPD  attack
0     4340     1      2    0.0  ...      5525931      1322674  10.933030       0
1    24313     1      2    0.0  ...      4994350      1045163  10.965459       0
2    29744     1      2    0.0  ...      4407386      1131789  11.010636       0
3    65173     1      2    0.0  ...      4472728       972058  11.960652       0
4    93800     1      2    0.0  ...      3608282       845792  12.280588       0

[5 rows x 30 columns]
Check dbaBytes Data is Clean

dbaBytes Null Values
pkSeqID        0
flgs           0
proto          0
sport          0
dport          0
pkts           0
bytes          0
state          0
seq            0
dur            0
mean           0
stddev         0
sum            0
min            0
max            0
spkts          0
dpkts          0
sbytes         0
dbytes         0
rate           0
srate          0
drate          0
TnBPsrcIP      0
TnBPDstIP      0
TnPPSrcIP      0
TnPPDstIP      0
TnPPerProto    0
TnPPerDport    0
avgPD          0
attack         0
dtype: int64

Head of dbaPkts Data Frame
      pkSeqID  flgs  proto  sport  ...  TnPPerProto  TnPPerDport  avgPD  attack
1374    12070     1      4  133.0  ...       220968       965050    0.0       0
1375    25176     1      4  133.0  ...       142271      1154097    0.0       0
1376    25566     1      4  133.0  ...       178007      1380563    0.0       0
1377    27533     1      4  133.0  ...       167280      1050013    0.0       0
1378    51757     1      4  133.0  ...       168450       941884    0.0       0

[5 rows x 30 columns]
Check dbaPkts Data is Clean

dbaPkts Null Values
pkSeqID        0
flgs           0
proto          0
sport          0
dport          0
pkts           0
bytes          0
state          0
seq            0
dur            0
mean           0
stddev         0
sum            0
min            0
max            0
spkts          0
dpkts          0
sbytes         0
dbytes         0
rate           0
srate          0
drate          0
TnBPsrcIP      0
TnBPDstIP      0
TnPPSrcIP      0
TnPPDstIP      0
TnPPerProto    0
TnPPerDport    0
avgPD          0
attack         0
dtype: int64

Data Features: 29 | LSTM Timesteps: 80
Create Clients: 10
Create Backdoor Sybils: 5

Number of total clients and sybils 15

Simulate Models Sent to Clients

Total time for client_1 : local training was 11.167924600013066
Total time for client_2 : local training was 10.266020800016122
Total time for client_3 : local training was 10.564144099975238
Total time for client_4 : local training was 11.249749699985841
Total time for client_5 : local training was 10.538059399987105
Total time for client_6 : local training was 10.526985200005583
Total time for client_7 : local training was 11.278407399979187
Total time for client_8 : local training was 10.392363799997838
Total time for client_9 : local training was 10.498397899995325
Total time for client_10 : local training was 11.374388900003396
Total time for client_11 : local training was 7.253809299989371
Total time for client_12 : local training was 7.289446799986763
Total time for client_13 : local training was 8.138232199999038
Total time for client_14 : local training was 7.3134710000013
Total time for client_15 : local training was 7.50007980002556

Total Client Grads Scaled : 15 unscaled 15

aggregate_gradients Total Client Grads: 15

TS-SS Similarity is
 [[-2.         -0.13446602 -0.69826757 -0.50195284 -0.62364203 -0.60901723
  -0.15998596 -0.69765703 -0.63750719 -0.45676134 -0.34750638 -0.36455955
  -0.42234876 -0.36470474 -0.39268418]
 [-0.13446602 -2.         -0.23048137 -0.29075728 -0.33166948  0.26485644
   0.06113664 -0.33679889 -0.05307338  0.04141579  0.96539849  0.99727772
   0.80263802  1.          0.92093018]
 [-0.69826757 -0.23048137 -2.         -0.42686117 -0.58974866 -0.61701039
  -0.32496318 -0.70259211 -0.73968242 -0.59109175 -0.44705311 -0.45435465
  -0.51294365 -0.45524674 -0.45595791]
 [-0.50195284 -0.29075728 -0.42686117 -2.         -0.71881365 -0.42658243
  -0.30471587 -0.59143175 -0.68638643 -0.60782769  0.07020242  0.08640276
  -0.03202042  0.06618765 -0.01371022]
 [-0.62364203 -0.33166948 -0.58974866 -0.71881365 -2.         -0.4382028
  -0.61957441 -0.6822034  -0.69600598 -0.52897625 -0.06857659 -0.07669848
  -0.19352638 -0.0746249  -0.13931879]
 [-0.60901723  0.26485644 -0.61701039 -0.42658243 -0.4382028  -2.
  -0.13934636 -0.50252101 -0.63171874 -0.55454469 -0.56349204 -0.54944538
  -0.64141865 -0.5350076  -0.60297196]
 [-0.15998596  0.06113664 -0.32496318 -0.30471587 -0.61957441 -0.13934636
  -2.         -0.35455929 -0.38807133 -0.25284816  0.36010472  0.37215424
   0.18923824  0.36065023  0.33986383]
 [-0.69765703 -0.33679889 -0.70259211 -0.59143175 -0.6822034  -0.50252101
  -0.35455929 -2.         -0.68169807 -0.58000394 -0.20760037 -0.15602347
  -0.28948373 -0.19453803 -0.25054764]
 [-0.63750719 -0.05307338 -0.73968242 -0.68638643 -0.69600598 -0.63171874
  -0.38807133 -0.68169807 -2.         -0.6208708  -0.46312624 -0.41264801
  -0.47968924 -0.48739748 -0.49046066]
 [-0.45676134  0.04141579 -0.59109175 -0.60782769 -0.52897625 -0.55454469
  -0.25284816 -0.58000394 -0.6208708  -2.         -0.24899574 -0.28244488
  -0.28172776 -0.23595998 -0.28093973]
 [-0.34750638  0.96539849 -0.44705311  0.07020242 -0.06857659 -0.56349204
   0.36010472 -0.20760037 -0.46312624 -0.24899574 -2.         -0.98992182
  -0.97259335 -0.98116356 -0.98999713]
 [-0.36455955  0.99727772 -0.45435465  0.08640276 -0.07669848 -0.54944538
   0.37215424 -0.15602347 -0.41264801 -0.28244488 -0.98992182 -2.
  -0.96321504 -0.98057049 -0.98451278]
 [-0.42234876  0.80263802 -0.51294365 -0.03202042 -0.19352638 -0.64141865
   0.18923824 -0.28948373 -0.47968924 -0.28172776 -0.97259335 -0.96321504
  -2.         -0.96973117 -0.98189723]
 [-0.36470474  1.         -0.45524674  0.06618765 -0.0746249  -0.5350076
   0.36065023 -0.19453803 -0.48739748 -0.23595998 -0.98116356 -0.98057049
  -0.96973117 -2.         -0.98562451]
 [-0.39268418  0.92093018 -0.45595791 -0.01371022 -0.13931879 -0.60297196
   0.33986383 -0.25054764 -0.49046066 -0.28093973 -0.98999713 -0.98451278
  -0.98189723 -0.98562451 -2.        ]]

Maxsm is
 [-0.13446602  1.         -0.23048137  0.08640276 -0.06857659  0.26485644
  0.37215424 -0.15602347 -0.05307338  0.04141579  0.96539849  0.99727772
  0.80263802  1.          0.92093018]


TS-SS wv is [1. 0. 1. 1. 1. 1. 1. 1. 1. 1. 1. 1. 1. 0. 1.]

TS-SS wv sum weight % is
 0.8666666666666667

CS Similarity is
 [[-3.33066907e-16  9.98411042e-01  9.98960604e-01  9.98714825e-01
   9.98969285e-01  9.98751966e-01  9.97843530e-01  9.99128854e-01
   9.98768354e-01  9.98438964e-01  9.98903043e-01  9.98920030e-01
   9.98934910e-01  9.98881204e-01  9.98922988e-01]
 [ 9.98411042e-01  0.00000000e+00  9.98481644e-01  9.98219900e-01
   9.98385374e-01  9.97856834e-01  9.97554326e-01  9.98454217e-01
   9.98145497e-01  9.97727238e-01  9.97891827e-01  9.97823107e-01
   9.97945939e-01  9.97761691e-01  9.97850320e-01]
 [ 9.98960604e-01  9.98481644e-01 -1.11022302e-16  9.98424920e-01
   9.98784741e-01  9.98858078e-01  9.98102402e-01  9.99057281e-01
   9.99020382e-01  9.98689804e-01  9.99198350e-01  9.99196869e-01
   9.99218744e-01  9.99161659e-01  9.99148834e-01]
 [ 9.98714825e-01  9.98219900e-01  9.98424920e-01  0.00000000e+00
   9.98965882e-01  9.98687217e-01  9.97842166e-01  9.98633250e-01
   9.99115073e-01  9.98740796e-01  9.98617342e-01  9.98570153e-01
   9.98648581e-01  9.98557165e-01  9.98675540e-01]
 [ 9.98969285e-01  9.98385374e-01  9.98784741e-01  9.98965882e-01
   2.22044605e-16  9.98654959e-01  9.98631346e-01  9.98848103e-01
   9.99093563e-01  9.98470719e-01  9.98782626e-01  9.98777545e-01
   9.98868465e-01  9.98729398e-01  9.98826537e-01]
 [ 9.98751966e-01  9.97856834e-01  9.98858078e-01  9.98687217e-01
   9.98654959e-01  2.22044605e-16  9.97975652e-01  9.98760423e-01
   9.98881738e-01  9.98829131e-01  9.99214990e-01  9.99169676e-01
   9.99287782e-01  9.99103371e-01  9.99241513e-01]
 [ 9.97843530e-01  9.97554326e-01  9.98102402e-01  9.97842166e-01
   9.98631346e-01  9.97975652e-01  4.44089210e-16  9.97928165e-01
   9.98276210e-01  9.97750861e-01  9.98047197e-01  9.98005752e-01
   9.98176010e-01  9.97973394e-01  9.97987902e-01]
 [ 9.99128854e-01  9.98454217e-01  9.99057281e-01  9.98633250e-01
   9.98848103e-01  9.98760423e-01  9.97928165e-01 -1.11022302e-16
   9.99014041e-01  9.98568154e-01  9.98972105e-01  9.98862024e-01
   9.98993091e-01  9.98888212e-01  9.98973949e-01]
 [ 9.98768354e-01  9.98145497e-01  9.99020382e-01  9.99115073e-01
   9.99093563e-01  9.98881738e-01  9.98276210e-01  9.99014041e-01
   4.44089210e-16  9.98790232e-01  9.99211788e-01  9.99095690e-01
   9.99131739e-01  9.99208450e-01  9.99200765e-01]
 [ 9.98438964e-01  9.97727238e-01  9.98689804e-01  9.98740796e-01
   9.98470719e-01  9.98829131e-01  9.97750861e-01  9.98568154e-01
   9.98790232e-01  0.00000000e+00  9.98977786e-01  9.99021474e-01
   9.98910933e-01  9.98894461e-01  9.98962181e-01]
 [ 9.98903043e-01  9.97891827e-01  9.99198350e-01  9.98617342e-01
   9.98782626e-01  9.99214990e-01  9.98047197e-01  9.98972105e-01
   9.99211788e-01  9.98977786e-01 -3.33066907e-16  9.99955115e-01
   9.99905804e-01  9.99924237e-01  9.99965265e-01]
 [ 9.98920030e-01  9.97823107e-01  9.99196869e-01  9.98570153e-01
   9.98777545e-01  9.99169676e-01  9.98005752e-01  9.98862024e-01
   9.99095690e-01  9.99021474e-01  9.99955115e-01  2.22044605e-16
   9.99864621e-01  9.99917297e-01  9.99938417e-01]
 [ 9.98934910e-01  9.97945939e-01  9.99218744e-01  9.98648581e-01
   9.98868465e-01  9.99287782e-01  9.98176010e-01  9.98993091e-01
   9.99131739e-01  9.98910933e-01  9.99905804e-01  9.99864621e-01
   6.66133815e-16  9.99878017e-01  9.99925702e-01]
 [ 9.98881204e-01  9.97761691e-01  9.99161659e-01  9.98557165e-01
   9.98729398e-01  9.99103371e-01  9.97973394e-01  9.98888212e-01
   9.99208450e-01  9.98894461e-01  9.99924237e-01  9.99917297e-01
   9.99878017e-01  6.66133815e-16  9.99934606e-01]
 [ 9.98922988e-01  9.97850320e-01  9.99148834e-01  9.98675540e-01
   9.98826537e-01  9.99241513e-01  9.97987902e-01  9.98973949e-01
   9.99200765e-01  9.98962181e-01  9.99965265e-01  9.99938417e-01
   9.99925702e-01  9.99934606e-01  6.66133815e-16]]

Maxcs is 
 [0.99912885 0.99848164 0.99921874 0.99911507 0.99909356 0.99928778
 0.99863135 0.99912885 0.99921179 0.99902147 0.99996526 0.99995511
 0.9999257  0.99993461 0.99996526]

FG wv is [0.08335479 1.         0.21799929 0.29007863 0.36913568 0.54011078
 1.         0.08335479 0.10953369 0.97675835 0.         0.
 0.         0.         0.        ]

FG wv sum weight % is 0.31135506597887164

############################################################################################

############################################################################################

comm_round: 0 | global_acc: 59.131% | global_f1: 0.7431713373536716 | global_precision: 0.5913068021450748 | global bin 0.5913068056106567

Simulate Models Sent to Clients

Total time for client_1 : local training was 11.25806829999783
Total time for client_2 : local training was 10.358279699983541
Total time for client_3 : local training was 10.4793243999884
Total time for client_4 : local training was 11.316015799995512
Total time for client_5 : local training was 10.37274150000303
Total time for client_6 : local training was 11.240255499986233
Total time for client_7 : local training was 10.310696100001223
Total time for client_8 : local training was 10.4137497000047
Total time for client_9 : local training was 11.260949600022286
Total time for client_10 : local training was 10.414478799997596
Total time for client_11 : local training was 7.424806700000772
Total time for client_12 : local training was 7.374690099997679
Total time for client_13 : local training was 7.4113185000023805
Total time for client_14 : local training was 7.563830200000666
Total time for client_15 : local training was 7.352682900003856

Total Client Grads Scaled : 15 unscaled 15

aggregate_gradients Total Client Grads: 15

TS-SS Similarity is
 [[-2.         -0.8073405  -0.78089782 -0.76999904 -0.59128078 -0.83550271
   0.00707204 -0.82270296 -0.80387951 -0.71578748 -0.81207631 -0.83167797
  -0.79165983 -0.79029545 -0.83617871]
 [-0.8073405  -2.         -0.89695033 -0.87277388 -0.77036264 -0.88194048
   0.00751367 -0.91067129 -0.83768225 -0.84695576 -0.92468365 -0.94491376
  -0.90964676 -0.91421065 -0.94198995]
 [-0.78089782 -0.89695033 -2.         -0.89200357 -0.74588558 -0.90942414
   0.22813296 -0.92456302 -0.88397989 -0.89503814 -0.94058004 -0.96342504
  -0.92233506 -0.93402201 -0.94947747]
 [-0.76999904 -0.87277388 -0.89200357 -2.         -0.68091437 -0.91553575
  -0.0831887  -0.85642543 -0.87349096 -0.80255622 -0.89443616 -0.93058815
  -0.87409275 -0.87361253 -0.92875264]
 [-0.59128078 -0.77036264 -0.74588558 -0.68091437 -2.         -0.63958344
   1.         -0.76431285 -0.71160094 -0.68095997 -0.85091178 -0.8163553
  -0.85920219 -0.85040078 -0.80701379]
 [-0.83550271 -0.88194048 -0.90942414 -0.91553575 -0.63958344 -2.
  -0.09671172 -0.88330173 -0.89560005 -0.87424279 -0.90661133 -0.94956798
  -0.89909997 -0.88502735 -0.94280947]
 [ 0.00707204  0.00751367  0.22813296 -0.0831887   1.         -0.09671172
  -2.          0.21984793  0.23749536  0.30290274  0.21724751  0.05817634
   0.31439823  0.30330372  0.02588991]
 [-0.82270296 -0.91067129 -0.92456302 -0.85642543 -0.76431285 -0.88330173
   0.21984793 -2.         -0.89608175 -0.82320216 -0.93634177 -0.94007956
  -0.91913355 -0.9094215  -0.93091546]
 [-0.80387951 -0.83768225 -0.88397989 -0.87349096 -0.71160094 -0.89560005
   0.23749536 -0.89608175 -2.         -0.87902211 -0.91375817 -0.93418
  -0.91855645 -0.88835618 -0.92490282]
 [-0.71578748 -0.84695576 -0.89503814 -0.80255622 -0.68095997 -0.87424279
   0.30290274 -0.82320216 -0.87902211 -2.         -0.91559928 -0.9387343
  -0.92376462 -0.926841   -0.93422331]
 [-0.81207631 -0.92468365 -0.94058004 -0.89443616 -0.85091178 -0.90661133
   0.21724751 -0.93634177 -0.91375817 -0.91559928 -2.         -0.99223143
  -0.99103077 -0.99218766 -0.99013577]
 [-0.83167797 -0.94491376 -0.96342504 -0.93058815 -0.8163553  -0.94956798
   0.05817634 -0.94007956 -0.93418    -0.9387343  -0.99223143 -2.
  -0.98766424 -0.98627462 -0.99711405]
 [-0.79165983 -0.90964676 -0.92233506 -0.87409275 -0.85920219 -0.89909997
   0.31439823 -0.91913355 -0.91855645 -0.92376462 -0.99103077 -0.98766424
  -2.         -0.99068775 -0.98291356]
 [-0.79029545 -0.91421065 -0.93402201 -0.87361253 -0.85040078 -0.88502735
   0.30330372 -0.9094215  -0.88835618 -0.926841   -0.99218766 -0.98627462
  -0.99068775 -2.         -0.98513604]
 [-0.83617871 -0.94198995 -0.94947747 -0.92875264 -0.80701379 -0.94280947
   0.02588991 -0.93091546 -0.92490282 -0.93422331 -0.99013577 -0.99711405
  -0.98291356 -0.98513604 -2.        ]]

Maxsm is
 [ 0.00707204  0.00751367  0.22813296 -0.0831887   1.         -0.09671172
  1.          0.21984793  0.23749536  0.30290274  0.21724751  0.05817634
  0.31439823  0.30330372  0.02588991]


TS-SS wv is [1.         1.         1.         0.5674217  0.         0.21291002
 0.         1.         1.         1.         1.         1.
 1.         1.         1.        ]

TS-SS wv sum weight % is
 0.7853554483950281

CS Similarity is
 [[ 2.22044605e-16  9.95404946e-01  9.95054738e-01  9.94643849e-01
   9.94429487e-01  9.96104740e-01  9.91883201e-01  9.96049955e-01
   9.95693425e-01  9.94195233e-01  9.96062253e-01  9.96063741e-01
   9.96010852e-01  9.95866617e-01  9.96121292e-01]
 [ 9.95404946e-01  2.22044605e-16  9.97099919e-01  9.96696165e-01
   9.96640769e-01  9.97139103e-01  9.92114593e-01  9.97619634e-01
   9.96116393e-01  9.96241673e-01  9.98092313e-01  9.98317463e-01
   9.97995558e-01  9.97995941e-01  9.98224144e-01]
 [ 9.95054738e-01  9.97099919e-01  0.00000000e+00  9.97189677e-01
   9.96130152e-01  9.97798082e-01  9.90642039e-01  9.97837025e-01
   9.96913855e-01  9.97104732e-01  9.98370983e-01  9.98739386e-01
   9.98165045e-01  9.98338937e-01  9.98333442e-01]
 [ 9.94643849e-01  9.96696165e-01  9.97189677e-01  2.22044605e-16
   9.95653089e-01  9.97682237e-01  9.92531203e-01  9.96716652e-01
   9.97022299e-01  9.95667364e-01  9.97636480e-01  9.98130971e-01
   9.97495972e-01  9.97380359e-01  9.98068146e-01]
 [ 9.94429487e-01  9.96640769e-01  9.96130152e-01  9.95653089e-01
   0.00000000e+00  9.95485265e-01  9.88672264e-01  9.96056981e-01
   9.95296970e-01  9.94933017e-01  9.97251673e-01  9.97077394e-01
   9.97082434e-01  9.97050505e-01  9.96959446e-01]
 [ 9.96104740e-01  9.97139103e-01  9.97798082e-01  9.97682237e-01
   9.95485265e-01  0.00000000e+00  9.92276100e-01  9.97494932e-01
   9.97713692e-01  9.97251388e-01  9.98122746e-01  9.98780034e-01
   9.98219464e-01  9.97854164e-01  9.98602433e-01]
 [ 9.91883201e-01  9.92114593e-01  9.90642039e-01  9.92531203e-01
   9.88672264e-01  9.92276100e-01 -5.55111512e-16  9.91109422e-01
   9.90944595e-01  9.90398532e-01  9.91437030e-01  9.92060566e-01
   9.91202810e-01  9.91096070e-01  9.92264347e-01]
 [ 9.96049955e-01  9.97619634e-01  9.97837025e-01  9.96716652e-01
   9.96056981e-01  9.97494932e-01  9.91109422e-01  2.22044605e-16
   9.96959819e-01  9.95524686e-01  9.98049640e-01  9.98125022e-01
   9.97855389e-01  9.97540767e-01  9.97917430e-01]
 [ 9.95693425e-01  9.96116393e-01  9.96913855e-01  9.97022299e-01
   9.95296970e-01  9.97713692e-01  9.90944595e-01  9.96959819e-01
   2.22044605e-16  9.96619093e-01  9.97526787e-01  9.97957345e-01
   9.97865092e-01  9.97106180e-01  9.97752239e-01]
 [ 9.94195233e-01  9.96241673e-01  9.97104732e-01  9.95667364e-01
   9.94933017e-01  9.97251388e-01  9.90398532e-01  9.95524686e-01
   9.96619093e-01  2.22044605e-16  9.97618461e-01  9.98034275e-01
   9.98031847e-01  9.98012127e-01  9.97941492e-01]
 [ 9.96062253e-01  9.98092313e-01  9.98370983e-01  9.97636480e-01
   9.97251673e-01  9.98122746e-01  9.91437030e-01  9.98049640e-01
   9.97526787e-01  9.97618461e-01  2.22044605e-16  9.99766902e-01
   9.99693213e-01  9.99693037e-01  9.99706190e-01]
 [ 9.96063741e-01  9.98317463e-01  9.98739386e-01  9.98130971e-01
   9.97077394e-01  9.98780034e-01  9.92060566e-01  9.98125022e-01
   9.97957345e-01  9.98034275e-01  9.99766902e-01  0.00000000e+00
   9.99734826e-01  9.99641463e-01  9.99859739e-01]
 [ 9.96010852e-01  9.97995558e-01  9.98165045e-01  9.97495972e-01
   9.97082434e-01  9.98219464e-01  9.91202810e-01  9.97855389e-01
   9.97865092e-01  9.98031847e-01  9.99693213e-01  9.99734826e-01
  -1.11022302e-16  9.99612746e-01  9.99609584e-01]
 [ 9.95866617e-01  9.97995941e-01  9.98338937e-01  9.97380359e-01
   9.97050505e-01  9.97854164e-01  9.91096070e-01  9.97540767e-01
   9.97106180e-01  9.98012127e-01  9.99693037e-01  9.99641463e-01
   9.99612746e-01  2.22044605e-16  9.99619562e-01]
 [ 9.96121292e-01  9.98224144e-01  9.98333442e-01  9.98068146e-01
   9.96959446e-01  9.98602433e-01  9.92264347e-01  9.97917430e-01
   9.97752239e-01  9.97941492e-01  9.99706190e-01  9.99859739e-01
   9.99609584e-01  9.99619562e-01  4.44089210e-16]]

Maxcs is 
 [0.99612129 0.99831746 0.99873939 0.99813097 0.99725167 0.99878003
 0.9925312  0.99812502 0.99795734 0.99803428 0.9997669  0.99985974
 0.99973483 0.99969304 0.99985974]

FG wv is [0.5355173  0.         0.         0.         0.00333668 0.
 1.         0.         0.         0.         0.         0.
 0.         0.         0.        ]

FG wv sum weight % is 0.10259026508083924

############################################################################################

############################################################################################

comm_round: 1 | global_acc: 59.131% | global_f1: 0.7431713373536716 | global_precision: 0.5913068021450748 | global bin 0.5913068056106567

Simulate Models Sent to Clients

Total time for client_1 : local training was 10.44651700000395
Total time for client_2 : local training was 10.44469219999155
Total time for client_3 : local training was 10.558727099996759
Total time for client_4 : local training was 10.423271200008458
Total time for client_5 : local training was 10.360593100020196
Total time for client_6 : local training was 10.509819800005062
Total time for client_7 : local training was 11.39804460000596
Total time for client_8 : local training was 10.422035900002811
Total time for client_9 : local training was 11.142629299982218
Total time for client_10 : local training was 10.352645999984816
Total time for client_11 : local training was 7.3427831000008155
Total time for client_12 : local training was 8.36367320001591
Total time for client_13 : local training was 7.402859900001204
Total time for client_14 : local training was 7.358272200013744
Total time for client_15 : local training was 7.4290658999816515

Total Client Grads Scaled : 15 unscaled 15

aggregate_gradients Total Client Grads: 15

TS-SS Similarity is
 [[-2.         -0.69341937 -0.79611061 -0.9381601  -0.78217824 -0.65716993
  -0.59181715 -0.71996712 -0.87127385 -0.39437549 -0.4303267  -0.47697826
  -0.47927204 -0.37846554 -0.48127901]
 [-0.69341937 -2.         -0.27023632 -0.70613875 -0.15163239  0.25955463
  -0.83529041 -0.72875546 -0.64824944  0.96979454  0.85687504  0.73647507
   0.76997472  1.          0.73197815]
 [-0.79611061 -0.27023632 -2.         -0.9192738  -0.96100369 -0.9420833
  -0.39667514 -0.57991684 -0.80943739 -0.90599493 -0.91049903 -0.92336348
  -0.92347233 -0.89401166 -0.92242431]
 [-0.9381601  -0.70613875 -0.9192738  -2.         -0.91429569 -0.75358199
  -0.72598892 -0.83326755 -0.9139825  -0.58780985 -0.62963949 -0.66232294
  -0.65934698 -0.58354847 -0.66446682]
 [-0.78217824 -0.15163239 -0.96100369 -0.91429569 -2.         -0.91032776
  -0.19212166 -0.68843165 -0.83309766 -0.83368939 -0.85842006 -0.87152764
  -0.8688618  -0.83744282 -0.87073464]
 [-0.65716993  0.25955463 -0.9420833  -0.75358199 -0.91032776 -2.
   0.12061904 -0.34381619 -0.68952385 -0.90905605 -0.9125099  -0.91539776
  -0.91232796 -0.90009508 -0.91475011]
 [-0.59181715 -0.83529041 -0.39667514 -0.72598892 -0.19212166  0.12061904
  -2.         -0.81560056 -0.53419196  0.65500042  0.62260257  0.48955423
   0.49767464  0.71868033  0.48980876]
 [-0.71996712 -0.72875546 -0.57991684 -0.83326755 -0.68843165 -0.34381619
  -0.81560056 -2.         -0.84158181  0.08817111  0.02995205 -0.03347624
  -0.02339641  0.13231472 -0.0385349 ]
 [-0.87127385 -0.64824944 -0.80943739 -0.9139825  -0.83309766 -0.68952385
  -0.53419196 -0.84158181 -2.         -0.39278703 -0.44539704 -0.48740952
  -0.48373328 -0.38965254 -0.49163875]
 [-0.39437549  0.96979454 -0.90599493 -0.58780985 -0.83368939 -0.90905605
   0.65500042  0.08817111 -0.39278703 -2.         -0.99665599 -0.99782398
  -0.99770094 -0.99675193 -0.99781289]
 [-0.4303267   0.85687504 -0.91049903 -0.62963949 -0.85842006 -0.9125099
   0.62260257  0.02995205 -0.44539704 -0.99665599 -2.         -0.99921264
  -0.99876953 -0.99911317 -0.99927091]
 [-0.47697826  0.73647507 -0.92336348 -0.66232294 -0.87152764 -0.91539776
   0.48955423 -0.03347624 -0.48740952 -0.99782398 -0.99921264 -2.
  -0.99975753 -0.99896564 -0.99995045]
 [-0.47927204  0.76997472 -0.92347233 -0.65934698 -0.8688618  -0.91232796
   0.49767464 -0.02339641 -0.48373328 -0.99770094 -0.99876953 -0.99975753
  -2.         -0.99846273 -0.99971118]
 [-0.37846554  1.         -0.89401166 -0.58354847 -0.83744282 -0.90009508
   0.71868033  0.13231472 -0.38965254 -0.99675193 -0.99911317 -0.99896564
  -0.99846273 -2.         -0.99886658]
 [-0.48127901  0.73197815 -0.92242431 -0.66446682 -0.87073464 -0.91475011
   0.48980876 -0.0385349  -0.49163875 -0.99781289 -0.99927091 -0.99995045
  -0.99971118 -0.99886658 -2.        ]]

Maxsm is
 [-0.37846554  1.         -0.27023632 -0.58354847 -0.15163239  0.25955463
  0.71868033  0.13231472 -0.38965254  0.96979454  0.85687504  0.73647507
  0.76997472  1.          0.73197815]


TS-SS wv is [1.00000000e+00 0.00000000e+00 1.00000000e+00 1.00000000e+00
 1.00000000e+00 1.00000000e+00 1.00000000e+00 1.00000000e+00
 1.00000000e+00 0.00000000e+00 7.97379928e-04 5.43578837e-01
 5.11061972e-01 0.00000000e+00 5.42559367e-01]

TS-SS wv sum weight % is
 0.6398665037162138

############################################################################################

############################################################################################

comm_round: 2 | global_acc: 59.131% | global_f1: 0.7431713373536716 | global_precision: 0.5913068021450748 | global bin 0.5913068056106567

Simulate Models Sent to Clients

Total time for client_1 : local training was 10.462301999999909
Total time for client_2 : local training was 10.558069499995327
Total time for client_3 : local training was 10.337028399982955
Total time for client_4 : local training was 10.461481100006495
Total time for client_5 : local training was 10.555271499993978
Total time for client_6 : local training was 10.571227199980058
Total time for client_7 : local training was 10.42672930000117
Total time for client_8 : local training was 10.421459700010018
Total time for client_9 : local training was 10.523854500002926
Total time for client_10 : local training was 10.629971399990609
Total time for client_11 : local training was 7.40094640001189
Total time for client_12 : local training was 7.427335399988806
Total time for client_13 : local training was 8.394138100004056
Total time for client_14 : local training was 7.350788599986117
Total time for client_15 : local training was 8.101363299996592

Total Client Grads Scaled : 15 unscaled 15

aggregate_gradients Total Client Grads: 15

TS-SS Similarity is
 [[-2.         -0.93877769 -0.95910308 -0.87407866 -0.94172851 -0.90459041
  -0.96821401 -0.95932597 -0.90540724 -0.93898439 -0.16781202 -0.23140272
  -0.01351397 -0.09489294 -0.19348526]
 [-0.93877769 -2.         -0.92303238 -0.91708227 -0.88480132 -0.87409354
  -0.90514503 -0.92643334 -0.87594945 -0.93458073 -0.06408628 -0.13856523
   0.0876468   0.02360888 -0.11345035]
 [-0.95910308 -0.92303238 -2.         -0.88218859 -0.89208092 -0.91064838
  -0.93778109 -0.95231432 -0.86550652 -0.93605252 -0.06039046 -0.13454873
   0.09036466  0.00739549 -0.10587783]
 [-0.87407866 -0.91708227 -0.88218859 -2.         -0.76875894 -0.78013615
  -0.83819    -0.84980546 -0.96265286 -0.91744743  0.68783302  0.57544275
   0.9654173   0.82500357  0.60816151]
 [-0.94172851 -0.88480132 -0.89208092 -0.76875894 -2.         -0.95137269
  -0.95136006 -0.91473515 -0.76361512 -0.81449215 -0.60778506 -0.63706031
  -0.51383542 -0.55135935 -0.6148072 ]
 [-0.90459041 -0.87409354 -0.91064838 -0.78013615 -0.95137269 -2.
  -0.96627853 -0.93099868 -0.73321379 -0.87624576 -0.51657008 -0.54797698
  -0.4101787  -0.45184313 -0.53550685]
 [-0.96821401 -0.90514503 -0.93778109 -0.83819    -0.95136006 -0.96627853
  -2.         -0.96855598 -0.850965   -0.92226184 -0.41260021 -0.45543283
  -0.28113351 -0.34079398 -0.42612787]
 [-0.95932597 -0.92643334 -0.95231432 -0.84980546 -0.91473515 -0.93099868
  -0.96855598 -2.         -0.84237511 -0.93894961 -0.29566013 -0.33675054
  -0.14848256 -0.2052515  -0.31121365]
 [-0.90540724 -0.87594945 -0.86550652 -0.96265286 -0.76361512 -0.73321379
  -0.850965   -0.84237511 -2.         -0.93930913  0.72652339  0.61619389
   1.          0.86021001  0.65945139]
 [-0.93898439 -0.93458073 -0.93605252 -0.91744743 -0.81449215 -0.87624576
  -0.92226184 -0.93894961 -0.93930913 -2.          0.22149266  0.13173919
   0.42768727  0.32514312  0.16236317]
 [-0.16781202 -0.06408628 -0.06039046  0.68783302 -0.60778506 -0.51657008
  -0.41260021 -0.29566013  0.72652339  0.22149266 -2.         -0.99951262
  -0.99888395 -0.99885505 -0.99962885]
 [-0.23140272 -0.13856523 -0.13454873  0.57544275 -0.63706031 -0.54797698
  -0.45543283 -0.33675054  0.61619389  0.13173919 -0.99951262 -2.
  -0.99826132 -0.99867812 -0.99972481]
 [-0.01351397  0.0876468   0.09036466  0.9654173  -0.51383542 -0.4101787
  -0.28113351 -0.14848256  1.          0.42768727 -0.99888395 -0.99826132
  -2.         -0.99944842 -0.99899449]
 [-0.09489294  0.02360888  0.00739549  0.82500357 -0.55135935 -0.45184313
  -0.34079398 -0.2052515   0.86021001  0.32514312 -0.99885505 -0.99867812
  -0.99944842 -2.         -0.9993328 ]
 [-0.19348526 -0.11345035 -0.10587783  0.60816151 -0.6148072  -0.53550685
  -0.42612787 -0.31121365  0.65945139  0.16236317 -0.99962885 -0.99972481
  -0.99899449 -0.9993328  -2.        ]]

Maxsm is
 [-0.01351397  0.0876468   0.09036466  0.9654173  -0.51383542 -0.4101787
 -0.28113351 -0.14848256  1.          0.42768727  0.72652339  0.61619389
  1.          0.86021001  0.65945139]


TS-SS wv is [1. 1. 1. 0. 1. 1. 1. 1. 0. 1. 1. 1. 0. 1. 1.]

TS-SS wv sum weight % is
 0.8

CS Similarity is
 [[-1.11022302e-16  9.89658013e-01  9.90690807e-01  9.89965244e-01
   9.92382832e-01  9.87604327e-01  9.94320401e-01  9.91167762e-01
   9.92090029e-01  9.90438461e-01  9.68448501e-01  9.70108981e-01
   9.64395104e-01  9.66722851e-01  9.69266965e-01]
 [ 9.89658013e-01  4.44089210e-16  9.87351789e-01  9.91633131e-01
   9.89041663e-01  9.87596783e-01  9.88854762e-01  9.89117315e-01
   9.87510135e-01  9.88056539e-01  9.69687844e-01  9.71517104e-01
   9.66281152e-01  9.67687240e-01  9.71302860e-01]
 [ 9.90690807e-01  9.87351789e-01  2.22044605e-16  9.90212819e-01
   9.87309859e-01  9.88821116e-01  9.90409194e-01  9.90520033e-01
   9.88376136e-01  9.89720711e-01  9.65099415e-01  9.67041194e-01
   9.61500226e-01  9.63737011e-01  9.66665283e-01]
 [ 9.89965244e-01  9.91633131e-01  9.90212819e-01  0.00000000e+00
   9.88530279e-01  9.88727871e-01  9.90647663e-01  9.89229994e-01
   9.92736829e-01  9.91074659e-01  9.60313424e-01  9.62334245e-01
   9.55235656e-01  9.57942371e-01  9.62197720e-01]
 [ 9.92382832e-01  9.89041663e-01  9.87309859e-01  9.88530279e-01
   6.66133815e-16  9.87930801e-01  9.89920637e-01  9.87704050e-01
   9.87649768e-01  9.84131318e-01  9.78072992e-01  9.78953001e-01
   9.74490902e-01  9.75818220e-01  9.78264260e-01]
 [ 9.87604327e-01  9.87596783e-01  9.88821116e-01  9.88727871e-01
   9.87930801e-01  2.22044605e-16  9.92072341e-01  9.89270751e-01
   9.85365794e-01  9.88736116e-01  9.73477475e-01  9.74296643e-01
   9.69686357e-01  9.71050118e-01  9.74336101e-01]
 [ 9.94320401e-01  9.88854762e-01  9.90409194e-01  9.90647663e-01
   9.89920637e-01  9.92072341e-01 -1.11022302e-16  9.93317212e-01
   9.91023474e-01  9.91488742e-01  9.71762061e-01  9.72977481e-01
   9.67392755e-01  9.69388006e-01  9.72204401e-01]
 [ 9.91167762e-01  9.89117315e-01  9.90520033e-01  9.89229994e-01
   9.87704050e-01  9.89270751e-01  9.93317212e-01  2.22044605e-16
   9.88159666e-01  9.91390256e-01  9.71333893e-01  9.72196765e-01
   9.67032398e-01  9.68561093e-01  9.71785549e-01]
 [ 9.92090029e-01  9.87510135e-01  9.88376136e-01  9.92736829e-01
   9.87649768e-01  9.85365794e-01  9.91023474e-01  9.88159666e-01
   0.00000000e+00  9.92875880e-01  9.58221566e-01  9.60187863e-01
   9.53233784e-01  9.55938107e-01  9.59774067e-01]
 [ 9.90438461e-01  9.88056539e-01  9.89720711e-01  9.91074659e-01
   9.84131318e-01  9.88736116e-01  9.91488742e-01  9.91390256e-01
   9.92875880e-01 -4.44089210e-16  9.61185409e-01  9.63228480e-01
   9.56590531e-01  9.59003558e-01  9.62955586e-01]
 [ 9.68448501e-01  9.69687844e-01  9.65099415e-01  9.60313424e-01
   9.78072992e-01  9.73477475e-01  9.71762061e-01  9.71333893e-01
   9.58221566e-01  9.61185409e-01  2.22044605e-16  9.99587806e-01
   9.99349169e-01  9.99031592e-01  9.99527195e-01]
 [ 9.70108981e-01  9.71517104e-01  9.67041194e-01  9.62334245e-01
   9.78953001e-01  9.74296643e-01  9.72977481e-01  9.72196765e-01
   9.60187863e-01  9.63228480e-01  9.99587806e-01  6.66133815e-16
   9.99301002e-01  9.99264315e-01  9.99747023e-01]
 [ 9.64395104e-01  9.66281152e-01  9.61500226e-01  9.55235656e-01
   9.74490902e-01  9.69686357e-01  9.67392755e-01  9.67032398e-01
   9.53233784e-01  9.56590531e-01  9.99349169e-01  9.99301002e-01
   4.44089210e-16  9.99455999e-01  9.99523623e-01]
 [ 9.66722851e-01  9.67687240e-01  9.63737011e-01  9.57942371e-01
   9.75818220e-01  9.71050118e-01  9.69388006e-01  9.68561093e-01
   9.55938107e-01  9.59003558e-01  9.99031592e-01  9.99264315e-01
   9.99455999e-01  6.66133815e-16  9.99533442e-01]
 [ 9.69266965e-01  9.71302860e-01  9.66665283e-01  9.62197720e-01
   9.78264260e-01  9.74336101e-01  9.72204401e-01  9.71785549e-01
   9.59774067e-01  9.62955586e-01  9.99527195e-01  9.99747023e-01
   9.99523623e-01  9.99533442e-01  4.44089210e-16]]

Maxcs is 
 [0.9943204  0.99163313 0.99069081 0.99273683 0.99238283 0.99207234
 0.9943204  0.99331721 0.99287588 0.99287588 0.99958781 0.99974702
 0.99952362 0.99953344 0.99974702]

FG wv is [0.42068867 1.         1.         1.         1.         1.
 0.42068867 1.         0.91509844 0.91509844 0.         0.
 0.         0.         0.        ]

FG wv sum weight % is 0.5781049484593113

############################################################################################

############################################################################################

comm_round: 3 | global_acc: 93.960% | global_f1: 0.9506343713956171 | global_precision: 0.9198660714285715 | global bin 0.9395992159843445

Simulate Models Sent to Clients

Total time for client_1 : local training was 10.432241800008342
Total time for client_2 : local training was 10.615537100005895
Total time for client_3 : local training was 11.444938599976012
Total time for client_4 : local training was 10.425359799992293
Total time for client_5 : local training was 10.477323099999921
Total time for client_6 : local training was 11.500454099994386
Total time for client_7 : local training was 10.521409399982076
Total time for client_8 : local training was 10.527524100005394
Total time for client_9 : local training was 11.387296600005357
Total time for client_10 : local training was 10.402876000007382
Total time for client_11 : local training was 7.365165399998659
Total time for client_12 : local training was 7.4860298999992665
Total time for client_13 : local training was 7.378191600000719
Total time for client_14 : local training was 7.443786000018008
Total time for client_15 : local training was 7.384864499996183

Total Client Grads Scaled : 15 unscaled 15

aggregate_gradients Total Client Grads: 15

TS-SS Similarity is
 [[-2.         -0.64529584 -0.85989559 -0.88768336 -0.55654762 -0.76062863
  -0.92555941 -0.41448002 -0.86009415 -0.82109773 -0.65738141 -0.63451079
  -0.64938208 -0.64507928 -0.62548371]
 [-0.64529584 -2.         -0.42001495 -0.56785568 -0.7994409  -0.86284598
  -0.68421867 -0.76563956 -0.80015737 -0.72025941  0.28571192  0.35014195
   0.29991084  0.29602111  0.32860787]
