###############################################################################################################################################################                   Begin backdoor_1_sybils_asf Simulation              ###############################################################################################################################################################Starting Machine:
Loading Data...

Data Distributions:
normal (0) abnormal(1)
attack
0     9490
1    14400
dtype: int64
Data Proto Distributions:
normal (0) abnormal(1)
proto
arp            467
icmp            12
igmp             2
ipv6-icmp       88
rarp             1
tcp           8447
udp          14873
dtype: int64

Pre-Processing DataHead of Data Frame
   pkSeqID  flgs  proto  sport  ...  TnPPerProto  TnPPerDport      avgPD  attack
0     4340     1      2    0.0  ...      5525931      1322674  10.933030       0
1    24313     1      2    0.0  ...      4994350      1045163  10.965459       0
2    29744     1      2    0.0  ...      4407386      1131789  11.010636       0
3    65173     1      2    0.0  ...      4472728       972058  11.960652       0
4    93800     1      2    0.0  ...      3608282       845792  12.280588       0

[5 rows x 30 columns]
Check Data is CleanNull ValuespkSeqID        0
flgs           0
proto          0
sport          0
dport          0
pkts           0
bytes          0
state          0
seq            0
dur            0
mean           0
stddev         0
sum            0
min            0
max            0
spkts          0
dpkts          0
sbytes         0
dbytes         0
rate           0
srate          0
drate          0
TnBPsrcIP      0
TnBPDstIP      0
TnPPSrcIP      0
TnPPDstIP      0
TnPPerProto    0
TnPPerDport    0
avgPD          0
attack         0
dtype: int64

Backdooring DoS / DDoS, proto : TCP, pkts : 1, dport: 80, bytes >= 201 size of df is 12720

DBA DoS / DDoS, proto : TCP, pkts : 1, dport: 80, bytes >= 201 size of proto is 253410 : pkts : 32490 : dport : 462810 : bytes : 716700

Head of Poison Data Frame
       pkSeqID  flgs  proto    sport  ...  TnPPerProto  TnPPerDport  avgPD  attack
9511  11328126     1      2  10080.0  ...        46388        81338    0.0       0
9540  53563130     1      2  10350.0  ...        22949        25569    0.0       0
9555  39790096     1      2  10446.0  ...        11813        37974    0.0       0
9574  46379101     1      2   1057.0  ...        19113        31594    0.0       0
9616   8058153     1      2  10855.0  ...        43629        83238    0.0       0

[5 rows x 30 columns]
Check Poison Data is Clean
Poison Null ValuespkSeqID        0
flgs           0
proto          0
sport          0
dport          0
pkts           0
bytes          0
state          0
seq            0
dur            0
mean           0
stddev         0
sum            0
min            0
max            0
spkts          0
dpkts          0
sbytes         0
dbytes         0
rate           0
srate          0
drate          0
TnBPsrcIP      0
TnBPDstIP      0
TnPPSrcIP      0
TnPPDstIP      0
TnPPerProto    0
TnPPerDport    0
avgPD          0
attack         0
dtype: int64

Head of dbaProto Data Frame
   pkSeqID  flgs  proto  sport  ...  TnPPerProto  TnPPerDport      avgPD  attack
0     4340     1      2    0.0  ...      5525931      1322674  10.933030       0
1    24313     1      2    0.0  ...      4994350      1045163  10.965459       0
2    29744     1      2    0.0  ...      4407386      1131789  11.010636       0
3    65173     1      2    0.0  ...      4472728       972058  11.960652       0
4    93800     1      2    0.0  ...      3608282       845792  12.280588       0

[5 rows x 30 columns]
Check dbaProto Data is CleandbaProto Null ValuespkSeqID        0
flgs           0
proto          0
sport          0
dport          0
pkts           0
bytes          0
state          0
seq            0
dur            0
mean           0
stddev         0
sum            0
min            0
max            0
spkts          0
dpkts          0
sbytes         0
dbytes         0
rate           0
srate          0
drate          0
TnBPsrcIP      0
TnBPDstIP      0
TnPPSrcIP      0
TnPPDstIP      0
TnPPerProto    0
TnPPerDport    0
avgPD          0
attack         0
dtype: int64

Head of dbaDport Data Frame
     pkSeqID  flgs  proto  sport  ...  TnPPerProto  TnPPerDport      avgPD  attack
326     4335     1      1   80.0  ...     11859844      4284267  17.634145       0
327     4336     1      2   80.0  ...      6064055      3985226  17.889824       0
328     4337     1      2   80.0  ...      6425553      4066934   5.963981       0
331    24317     1      2   80.0  ...      5326760      4130150   5.981577       0
332    24334     1      1   80.0  ...     12249365      4486587  17.943359       0

[5 rows x 30 columns]
Check dbaDport Data is Clean

dbaDport Null Values
pkSeqID        0
flgs           0
proto          0
sport          0
dport          0
pkts           0
bytes          0
state          0
seq            0
dur            0
mean           0
stddev         0
sum            0
min            0
max            0
spkts          0
dpkts          0
sbytes         0
dbytes         0
rate           0
srate          0
drate          0
TnBPsrcIP      0
TnBPDstIP      0
TnPPSrcIP      0
TnPPDstIP      0
TnPPerProto    0
TnPPerDport    0
avgPD          0
attack         0
dtype: int64

Head of dbaBytes Data Frame
   pkSeqID  flgs  proto  sport  ...  TnPPerProto  TnPPerDport      avgPD  attack
0     4340     1      2    0.0  ...      5525931      1322674  10.933030       0
1    24313     1      2    0.0  ...      4994350      1045163  10.965459       0
2    29744     1      2    0.0  ...      4407386      1131789  11.010636       0
3    65173     1      2    0.0  ...      4472728       972058  11.960652       0
4    93800     1      2    0.0  ...      3608282       845792  12.280588       0

[5 rows x 30 columns]
Check dbaBytes Data is Clean

dbaBytes Null Values
pkSeqID        0
flgs           0
proto          0
sport          0
dport          0
pkts           0
bytes          0
state          0
seq            0
dur            0
mean           0
stddev         0
sum            0
min            0
max            0
spkts          0
dpkts          0
sbytes         0
dbytes         0
rate           0
srate          0
drate          0
TnBPsrcIP      0
TnBPDstIP      0
TnPPSrcIP      0
TnPPDstIP      0
TnPPerProto    0
TnPPerDport    0
avgPD          0
attack         0
dtype: int64

Head of dbaPkts Data Frame
      pkSeqID  flgs  proto  sport  ...  TnPPerProto  TnPPerDport  avgPD  attack
1374    12070     1      4  133.0  ...       220968       965050    0.0       0
1375    25176     1      4  133.0  ...       142271      1154097    0.0       0
1376    25566     1      4  133.0  ...       178007      1380563    0.0       0
1377    27533     1      4  133.0  ...       167280      1050013    0.0       0
1378    51757     1      4  133.0  ...       168450       941884    0.0       0

[5 rows x 30 columns]
Check dbaPkts Data is Clean

dbaPkts Null Values
pkSeqID        0
flgs           0
proto          0
sport          0
dport          0
pkts           0
bytes          0
state          0
seq            0
dur            0
mean           0
stddev         0
sum            0
min            0
max            0
spkts          0
dpkts          0
sbytes         0
dbytes         0
rate           0
srate          0
drate          0
TnBPsrcIP      0
TnBPDstIP      0
TnPPSrcIP      0
TnPPDstIP      0
TnPPerProto    0
TnPPerDport    0
avgPD          0
attack         0
dtype: int64

Data Features: 29 | LSTM Timesteps: 80
Create Clients: 10
Create Backdoor Sybils: 1

Number of total clients and sybils 11

Simulate Models Sent to Clients

Total time for client_1 : local training was 10.456380899995565
Total time for client_2 : local training was 10.504527399985818
Total time for client_3 : local training was 10.560898700001417
Total time for client_4 : local training was 10.531091799988644
Total time for client_5 : local training was 11.125040399987483
Total time for client_6 : local training was 10.468012800003635
Total time for client_7 : local training was 10.914825099986047
Total time for client_8 : local training was 10.404227499995613
Total time for client_9 : local training was 10.723830400005681
Total time for client_10 : local training was 10.377513600018574
Total time for client_11 : local training was 7.869107100006659

Total Client Grads Scaled : 11 unscaled 11

aggregate_gradients Total Client Grads: 11

ASF Similarity is
 [[-2.          0.31938712  0.00255453  0.56930957  0.00354001 -0.1089186
   0.40561664 -0.07873371  0.17403444 -0.03181762  0.18711948]
 [ 0.31938712 -2.          0.05226166  0.3512021   0.51291477  0.41947793
   0.40453838  0.21040129  0.29343661  0.43416181  0.30143667]
 [ 0.00255453  0.05226166 -2.          0.38188355  0.0337827   0.39438923
   0.49511896  0.18466926  0.39738339  0.32022691  0.76109345]
 [ 0.56930957  0.3512021   0.38188355 -2.          0.37568174  0.9067668
   0.2335772   0.44382392  0.24018927  0.69844501  0.98348809]
 [ 0.00354001  0.51291477  0.0337827   0.37568174 -2.          0.46153551
   0.0504879   0.08101363  0.51032024  0.61146473  1.        ]
 [-0.1089186   0.41947793  0.39438923  0.9067668   0.46153551 -2.
   0.11589654  0.0948783   0.35245277  0.11398588 -0.13630536]
 [ 0.40561664  0.40453838  0.49511896  0.2335772   0.0504879   0.11589654
  -2.         -0.02959723  0.45578343  0.52371996  0.81866584]
 [-0.07873371  0.21040129  0.18466926  0.44382392  0.08101363  0.0948783
  -0.02959723 -2.         -0.01763283  0.60665808  0.34090282]
 [ 0.17403444  0.29343661  0.39738339  0.24018927  0.51032024  0.35245277
   0.45578343 -0.01763283 -2.          0.05445264  0.20986946]
 [-0.03181762  0.43416181  0.32022691  0.69844501  0.61146473  0.11398588
   0.52371996  0.60665808  0.05445264 -2.         -0.13806437]
 [ 0.18711948  0.30143667  0.76109345  0.98348809  1.         -0.13630536
   0.81866584  0.34090282  0.20986946 -0.13806437 -2.        ]]

Maxsm is
 [0.56930957 0.51291477 0.76109345 0.98348809 1.         0.9067668
 0.81866584 0.60665808 0.51032024 0.69844501 1.        ]

ASF wv is [1.         1.         0.95380569 0.         0.         0.86033631
 0.43331764 1.         1.         0.09107048 0.        ]

############################################################################################

############################################################################################

comm_round: 0 | global_acc: 59.131% | global_f1: 0.7431713373536716 | global_precision: 0.5913068021450748 | global bin 0.5913068056106567

Simulate Models Sent to Clients

Total time for client_1 : local training was 10.52086939997389
Total time for client_2 : local training was 10.52662039999268
Total time for client_3 : local training was 11.187712199985981
Total time for client_4 : local training was 10.537824800005183
Total time for client_5 : local training was 10.91523079999024
Total time for client_6 : local training was 10.391413200006355
Total time for client_7 : local training was 11.033412400021916
Total time for client_8 : local training was 10.350130699982401
Total time for client_9 : local training was 10.987601000000723
Total time for client_10 : local training was 10.490102699986892
Total time for client_11 : local training was 7.725502899993444

Total Client Grads Scaled : 11 unscaled 11

aggregate_gradients Total Client Grads: 11

ASF Similarity is
 [[-2.         -0.8930945  -0.05883996 -0.86644515 -0.48082537  0.36394799
  -0.78213415 -0.56090412 -0.88594821  1.         -0.9357186 ]
 [-0.8930945  -2.         -0.13165864 -0.87747234 -0.56688108  0.17245136
  -0.84659696 -0.69682916 -0.90702844  0.48573147 -0.92486661]
 [-0.05883996 -0.13165864 -2.         -0.15584291 -0.71672382 -0.70373172
  -0.39646877 -0.70661698 -0.16108271 -0.58808191 -0.39020664]
 [-0.86644515 -0.87747234 -0.15584291 -2.         -0.57847661 -0.10911469
  -0.88419052 -0.7655337  -0.88477796  0.54027289 -0.93686346]
 [-0.48082537 -0.56688108 -0.71672382 -0.57847661 -2.         -0.60296579
  -0.70017525 -0.83285054 -0.53168251 -0.37896314 -0.70730869]
 [ 0.36394799  0.17245136 -0.70373172 -0.10911469 -0.60296579 -2.
  -0.32283392 -0.64141487  0.17730664 -0.6591175  -0.1540869 ]
 [-0.78213415 -0.84659696 -0.39646877 -0.88419052 -0.70017525 -0.32283392
  -2.         -0.81285752 -0.86660515  0.2252448  -0.92143591]
 [-0.56090412 -0.69682916 -0.70661698 -0.7655337  -0.83285054 -0.64141487
  -0.81285752 -2.         -0.67629479 -0.35309247 -0.78853138]
 [-0.88594821 -0.90702844 -0.16108271 -0.88477796 -0.53168251  0.17730664
  -0.86660515 -0.67629479 -2.          0.62331716 -0.92423404]
 [ 1.          0.48573147 -0.58808191  0.54027289 -0.37896314 -0.6591175
   0.2252448  -0.35309247  0.62331716 -2.          0.49352757]
 [-0.9357186  -0.92486661 -0.39020664 -0.93686346 -0.70730869 -0.1540869
  -0.92143591 -0.78853138 -0.92423404  0.49352757 -2.        ]]

Maxsm is
 [ 1.          0.48573147 -0.05883996  0.54027289 -0.37896314  0.36394799
  0.2252448  -0.35309247  0.62331716  1.          0.49352757]

ASF wv is [0. 1. 1. 1. 1. 1. 1. 1. 1. 0. 1.]

############################################################################################

############################################################################################

comm_round: 1 | global_acc: 59.131% | global_f1: 0.7431713373536716 | global_precision: 0.5913068021450748 | global bin 0.5913068056106567

Simulate Models Sent to Clients

Total time for client_1 : local training was 11.137958200008143
Total time for client_2 : local training was 10.319882399984635
Total time for client_3 : local training was 10.950745000009192
Total time for client_4 : local training was 10.523856599989813
Total time for client_5 : local training was 11.111989099998027
Total time for client_6 : local training was 10.391546800005017
Total time for client_7 : local training was 10.418489799980307
Total time for client_8 : local training was 11.021311999997124
Total time for client_9 : local training was 10.53261900000507
Total time for client_10 : local training was 10.943497699976433
Total time for client_11 : local training was 7.7009402999829035

Total Client Grads Scaled : 11 unscaled 11

aggregate_gradients Total Client Grads: 11

ASF Similarity is
 [[-2.         -0.90557556 -0.86311346 -0.87279423 -0.83258385 -0.87737066
  -0.91417479 -0.82237576 -0.69179311 -0.84407799 -0.37360542]
 [-0.90557556 -2.         -0.89087295 -0.88503518 -0.8575535  -0.89662331
  -0.920135   -0.88829449 -0.7014034  -0.90013475 -0.18698245]
 [-0.86311346 -0.89087295 -2.         -0.93239367 -0.8671252  -0.87182006
  -0.87435564 -0.88053413 -0.87407118 -0.93766593  0.20630617]
 [-0.87279423 -0.88503518 -0.93239367 -2.         -0.87989918 -0.91073851
  -0.89674395 -0.90784235 -0.87700248 -0.9410644   0.21359856]
 [-0.83258385 -0.8575535  -0.8671252  -0.87989918 -2.         -0.8537508
  -0.88542331 -0.82486454 -0.72889033 -0.83175132  0.12021792]
 [-0.87737066 -0.89662331 -0.87182006 -0.91073851 -0.8537508  -2.
  -0.90200288 -0.85275739 -0.68898222 -0.89307166  0.11457256]
 [-0.91417479 -0.920135   -0.87435564 -0.89674395 -0.88542331 -0.90200288
  -2.         -0.88250851 -0.73116104 -0.86014158 -0.14714893]
 [-0.82237576 -0.88829449 -0.88053413 -0.90784235 -0.82486454 -0.85275739
  -0.88250851 -2.         -0.7839027  -0.9082984   0.13006312]
 [-0.69179311 -0.7014034  -0.87407118 -0.87700248 -0.72889033 -0.68898222
  -0.73116104 -0.7839027  -2.         -0.83340437  1.        ]
 [-0.84407799 -0.90013475 -0.93766593 -0.9410644  -0.83175132 -0.89307166
  -0.86014158 -0.9082984  -0.83340437 -2.          0.08385031]
 [-0.37360542 -0.18698245  0.20630617  0.21359856  0.12021792  0.11457256
  -0.14714893  0.13006312  1.          0.08385031 -2.        ]]

Maxsm is
 [-0.37360542 -0.18698245  0.20630617  0.21359856  0.12021792  0.11457256
 -0.14714893  0.13006312  1.          0.08385031  1.        ]

ASF wv is [1. 1. 1. 1. 1. 1. 1. 1. 0. 1. 0.]

############################################################################################

############################################################################################

comm_round: 2 | global_acc: 94.383% | global_f1: 0.9537316903045803 | global_precision: 0.9297370806890299 | global bin 0.9438329339027405

Simulate Models Sent to Clients

Total time for client_1 : local training was 11.061932499986142
Total time for client_2 : local training was 10.499181399994995
Total time for client_3 : local training was 11.089723400014918
Total time for client_4 : local training was 10.388782900001388
Total time for client_5 : local training was 10.373913899995387
Total time for client_6 : local training was 11.138260300009279
Total time for client_7 : local training was 10.482520899997326
Total time for client_8 : local training was 10.91330289997859
Total time for client_9 : local training was 10.418400299997302
Total time for client_10 : local training was 11.095613699988462
Total time for client_11 : local training was 7.844877900002757

Total Client Grads Scaled : 11 unscaled 11

aggregate_gradients Total Client Grads: 11

ASF Similarity is
 [[-2.         -0.62647681 -0.0912343  -0.61968436 -0.70191928 -0.53391036
  -0.5966776  -0.62544758 -0.61749073 -0.39018243 -0.03680498]
 [-0.62647681 -2.         -0.56603588 -0.75171311 -0.83164992 -0.78825872
  -0.82447906 -0.69028381 -0.74846295 -0.33622185 -0.0228643 ]
 [-0.0912343  -0.56603588 -2.         -0.59431671 -0.50923531 -0.58060555
  -0.58085678 -0.37077256 -0.6317218   0.49616914  1.        ]
 [-0.61968436 -0.75171311 -0.59431671 -2.         -0.75085378 -0.80362716
  -0.70842544 -0.5292434  -0.75195299 -0.16491574  0.33594576]
 [-0.70191928 -0.83164992 -0.50923531 -0.75085378 -2.         -0.68780475
  -0.74129488 -0.77740246 -0.75395526 -0.47522918 -0.10483282]
 [-0.53391036 -0.78825872 -0.58060555 -0.80362716 -0.68780475 -2.
  -0.65950701 -0.56892602 -0.72439427 -0.18875041  0.33210705]
 [-0.5966776  -0.82447906 -0.58085678 -0.70842544 -0.74129488 -0.65950701
  -2.         -0.57832013 -0.68656375 -0.12179774  0.12492802]
 [-0.62544758 -0.69028381 -0.37077256 -0.5292434  -0.77740246 -0.56892602
  -0.57832013 -2.         -0.62259071 -0.52527545 -0.27591202]
 [-0.61749073 -0.74846295 -0.6317218  -0.75195299 -0.75395526 -0.72439427
  -0.68656375 -0.62259071 -2.         -0.13969926  0.2793868 ]
 [-0.39018243 -0.33622185  0.49616914 -0.16491574 -0.47522918 -0.18875041
  -0.12179774 -0.52527545 -0.13969926 -2.         -0.49202899]
 [-0.03680498 -0.0228643   1.          0.33594576 -0.10483282  0.33210705
   0.12492802 -0.27591202  0.2793868  -0.49202899 -2.        ]]

Maxsm is
 [-0.03680498 -0.0228643   1.          0.33594576 -0.10483282  0.33210705
  0.12492802 -0.27591202  0.2793868   0.49616914  1.        ]

ASF wv is [1. 1. 0. 1. 1. 1. 1. 1. 1. 1. 1.]

############################################################################################

############################################################################################

comm_round: 3 | global_acc: 94.214% | global_f1: 0.9525133194347927 | global_precision: 0.9252925292529253 | global bin 0.9421394467353821

Simulate Models Sent to Clients

Total time for client_1 : local training was 11.265607400011504
Total time for client_2 : local training was 10.377337799989618
Total time for client_3 : local training was 10.423399099992821
Total time for client_4 : local training was 11.137035899999319
Total time for client_5 : local training was 10.523704499995802
Total time for client_6 : local training was 10.924511299992446
Total time for client_7 : local training was 10.534205500007374
Total time for client_8 : local training was 10.908298900001682
Total time for client_9 : local training was 10.368279700021958
Total time for client_10 : local training was 11.05580609999015
Total time for client_11 : local training was 7.762232399982167

Total Client Grads Scaled : 11 unscaled 11

aggregate_gradients Total Client Grads: 11

ASF Similarity is
 [[-2.         -0.69305184 -0.60772443 -0.697613   -0.55284069 -0.56235749
  -0.75161453 -0.70402716 -0.72810843 -0.55650128 -0.17604943]
 [-0.69305184 -2.         -0.43990559 -0.66845196 -0.62916513 -0.41964802
  -0.53444313 -0.43918477 -0.55434313 -0.32200336 -0.45459265]
 [-0.60772443 -0.43990559 -2.         -0.7307427  -0.37707537 -0.11502589
  -0.79258489 -0.63293309 -0.63878018 -0.73139427  0.45014037]
 [-0.697613   -0.66845196 -0.7307427  -2.         -0.47254577 -0.45717972
  -0.73886089 -0.53050462 -0.72277632 -0.59777555 -0.09044975]
 [-0.55284069 -0.62916513 -0.37707537 -0.47254577 -2.         -0.31469024
  -0.35249125 -0.234314   -0.46063464 -0.26551796 -0.46495662]
 [-0.56235749 -0.41964802 -0.11502589 -0.45717972 -0.31469024 -2.
  -0.457281   -0.53632299 -0.65074395 -0.23850549  0.01899927]
 [-0.75161453 -0.53444313 -0.79258489 -0.73886089 -0.35249125 -0.457281
  -2.         -0.71604436 -0.69993854 -0.68029639  0.16833344]
 [-0.70402716 -0.43918477 -0.63293309 -0.53050462 -0.234314   -0.53632299
  -0.71604436 -2.         -0.72508377 -0.54633191  0.27619963]
 [-0.72810843 -0.55434313 -0.63878018 -0.72277632 -0.46063464 -0.65074395
  -0.69993854 -0.72508377 -2.         -0.43019856 -0.03651916]
 [-0.55650128 -0.32200336 -0.73139427 -0.59777555 -0.26551796 -0.23850549
  -0.68029639 -0.54633191 -0.43019856 -2.          1.        ]
 [-0.17604943 -0.45459265  0.45014037 -0.09044975 -0.46495662  0.01899927
   0.16833344  0.27619963 -0.03651916  1.         -2.        ]]

Maxsm is
 [-0.17604943 -0.32200336  0.45014037 -0.09044975 -0.234314    0.01899927
  0.16833344  0.27619963 -0.03651916  1.          1.        ]

ASF wv is [1. 1. 1. 1. 1. 1. 1. 1. 1. 0. 0.]

############################################################################################

############################################################################################

comm_round: 4 | global_acc: 94.468% | global_f1: 0.9543761638733705 | global_precision: 0.93139482053612 | global bin 0.9446796774864197

Simulate Models Sent to Clients

Total time for client_1 : local training was 10.595851299993228
Total time for client_2 : local training was 11.104388699983247
Total time for client_3 : local training was 10.539534000010462
Total time for client_4 : local training was 10.948510999995051
Total time for client_5 : local training was 10.359889399987878
Total time for client_6 : local training was 10.888568599999417
Total time for client_7 : local training was 10.351336099993205
Total time for client_8 : local training was 10.592744299996411
Total time for client_9 : local training was 10.347457900003064
Total time for client_10 : local training was 10.465729499992449
Total time for client_11 : local training was 8.473034599999664

Total Client Grads Scaled : 11 unscaled 11

aggregate_gradients Total Client Grads: 11

ASF Similarity is
 [[-2.         -0.80633047 -0.80141159 -0.84105984 -0.56509467 -0.81395951
  -0.5912749  -0.80230408  0.55675788 -0.80245957  0.38444915]
 [-0.80633047 -2.         -0.83423239 -0.83496844 -0.72998936 -0.71259226
  -0.79646893 -0.80516983  0.18706197 -0.85616268 -0.07281248]
 [-0.80141159 -0.83423239 -2.         -0.88541677 -0.71257412 -0.66583584
  -0.77866103 -0.75088402  0.39627204 -0.8971604   0.10187232]
 [-0.84105984 -0.83496844 -0.88541677 -2.         -0.66966746 -0.77587912
  -0.68033907 -0.83893802  0.25508907 -0.87893116  0.17873614]
 [-0.56509467 -0.72998936 -0.71257412 -0.66966746 -2.         -0.47499938
  -0.78904162 -0.59925502 -0.41308768 -0.77377895 -0.37095282]
 [-0.81395951 -0.71259226 -0.66583584 -0.77587912 -0.47499938 -2.
  -0.39685061 -0.73989124  0.77446583 -0.72624166  1.        ]
 [-0.5912749  -0.79646893 -0.77866103 -0.68033907 -0.78904162 -0.39685061
  -2.         -0.59317663 -0.23373885 -0.73493508 -0.34651261]
 [-0.80230408 -0.80516983 -0.75088402 -0.83893802 -0.59925502 -0.73989124
  -0.59317663 -2.          0.11402011 -0.79941408  0.2150811 ]
 [ 0.55675788  0.18706197  0.39627204  0.25508907 -0.41308768  0.77446583
  -0.23373885  0.11402011 -2.          0.1019015  -0.81596342]
 [-0.80245957 -0.85616268 -0.8971604  -0.87893116 -0.77377895 -0.72624166
  -0.73493508 -0.79941408  0.1019015  -2.          0.07994107]
 [ 0.38444915 -0.07281248  0.10187232  0.17873614 -0.37095282  1.
  -0.34651261  0.2150811  -0.81596342  0.07994107 -2.        ]]

Maxsm is
 [ 0.55675788  0.18706197  0.39627204  0.25508907 -0.37095282  1.
 -0.23373885  0.2150811   0.77446583  0.1019015   1.        ]

ASF wv is [1.         1.         1.         1.         1.         0.
 1.         1.         0.27319055 1.         0.        ]

############################################################################################

############################################################################################

comm_round: 5 | global_acc: 94.440% | global_f1: 0.9543347241539175 | global_precision: 0.9276701216764308 | global bin 0.9443973898887634

Simulate Models Sent to Clients

Total time for client_1 : local training was 10.48489559997688
Total time for client_2 : local training was 10.948342299991054
Total time for client_3 : local training was 10.472777599992696
Total time for client_4 : local training was 11.252642300009029
Total time for client_5 : local training was 10.379523499985225
Total time for client_6 : local training was 10.409811799996532
Total time for client_7 : local training was 11.017795099993236
Total time for client_8 : local training was 10.213207200024044
Total time for client_9 : local training was 10.713273600005778
Total time for client_10 : local training was 10.297324899991509
Total time for client_11 : local training was 8.332781600009184

Total Client Grads Scaled : 11 unscaled 11

aggregate_gradients Total Client Grads: 11

ASF Similarity is
 [[-2.         -0.3215001  -0.04921127 -0.48663008 -0.46959566 -0.38767396
   0.09649744 -0.45938189 -0.16267092 -0.85265818 -0.69973804]
 [-0.3215001  -2.         -0.83484388 -0.76425037 -0.87697948 -0.90593686
  -0.85079419 -0.88010335 -0.88116142 -0.57412204  0.621215  ]
 [-0.04921127 -0.83484388 -2.         -0.74934871 -0.83778373 -0.87862218
  -0.89680787 -0.86416704 -0.86458473 -0.52830216  0.94187566]
 [-0.48663008 -0.76425037 -0.74934871 -2.         -0.76989555 -0.8370474
  -0.74349543 -0.77419837 -0.75301928 -0.76439383 -0.15630616]
 [-0.46959566 -0.87697948 -0.83778373 -0.76989555 -2.         -0.91086388
  -0.79668194 -0.92898978 -0.85321972 -0.62309416  0.39155121]
 [-0.38767396 -0.90593686 -0.87862218 -0.8370474  -0.91086388 -2.
  -0.85917898 -0.92813499 -0.85351981 -0.71826411  0.38174081]
 [ 0.09649744 -0.85079419 -0.89680787 -0.74349543 -0.79668194 -0.85917898
  -2.         -0.80143846 -0.88780287 -0.41797539  1.        ]
 [-0.45938189 -0.88010335 -0.86416704 -0.77419837 -0.92898978 -0.92813499
  -0.80143846 -2.         -0.86288278 -0.71873727  0.42916507]
 [-0.16267092 -0.88116142 -0.86458473 -0.75301928 -0.85321972 -0.85351981
  -0.88780287 -0.86288278 -2.         -0.53807865  0.87339622]
 [-0.85265818 -0.57412204 -0.52830216 -0.76439383 -0.62309416 -0.71826411
  -0.41797539 -0.71873727 -0.53807865 -2.         -0.52031679]
 [-0.69973804  0.621215    0.94187566 -0.15630616  0.39155121  0.38174081
   1.          0.42916507  0.87339622 -0.52031679 -2.        ]]

Maxsm is
 [ 0.09649744  0.621215    0.94187566 -0.15630616  0.39155121  0.38174081
  1.          0.42916507  0.87339622 -0.41797539  1.        ]

ASF wv is [1. 1. 1. 1. 1. 1. 0. 1. 1. 1. 0.]

############################################################################################

############################################################################################

comm_round: 6 | global_acc: 94.327% | global_f1: 0.9534614494095855 | global_precision: 0.9258093525179856 | global bin 0.9432684183120728

Simulate Models Sent to Clients

Total time for client_1 : local training was 10.316342300007818
Total time for client_2 : local training was 10.911497599998256
Total time for client_3 : local training was 10.508627200004412
Total time for client_4 : local training was 10.591697299998486
Total time for client_5 : local training was 11.112737699993886
Total time for client_6 : local training was 10.464178499998525
Total time for client_7 : local training was 10.795363000012003
Total time for client_8 : local training was 10.46722459999728
Total time for client_9 : local training was 10.855238699994516
Total time for client_10 : local training was 10.325549700006377
Total time for client_11 : local training was 7.807309600000735

Total Client Grads Scaled : 11 unscaled 11

aggregate_gradients Total Client Grads: 11

ASF Similarity is
 [[-2.         -0.9214966  -0.88918165 -0.9142696  -0.88219234 -0.87881748
  -0.82568518 -0.89948812 -0.89174864 -0.84876233  0.41019242]
 [-0.9214966  -2.         -0.89935703 -0.93690933 -0.93685582 -0.86017648
  -0.84764086 -0.90859878 -0.91075595 -0.84186037  0.32589906]
 [-0.88918165 -0.89935703 -2.         -0.9077263  -0.89777263 -0.81752739
  -0.83508157 -0.89625568 -0.79951717 -0.82234437  0.31004049]
 [-0.9142696  -0.93690933 -0.9077263  -2.         -0.92125639 -0.87728208
  -0.84372663 -0.92769436 -0.8982957  -0.81360602  0.13532821]
 [-0.88219234 -0.93685582 -0.89777263 -0.92125639 -2.         -0.86394497
  -0.87666812 -0.87306942 -0.86057904 -0.80827929  0.332006  ]
 [-0.87881748 -0.86017648 -0.81752739 -0.87728208 -0.86394497 -2.
  -0.70742529 -0.81773516 -0.88648763 -0.90435702  0.84182733]
 [-0.82568518 -0.84764086 -0.83508157 -0.84372663 -0.87666812 -0.70742529
  -2.         -0.81531846 -0.6967926  -0.70129464 -0.31532413]
 [-0.89948812 -0.90859878 -0.89625568 -0.92769436 -0.87306942 -0.81773516
  -0.81531846 -2.         -0.86130451 -0.81087855  0.12255882]
 [-0.89174864 -0.91075595 -0.79951717 -0.8982957  -0.86057904 -0.88648763
  -0.6967926  -0.86130451 -2.         -0.90499964  0.83962928]
 [-0.84876233 -0.84186037 -0.82234437 -0.81360602 -0.80827929 -0.90435702
  -0.70129464 -0.81087855 -0.90499964 -2.          1.        ]
 [ 0.41019242  0.32589906  0.31004049  0.13532821  0.332006    0.84182733
  -0.31532413  0.12255882  0.83962928  1.         -2.        ]]

Maxsm is
 [ 0.41019242  0.32589906  0.31004049  0.13532821  0.332006    0.84182733
 -0.31532413  0.12255882  0.83962928  1.          1.        ]

ASF wv is [1. 1. 1. 1. 1. 1. 1. 1. 1. 0. 0.]

############################################################################################

############################################################################################

comm_round: 7 | global_acc: 94.863% | global_f1: 0.9574964969640355 | global_precision: 0.9373571101966164 | global bin 0.9486311078071594

Simulate Models Sent to Clients

Total time for client_1 : local training was 11.08313799998723
Total time for client_2 : local training was 10.353859700000612
Total time for client_3 : local training was 10.952679300011368
Total time for client_4 : local training was 10.569905199983623
Total time for client_5 : local training was 11.000864700006787
Total time for client_6 : local training was 10.555027299997164
Total time for client_7 : local training was 11.046280499984277
Total time for client_8 : local training was 10.396547899988946
Total time for client_9 : local training was 10.296876299980795
Total time for client_10 : local training was 11.119495099992491
Total time for client_11 : local training was 7.776310700020986

Total Client Grads Scaled : 11 unscaled 11

aggregate_gradients Total Client Grads: 11

ASF Similarity is
 [[-2.         -0.87928949 -0.8347606  -0.86422615 -0.86746581 -0.82322365
  -0.78295258 -0.81560783 -0.83925986 -0.81539139  0.39148773]
 [-0.87928949 -2.         -0.84010726 -0.89090293 -0.7727173  -0.79036049
  -0.73497326 -0.81383436 -0.88269493 -0.83323917  0.49169236]
 [-0.8347606  -0.84010726 -2.         -0.73157036 -0.6909147  -0.91240025
  -0.63711281 -0.68076532 -0.7954958  -0.83624815  1.        ]
 [-0.86422615 -0.89090293 -0.73157036 -2.         -0.77129712 -0.73906251
  -0.77711652 -0.8366095  -0.9088369  -0.81351435  0.3764806 ]
 [-0.86746581 -0.7727173  -0.6909147  -0.77129712 -2.         -0.70629149
  -0.89924723 -0.90878144 -0.74147703 -0.77189597 -0.11359429]
 [-0.82322365 -0.79036049 -0.91240025 -0.73906251 -0.70629149 -2.
  -0.69733701 -0.67814108 -0.81383491 -0.86299685  0.88698069]
 [-0.78295258 -0.73497326 -0.63711281 -0.77711652 -0.89924723 -0.69733701
  -2.         -0.89520568 -0.82841194 -0.68083783 -0.24368857]
 [-0.81560783 -0.81383436 -0.68076532 -0.8366095  -0.90878144 -0.67814108
  -0.89520568 -2.         -0.8005466  -0.77322748 -0.07415681]
 [-0.83925986 -0.88269493 -0.7954958  -0.9088369  -0.74147703 -0.81383491
  -0.82841194 -0.8005466  -2.         -0.84698168  0.44810817]
 [-0.81539139 -0.83323917 -0.83624815 -0.81351435 -0.77189597 -0.86299685
  -0.68083783 -0.77322748 -0.84698168 -2.          0.95495059]
 [ 0.39148773  0.49169236  1.          0.3764806  -0.11359429  0.88698069
  -0.24368857 -0.07415681  0.44810817  0.95495059 -2.        ]]

Maxsm is
 [ 0.39148773  0.49169236  1.          0.3764806  -0.11359429  0.88698069
 -0.24368857 -0.07415681  0.44810817  0.95495059  1.        ]

ASF wv is [1. 1. 1. 1. 1. 1. 1. 1. 1. 1. 0.]

############################################################################################

############################################################################################

comm_round: 8 | global_acc: 94.778% | global_f1: 0.9570466682145345 | global_precision: 0.9317359855334539 | global bin 0.9477843642234802

Simulate Models Sent to Clients

Total time for client_1 : local training was 10.917749899992486
Total time for client_2 : local training was 10.322266400005901
Total time for client_3 : local training was 11.168109699996421
Total time for client_4 : local training was 10.587582100008149
Total time for client_5 : local training was 10.52993580000475
Total time for client_6 : local training was 10.586548900027992
Total time for client_7 : local training was 10.541475600010017
Total time for client_8 : local training was 11.02838510001311
Total time for client_9 : local training was 10.427392100013094
Total time for client_10 : local training was 11.30872349999845
Total time for client_11 : local training was 7.772214099997655

Total Client Grads Scaled : 11 unscaled 11

aggregate_gradients Total Client Grads: 11

ASF Similarity is
 [[-2.         -0.8856653  -0.7588589  -0.8246114  -0.87650232 -0.79724909
  -0.78104408 -0.83868125 -0.88745733 -0.83625105  0.910434  ]
 [-0.8856653  -2.         -0.69286766 -0.73313789 -0.86935845 -0.71471654
  -0.79500018 -0.88979793 -0.87685283 -0.74569411  1.        ]
 [-0.7588589  -0.69286766 -2.         -0.90433758 -0.93154734 -0.92348883
  -0.89114866 -0.79370164 -0.82650415 -0.91960636 -0.25563191]
 [-0.8246114  -0.73313789 -0.90433758 -2.         -0.93984687 -0.89167256
  -0.90514357 -0.81563855 -0.87448547 -0.91157779  0.09937703]
 [-0.87650232 -0.86935845 -0.93154734 -0.93984687 -2.         -0.9143975
  -0.90911692 -0.88860474 -0.92614775 -0.93294814  0.05151447]
 [-0.79724909 -0.71471654 -0.92348883 -0.89167256 -0.9143975  -2.
  -0.87630693 -0.82334483 -0.87259958 -0.92251237 -0.01223107]
 [-0.78104408 -0.79500018 -0.89114866 -0.90514357 -0.90911692 -0.87630693
  -2.         -0.85477591 -0.87514646 -0.87671369  0.15846909]
 [-0.83868125 -0.88979793 -0.79370164 -0.81563855 -0.88860474 -0.82334483
  -0.85477591 -2.         -0.86435225 -0.82389205  0.71228714]
 [-0.88745733 -0.87685283 -0.82650415 -0.87448547 -0.92614775 -0.87259958
  -0.87514646 -0.86435225 -2.         -0.87363399  0.49140118]
 [-0.83625105 -0.74569411 -0.91960636 -0.91157779 -0.93294814 -0.92251237
  -0.87671369 -0.82389205 -0.87363399 -2.         -0.015132  ]
 [ 0.910434    1.         -0.25563191  0.09937703  0.05151447 -0.01223107
   0.15846909  0.71228714  0.49140118 -0.015132   -2.        ]]

Maxsm is
 [ 0.910434    1.         -0.25563191  0.09937703  0.05151447 -0.01223107
  0.15846909  0.71228714  0.49140118 -0.015132    1.        ]

ASF wv is [1. 1. 1. 1. 1. 1. 1. 1. 1. 1. 0.]

############################################################################################

############################################################################################

comm_round: 9 | global_acc: 95.174% | global_f1: 0.9601584342963654 | global_precision: 0.9378698224852071 | global bin 0.95173579454422

Simulate Models Sent to Clients

Total time for client_1 : local training was 10.332360000000335
Total time for client_2 : local training was 10.401066899998114
Total time for client_3 : local training was 10.56284769999911
Total time for client_4 : local training was 11.104716800007736
Total time for client_5 : local training was 10.445411399996374
Total time for client_6 : local training was 11.092221200000495
Total time for client_7 : local training was 10.439576000004308
Total time for client_8 : local training was 11.07110569998622
Total time for client_9 : local training was 10.40037280000979
Total time for client_10 : local training was 10.578471300017554
Total time for client_11 : local training was 8.584567899990361

Total Client Grads Scaled : 11 unscaled 11

aggregate_gradients Total Client Grads: 11

ASF Similarity is
 [[-2.         -0.79866996 -0.88461076 -0.88246376 -0.87418544 -0.780063
  -0.37859551 -0.83328095 -0.70652701 -0.41222916  0.23428149]
 [-0.79866996 -2.         -0.86376589 -0.71079783 -0.83420705 -0.79491234
  -0.47795077 -0.5841183  -0.79852162 -0.57050517 -0.13639384]
 [-0.88461076 -0.86376589 -2.         -0.78128295 -0.87873824 -0.84881967
  -0.58127291 -0.65677327 -0.81125947 -0.66471358 -0.07400319]
 [-0.88246376 -0.71079783 -0.78128295 -2.         -0.84007559 -0.63221729
  -0.05807719 -0.79686287 -0.55271875 -0.18211676  0.65417261]
 [-0.87418544 -0.83420705 -0.87873824 -0.84007559 -2.         -0.76918552
  -0.35726321 -0.64239457 -0.77852744 -0.52113741  0.16522468]
 [-0.780063   -0.79491234 -0.84881967 -0.63221729 -0.76918552 -2.
  -0.69056115 -0.57481138 -0.89546309 -0.7228286  -0.36180162]
 [-0.37859551 -0.47795077 -0.58127291 -0.05807719 -0.35726321 -0.69056115
  -2.         -0.08288607 -0.70068974 -0.88578079 -0.73401191]
 [-0.83328095 -0.5841183  -0.65677327 -0.79686287 -0.64239457 -0.57481138
  -0.08288607 -2.         -0.39088584 -0.03150506  1.        ]
 [-0.70652701 -0.79852162 -0.81125947 -0.55271875 -0.77852744 -0.89546309
  -0.70068974 -0.39088584 -2.         -0.7670752  -0.48960777]
 [-0.41222916 -0.57050517 -0.66471358 -0.18211676 -0.52113741 -0.7228286
  -0.88578079 -0.03150506 -0.7670752  -2.         -0.68886666]
 [ 0.23428149 -0.13639384 -0.07400319  0.65417261  0.16522468 -0.36180162
  -0.73401191  1.         -0.48960777 -0.68886666 -2.        ]]

Maxsm is
 [ 0.23428149 -0.13639384 -0.07400319  0.65417261  0.16522468 -0.36180162
 -0.05807719  1.         -0.39088584 -0.03150506  1.        ]

ASF wv is [1. 1. 1. 1. 1. 1. 1. 0. 1. 1. 0.]

############################################################################################

############################################################################################

comm_round: 10 | global_acc: 95.343% | global_f1: 0.9615653389238296 | global_precision: 0.9390354868061874 | global bin 0.9534292817115784

Simulate Models Sent to Clients

Total time for client_1 : local training was 10.494498799991561
Total time for client_2 : local training was 11.110809399979189
Total time for client_3 : local training was 10.488917600014247
Total time for client_4 : local training was 11.19309250000515
Total time for client_5 : local training was 10.54374779999489
Total time for client_6 : local training was 10.489934799988987
Total time for client_7 : local training was 10.576733599998988
Total time for client_8 : local training was 10.511678200011374
Total time for client_9 : local training was 11.133934000012232
