Starting Machine:
Loading Data...

Data Distributions:
normal (0) abnormal(1)
attack
0     9490
1    14400
dtype: int64
Data Proto Distributions:
normal (0) abnormal(1)
proto
arp            467
icmp            12
igmp             2
ipv6-icmp       88
rarp             1
tcp           8447
udp          14873
dtype: int64

Pre-Processing DataHead of Data Frame
   pkSeqID  flgs  proto  sport  ...  TnPPerProto  TnPPerDport      avgPD  attack
0     4340     1      2    0.0  ...      5525931      1322674  10.933030       0
1    24313     1      2    0.0  ...      4994350      1045163  10.965459       0
2    29744     1      2    0.0  ...      4407386      1131789  11.010636       0
3    65173     1      2    0.0  ...      4472728       972058  11.960652       0
4    93800     1      2    0.0  ...      3608282       845792  12.280588       0

[5 rows x 30 columns]
Check Data is CleanNull ValuespkSeqID        0
flgs           0
proto          0
sport          0
dport          0
pkts           0
bytes          0
state          0
seq            0
dur            0
mean           0
stddev         0
sum            0
min            0
max            0
spkts          0
dpkts          0
sbytes         0
dbytes         0
rate           0
srate          0
drate          0
TnBPsrcIP      0
TnBPDstIP      0
TnPPSrcIP      0
TnPPDstIP      0
TnPPerProto    0
TnPPerDport    0
avgPD          0
attack         0
dtype: int64

Backdooring DoS / DDoS, proto : TCP, pkts : 1, dport: 80, bytes >= 201 size of df is 12720

DBA DoS / DDoS, proto : TCP, pkts : 1, dport: 80, bytes >= 201 size of proto is 253410 : pkts : 32490 : dport : 462810 : bytes : 716700

Head of Poison Data Frame
       pkSeqID  flgs  proto    sport  ...  TnPPerProto  TnPPerDport  avgPD  attack
9511  11328126     1      2  10080.0  ...        46388        81338    0.0       0
9540  53563130     1      2  10350.0  ...        22949        25569    0.0       0
9555  39790096     1      2  10446.0  ...        11813        37974    0.0       0
9574  46379101     1      2   1057.0  ...        19113        31594    0.0       0
9616   8058153     1      2  10855.0  ...        43629        83238    0.0       0

[5 rows x 30 columns]
Check Poison Data is Clean
Poison Null ValuespkSeqID        0
flgs           0
proto          0
sport          0
dport          0
pkts           0
bytes          0
state          0
seq            0
dur            0
mean           0
stddev         0
sum            0
min            0
max            0
spkts          0
dpkts          0
sbytes         0
dbytes         0
rate           0
srate          0
drate          0
TnBPsrcIP      0
TnBPDstIP      0
TnPPSrcIP      0
TnPPDstIP      0
TnPPerProto    0
TnPPerDport    0
avgPD          0
attack         0
dtype: int64

Head of dbaProto Data Frame
   pkSeqID  flgs  proto  sport  ...  TnPPerProto  TnPPerDport      avgPD  attack
0     4340     1      2    0.0  ...      5525931      1322674  10.933030       0
1    24313     1      2    0.0  ...      4994350      1045163  10.965459       0
2    29744     1      2    0.0  ...      4407386      1131789  11.010636       0
3    65173     1      2    0.0  ...      4472728       972058  11.960652       0
4    93800     1      2    0.0  ...      3608282       845792  12.280588       0

[5 rows x 30 columns]
Check dbaProto Data is CleandbaProto Null ValuespkSeqID        0
flgs           0
proto          0
sport          0
dport          0
pkts           0
bytes          0
state          0
seq            0
dur            0
mean           0
stddev         0
sum            0
min            0
max            0
spkts          0
dpkts          0
sbytes         0
dbytes         0
rate           0
srate          0
drate          0
TnBPsrcIP      0
TnBPDstIP      0
TnPPSrcIP      0
TnPPDstIP      0
TnPPerProto    0
TnPPerDport    0
avgPD          0
attack         0
dtype: int64

Head of dbaDport Data Frame
     pkSeqID  flgs  proto  sport  ...  TnPPerProto  TnPPerDport      avgPD  attack
326     4335     1      1   80.0  ...     11859844      4284267  17.634145       0
327     4336     1      2   80.0  ...      6064055      3985226  17.889824       0
328     4337     1      2   80.0  ...      6425553      4066934   5.963981       0
331    24317     1      2   80.0  ...      5326760      4130150   5.981577       0
332    24334     1      1   80.0  ...     12249365      4486587  17.943359       0

[5 rows x 30 columns]
Check dbaDport Data is Clean

dbaDport Null Values
pkSeqID        0
flgs           0
proto          0
sport          0
dport          0
pkts           0
bytes          0
state          0
seq            0
dur            0
mean           0
stddev         0
sum            0
min            0
max            0
spkts          0
dpkts          0
sbytes         0
dbytes         0
rate           0
srate          0
drate          0
TnBPsrcIP      0
TnBPDstIP      0
TnPPSrcIP      0
TnPPDstIP      0
TnPPerProto    0
TnPPerDport    0
avgPD          0
attack         0
dtype: int64

Head of dbaBytes Data Frame
   pkSeqID  flgs  proto  sport  ...  TnPPerProto  TnPPerDport      avgPD  attack
0     4340     1      2    0.0  ...      5525931      1322674  10.933030       0
1    24313     1      2    0.0  ...      4994350      1045163  10.965459       0
2    29744     1      2    0.0  ...      4407386      1131789  11.010636       0
3    65173     1      2    0.0  ...      4472728       972058  11.960652       0
4    93800     1      2    0.0  ...      3608282       845792  12.280588       0

[5 rows x 30 columns]
Check dbaBytes Data is Clean

dbaBytes Null Values
pkSeqID        0
flgs           0
proto          0
sport          0
dport          0
pkts           0
bytes          0
state          0
seq            0
dur            0
mean           0
stddev         0
sum            0
min            0
max            0
spkts          0
dpkts          0
sbytes         0
dbytes         0
rate           0
srate          0
drate          0
TnBPsrcIP      0
TnBPDstIP      0
TnPPSrcIP      0
TnPPDstIP      0
TnPPerProto    0
TnPPerDport    0
avgPD          0
attack         0
dtype: int64

Head of dbaPkts Data Frame
      pkSeqID  flgs  proto  sport  ...  TnPPerProto  TnPPerDport  avgPD  attack
1374    12070     1      4  133.0  ...       220968       965050    0.0       0
1375    25176     1      4  133.0  ...       142271      1154097    0.0       0
1376    25566     1      4  133.0  ...       178007      1380563    0.0       0
1377    27533     1      4  133.0  ...       167280      1050013    0.0       0
1378    51757     1      4  133.0  ...       168450       941884    0.0       0

[5 rows x 30 columns]
Check dbaPkts Data is Clean

dbaPkts Null Values
pkSeqID        0
flgs           0
proto          0
sport          0
dport          0
pkts           0
bytes          0
state          0
seq            0
dur            0
mean           0
stddev         0
sum            0
min            0
max            0
spkts          0
dpkts          0
sbytes         0
dbytes         0
rate           0
srate          0
drate          0
TnBPsrcIP      0
TnBPDstIP      0
TnPPSrcIP      0
TnPPDstIP      0
TnPPerProto    0
TnPPerDport    0
avgPD          0
attack         0
dtype: int64

Data Features: 29 | LSTM Timesteps: 80
Create Clients: 15
Create Backdoor Sybils: 1

Number of total clients and sybils 16

Simulate Models Sent to Clients


Total Client Grads Scaled : 16 unscaled 16

aggregate_gradients Total Client Grads: 16

TS-SS Similarity is
 [[-2.00000000e+00  3.72139295e-02 -2.25465539e-01 -2.67507314e-01
   9.55849511e-02  4.73621804e-01  1.82249537e-01 -8.14083447e-02
  -2.65856530e-01 -2.84715319e-01 -2.49179672e-03 -8.51094449e-05
  -1.68245895e-01 -5.09655748e-02 -1.10449849e-01 -3.55011089e-03]
 [ 3.72139295e-02 -2.00000000e+00  8.48737361e-02  2.08952350e-01
  -2.93003631e-01  4.22053389e-01  6.14411416e-01 -9.37940376e-02
  -1.91730385e-02 -1.59716757e-01  5.35886732e-01  1.97404419e-01
  -1.95267577e-01  3.18694920e-01  3.48573841e-01 -2.79177405e-01]
 [-2.25465539e-01  8.48737361e-02 -2.00000000e+00 -9.33540486e-02
   2.97493514e-01  2.91221784e-01 -9.59422696e-02 -3.70346343e-01
  -2.90244666e-01 -9.85073159e-02 -1.15798002e-01  6.60379078e-02
   1.21441873e-01  1.66808693e-01 -3.91366672e-01  2.83073826e-01]
 [-2.67507314e-01  2.08952350e-01 -9.33540486e-02 -2.00000000e+00
   1.77579111e-01  4.90502640e-01  6.42713728e-02 -2.24610647e-01
  -1.34621349e-01 -1.21108565e-04  7.51057482e-02  2.81681885e-01
  -1.04535608e-01  9.66941740e-01 -4.39415210e-01  4.55550494e-01]
 [ 9.55849511e-02 -2.93003631e-01  2.97493514e-01  1.77579111e-01
  -2.00000000e+00  2.16861245e-01  1.58325262e-01 -1.75902692e-01
  -2.00820835e-01 -3.12211795e-01  6.74816755e-02  2.48643603e-01
  -1.55694960e-01  1.64021295e-01  6.82586126e-02 -1.13911965e-01]
 [ 4.73621804e-01  4.22053389e-01  2.91221784e-01  4.90502640e-01
   2.16861245e-01 -2.00000000e+00  3.65074116e-01  8.68758232e-02
   3.14273071e-01 -6.14648744e-03  8.71341832e-01  4.61906458e-01
   9.85116756e-01  1.00000000e+00  2.20513101e-01  4.54810226e-01]
 [ 1.82249537e-01  6.14411416e-01 -9.59422696e-02  6.42713728e-02
   1.58325262e-01  3.65074116e-01 -2.00000000e+00 -1.05125430e-01
  -1.68708897e-02  4.56455096e-01 -1.33288107e-02  6.98423732e-01
   6.97937074e-01  5.90510476e-01 -4.26389855e-01  8.05261806e-01]
 [-8.14083447e-02 -9.37940376e-02 -3.70346343e-01 -2.24610647e-01
  -1.75902692e-01  8.68758232e-02 -1.05125430e-01 -2.00000000e+00
  -4.34243358e-01 -1.18642969e-01 -7.74453295e-02  1.89891532e-01
  -1.43858047e-01  6.02064268e-01 -3.81693654e-01  2.56248933e-01]
 [-2.65856530e-01 -1.91730385e-02 -2.90244666e-01 -1.34621349e-01
  -2.00820835e-01  3.14273071e-01 -1.68708897e-02 -4.34243358e-01
  -2.00000000e+00 -5.18642553e-01 -1.70773592e-01  9.66908820e-02
  -2.32553180e-01  6.92055123e-02 -2.82073475e-01 -1.73091637e-02]
 [-2.84715319e-01 -1.59716757e-01 -9.85073159e-02 -1.21108565e-04
  -3.12211795e-01 -6.14648744e-03  4.56455096e-01 -1.18642969e-01
  -5.18642553e-01 -2.00000000e+00  1.12245109e-02 -1.55447408e-01
   4.73239629e-03  1.00194182e-01 -2.85034868e-01 -3.35247864e-01]
 [-2.49179672e-03  5.35886732e-01 -1.15798002e-01  7.51057482e-02
   6.74816755e-02  8.71341832e-01 -1.33288107e-02 -7.74453295e-02
  -1.70773592e-01  1.12245109e-02 -2.00000000e+00  3.90894931e-01
  -1.44828480e-02  3.97987534e-01 -2.90830420e-01  5.44254276e-01]
 [-8.51094449e-05  1.97404419e-01  6.60379078e-02  2.81681885e-01
   2.48643603e-01  4.61906458e-01  6.98423732e-01  1.89891532e-01
   9.66908820e-02 -1.55447408e-01  3.90894931e-01 -2.00000000e+00
   6.70215673e-03  3.26206153e-01  1.19788062e-01  4.33946138e-01]
 [-1.68245895e-01 -1.95267577e-01  1.21441873e-01 -1.04535608e-01
  -1.55694960e-01  9.85116756e-01  6.97937074e-01 -1.43858047e-01
  -2.32553180e-01  4.73239629e-03 -1.44828480e-02  6.70215673e-03
  -2.00000000e+00  1.66652456e-01  6.91292446e-02  3.09877994e-01]
 [-5.09655748e-02  3.18694920e-01  1.66808693e-01  9.66941740e-01
   1.64021295e-01  1.00000000e+00  5.90510476e-01  6.02064268e-01
   6.92055123e-02  1.00194182e-01  3.97987534e-01  3.26206153e-01
   1.66652456e-01 -2.00000000e+00  3.61950329e-01  3.89219943e-01]
 [-1.10449849e-01  3.48573841e-01 -3.91366672e-01 -4.39415210e-01
   6.82586126e-02  2.20513101e-01 -4.26389855e-01 -3.81693654e-01
  -2.82073475e-01 -2.85034868e-01 -2.90830420e-01  1.19788062e-01
   6.91292446e-02  3.61950329e-01 -2.00000000e+00  2.22687975e-01]
 [-3.55011089e-03 -2.79177405e-01  2.83073826e-01  4.55550494e-01
  -1.13911965e-01  4.54810226e-01  8.05261806e-01  2.56248933e-01
  -1.73091637e-02 -3.35247864e-01  5.44254276e-01  4.33946138e-01
   3.09877994e-01  3.89219943e-01  2.22687975e-01 -2.00000000e+00]]

Maxsm is
 [0.4736218  0.61441142 0.29749351 0.96694174 0.29749351 1.
 0.80526181 0.60206427 0.31427307 0.4564551  0.87134183 0.69842373
 0.98511676 1.         0.36195033 0.80526181]


TS-SS wv is [1.         1.         1.         0.68916829 1.         0.
 0.         1.         1.         1.         0.33163355 1.
 0.         0.         1.         0.        ]

CS Similarity is
 [[ 0.00000000e+00  9.98657534e-01  9.98746043e-01  9.98786546e-01
   9.98508014e-01  9.98113814e-01  9.98228766e-01  9.98530542e-01
   9.98724462e-01  9.98932345e-01  9.98575223e-01  9.98471519e-01
   9.98654118e-01  9.98606578e-01  9.98560711e-01  9.99050905e-01]
 [ 9.98657534e-01 -2.22044605e-16  9.98709483e-01  9.98547593e-01
   9.98838302e-01  9.97896055e-01  9.98145286e-01  9.98896718e-01
   9.98743638e-01  9.98707396e-01  9.98358317e-01  9.98345730e-01
   9.98865220e-01  9.98134901e-01  9.98379860e-01  9.99059806e-01]
 [ 9.98746043e-01  9.98709483e-01  0.00000000e+00  9.98475921e-01
   9.98384321e-01  9.98433457e-01  9.98472034e-01  9.98872005e-01
   9.98817801e-01  9.98790195e-01  9.98607226e-01  9.98494225e-01
   9.98384311e-01  9.98446610e-01  9.98911761e-01  9.98864199e-01]
 [ 9.98786546e-01  9.98547593e-01  9.98475921e-01  2.22044605e-16
   9.98500216e-01  9.98191807e-01  9.98279812e-01  9.98642463e-01
   9.98584093e-01  9.98649469e-01  9.98380606e-01  9.98213362e-01
   9.98650402e-01  9.97538871e-01  9.98968067e-01  9.98670442e-01]
 [ 9.98508014e-01  9.98838302e-01  9.98384321e-01  9.98500216e-01
  -1.11022302e-16  9.98136105e-01  9.98558448e-01  9.98922846e-01
   9.98893725e-01  9.98844931e-01  9.98780531e-01  9.98201411e-01
   9.98741679e-01  9.98237495e-01  9.98616878e-01  9.98923573e-01]
 [ 9.98113814e-01  9.97896055e-01  9.98433457e-01  9.98191807e-01
   9.98136105e-01  4.44089210e-16  9.98367271e-01  9.98643648e-01
   9.98313334e-01  9.98470320e-01  9.97968684e-01  9.97995040e-01
   9.97468469e-01  9.97330766e-01  9.98480031e-01  9.98247951e-01]
 [ 9.98228766e-01  9.98145286e-01  9.98472034e-01  9.98279812e-01
   9.98558448e-01  9.98367271e-01  4.44089210e-16  9.98507895e-01
   9.98460447e-01  9.98154576e-01  9.98456047e-01  9.97778376e-01
   9.97730112e-01  9.97981209e-01  9.98976321e-01  9.98373975e-01]
 [ 9.98530542e-01  9.98896718e-01  9.98872005e-01  9.98642463e-01
   9.98922846e-01  9.98643648e-01  9.98507895e-01 -1.11022302e-16
   9.99008503e-01  9.98794252e-01  9.98579844e-01  9.98320772e-01
   9.98699949e-01  9.97926777e-01  9.98878864e-01  9.98867409e-01]
 [ 9.98724462e-01  9.98743638e-01  9.98817801e-01  9.98584093e-01
   9.98893725e-01  9.98313334e-01  9.98460447e-01  9.99008503e-01
   6.66133815e-16  9.99273013e-01  9.98771533e-01  9.98367969e-01
   9.98759134e-01  9.98474901e-01  9.98778763e-01  9.99084538e-01]
 [ 9.98932345e-01  9.98707396e-01  9.98790195e-01  9.98649469e-01
   9.98844931e-01  9.98470320e-01  9.98154576e-01  9.98794252e-01
   9.99273013e-01 -6.66133815e-16  9.98784177e-01  9.98651056e-01
   9.98477089e-01  9.98255248e-01  9.98999436e-01  9.99239349e-01]
 [ 9.98575223e-01  9.98358317e-01  9.98607226e-01  9.98380606e-01
   9.98780531e-01  9.97968684e-01  9.98456047e-01  9.98579844e-01
   9.98771533e-01  9.98784177e-01 -1.11022302e-16  9.98248674e-01
   9.98680987e-01  9.98321128e-01  9.98877534e-01  9.98754135e-01]
 [ 9.98471519e-01  9.98345730e-01  9.98494225e-01  9.98213362e-01
   9.98201411e-01  9.97995040e-01  9.97778376e-01  9.98320772e-01
   9.98367969e-01  9.98651056e-01  9.98248674e-01  4.44089210e-16
   9.98382074e-01  9.98019143e-01  9.98396556e-01  9.98462546e-01]
 [ 9.98654118e-01  9.98865220e-01  9.98384311e-01  9.98650402e-01
   9.98741679e-01  9.97468469e-01  9.97730112e-01  9.98699949e-01
   9.98759134e-01  9.98477089e-01  9.98680987e-01  9.98382074e-01
  -4.44089210e-16  9.98251828e-01  9.98417626e-01  9.98632142e-01]
 [ 9.98606578e-01  9.98134901e-01  9.98446610e-01  9.97538871e-01
   9.98237495e-01  9.97330766e-01  9.97981209e-01  9.97926777e-01
   9.98474901e-01  9.98255248e-01  9.98321128e-01  9.98019143e-01
   9.98251828e-01  2.22044605e-16  9.98186216e-01  9.98438277e-01]
 [ 9.98560711e-01  9.98379860e-01  9.98911761e-01  9.98968067e-01
   9.98616878e-01  9.98480031e-01  9.98976321e-01  9.98878864e-01
   9.98778763e-01  9.98999436e-01  9.98877534e-01  9.98396556e-01
   9.98417626e-01  9.98186216e-01  4.44089210e-16  9.98891741e-01]
 [ 9.99050905e-01  9.99059806e-01  9.98864199e-01  9.98670442e-01
   9.98923573e-01  9.98247951e-01  9.98373975e-01  9.98867409e-01
   9.99084538e-01  9.99239349e-01  9.98754135e-01  9.98462546e-01
   9.98632142e-01  9.98438277e-01  9.98891741e-01  0.00000000e+00]]

Maxcs is 
 [0.9990509  0.99905981 0.99891176 0.99896807 0.99892357 0.99864365
 0.99897632 0.9990085  0.99927301 0.99927301 0.99887753 0.99865106
 0.99886522 0.99860658 0.99899944 0.99923935]

FG wv is [0.98544266 0.90716888 1.         0.81723876 1.         1.
 0.78049576 0.8482374  0.07628416 0.07628416 1.         1.
 1.         1.         0.72935496 0.22739761]

FG wv sum weight % is 0.7779940214657926
Starting Machine:
Loading Data...

Data Distributions:
normal (0) abnormal(1)
attack
0     9490
1    14400
dtype: int64
Data Proto Distributions:
normal (0) abnormal(1)
proto
arp            467
icmp            12
igmp             2
ipv6-icmp       88
rarp             1
tcp           8447
udp          14873
dtype: int64

Pre-Processing DataHead of Data Frame
   pkSeqID  flgs  proto  sport  ...  TnPPerProto  TnPPerDport      avgPD  attack
0     4340     1      2    0.0  ...      5525931      1322674  10.933030       0
1    24313     1      2    0.0  ...      4994350      1045163  10.965459       0
2    29744     1      2    0.0  ...      4407386      1131789  11.010636       0
3    65173     1      2    0.0  ...      4472728       972058  11.960652       0
4    93800     1      2    0.0  ...      3608282       845792  12.280588       0

[5 rows x 30 columns]
Check Data is CleanNull ValuespkSeqID        0
flgs           0
proto          0
sport          0
dport          0
pkts           0
bytes          0
state          0
seq            0
dur            0
mean           0
stddev         0
sum            0
min            0
max            0
spkts          0
dpkts          0
sbytes         0
dbytes         0
rate           0
srate          0
drate          0
TnBPsrcIP      0
TnBPDstIP      0
TnPPSrcIP      0
TnPPDstIP      0
TnPPerProto    0
TnPPerDport    0
avgPD          0
attack         0
dtype: int64

Backdooring DoS / DDoS, proto : TCP, pkts : 1, dport: 80, bytes >= 201 size of df is 12720

DBA DoS / DDoS, proto : TCP, pkts : 1, dport: 80, bytes >= 201 size of proto is 253410 : pkts : 32490 : dport : 462810 : bytes : 716700

Head of Poison Data Frame
       pkSeqID  flgs  proto    sport  ...  TnPPerProto  TnPPerDport  avgPD  attack
9511  11328126     1      2  10080.0  ...        46388        81338    0.0       0
9540  53563130     1      2  10350.0  ...        22949        25569    0.0       0
9555  39790096     1      2  10446.0  ...        11813        37974    0.0       0
9574  46379101     1      2   1057.0  ...        19113        31594    0.0       0
9616   8058153     1      2  10855.0  ...        43629        83238    0.0       0

[5 rows x 30 columns]
Check Poison Data is Clean
Poison Null ValuespkSeqID        0
flgs           0
proto          0
sport          0
dport          0
pkts           0
bytes          0
state          0
seq            0
dur            0
mean           0
stddev         0
sum            0
min            0
max            0
spkts          0
dpkts          0
sbytes         0
dbytes         0
rate           0
srate          0
drate          0
TnBPsrcIP      0
TnBPDstIP      0
TnPPSrcIP      0
TnPPDstIP      0
TnPPerProto    0
TnPPerDport    0
avgPD          0
attack         0
dtype: int64

Head of dbaProto Data Frame
   pkSeqID  flgs  proto  sport  ...  TnPPerProto  TnPPerDport      avgPD  attack
0     4340     1      2    0.0  ...      5525931      1322674  10.933030       0
1    24313     1      2    0.0  ...      4994350      1045163  10.965459       0
2    29744     1      2    0.0  ...      4407386      1131789  11.010636       0
3    65173     1      2    0.0  ...      4472728       972058  11.960652       0
4    93800     1      2    0.0  ...      3608282       845792  12.280588       0

[5 rows x 30 columns]
Check dbaProto Data is CleandbaProto Null ValuespkSeqID        0
flgs           0
proto          0
sport          0
dport          0
pkts           0
bytes          0
state          0
seq            0
dur            0
mean           0
stddev         0
sum            0
min            0
max            0
spkts          0
dpkts          0
sbytes         0
dbytes         0
rate           0
srate          0
drate          0
TnBPsrcIP      0
TnBPDstIP      0
TnPPSrcIP      0
TnPPDstIP      0
TnPPerProto    0
TnPPerDport    0
avgPD          0
attack         0
dtype: int64

Head of dbaDport Data Frame
     pkSeqID  flgs  proto  sport  ...  TnPPerProto  TnPPerDport      avgPD  attack
326     4335     1      1   80.0  ...     11859844      4284267  17.634145       0
327     4336     1      2   80.0  ...      6064055      3985226  17.889824       0
328     4337     1      2   80.0  ...      6425553      4066934   5.963981       0
331    24317     1      2   80.0  ...      5326760      4130150   5.981577       0
332    24334     1      1   80.0  ...     12249365      4486587  17.943359       0

[5 rows x 30 columns]
Check dbaDport Data is Clean

dbaDport Null Values
pkSeqID        0
flgs           0
proto          0
sport          0
dport          0
pkts           0
bytes          0
state          0
seq            0
dur            0
mean           0
stddev         0
sum            0
min            0
max            0
spkts          0
dpkts          0
sbytes         0
dbytes         0
rate           0
srate          0
drate          0
TnBPsrcIP      0
TnBPDstIP      0
TnPPSrcIP      0
TnPPDstIP      0
TnPPerProto    0
TnPPerDport    0
avgPD          0
attack         0
dtype: int64

Head of dbaBytes Data Frame
   pkSeqID  flgs  proto  sport  ...  TnPPerProto  TnPPerDport      avgPD  attack
0     4340     1      2    0.0  ...      5525931      1322674  10.933030       0
1    24313     1      2    0.0  ...      4994350      1045163  10.965459       0
2    29744     1      2    0.0  ...      4407386      1131789  11.010636       0
3    65173     1      2    0.0  ...      4472728       972058  11.960652       0
4    93800     1      2    0.0  ...      3608282       845792  12.280588       0

[5 rows x 30 columns]
Check dbaBytes Data is Clean

dbaBytes Null Values
pkSeqID        0
flgs           0
proto          0
sport          0
dport          0
pkts           0
bytes          0
state          0
seq            0
dur            0
mean           0
stddev         0
sum            0
min            0
max            0
spkts          0
dpkts          0
sbytes         0
dbytes         0
rate           0
srate          0
drate          0
TnBPsrcIP      0
TnBPDstIP      0
TnPPSrcIP      0
TnPPDstIP      0
TnPPerProto    0
TnPPerDport    0
avgPD          0
attack         0
dtype: int64

Head of dbaPkts Data Frame
      pkSeqID  flgs  proto  sport  ...  TnPPerProto  TnPPerDport  avgPD  attack
1374    12070     1      4  133.0  ...       220968       965050    0.0       0
1375    25176     1      4  133.0  ...       142271      1154097    0.0       0
1376    25566     1      4  133.0  ...       178007      1380563    0.0       0
1377    27533     1      4  133.0  ...       167280      1050013    0.0       0
1378    51757     1      4  133.0  ...       168450       941884    0.0       0

[5 rows x 30 columns]
Check dbaPkts Data is Clean

dbaPkts Null Values
pkSeqID        0
flgs           0
proto          0
sport          0
dport          0
pkts           0
bytes          0
state          0
seq            0
dur            0
mean           0
stddev         0
sum            0
min            0
max            0
spkts          0
dpkts          0
sbytes         0
dbytes         0
rate           0
srate          0
drate          0
TnBPsrcIP      0
TnBPDstIP      0
TnPPSrcIP      0
TnPPDstIP      0
TnPPerProto    0
TnPPerDport    0
avgPD          0
attack         0
dtype: int64

Data Features: 29 | LSTM Timesteps: 80
Create Clients: 15
Create Backdoor Sybils: 1

Number of total clients and sybils 16

Simulate Models Sent to Clients


Total Client Grads Scaled : 16 unscaled 16

aggregate_gradients Total Client Grads: 16

TS-SS Similarity is
 [[-2.          0.05855019 -0.18234517 -0.06458916 -0.13897998  0.03429923
  -0.14292293 -0.0241226   0.81427504  0.38342644  0.22447402  0.44898124
   0.4657074   0.03282179  0.55621635 -0.41056726]
 [ 0.05855019 -2.         -0.21527139 -0.28448043 -0.4321429  -0.33341203
  -0.14460968 -0.15677542  0.33705314  0.17315646 -0.15474412 -0.16875705
   0.00833303 -0.06376772  0.03340187 -0.15903352]
 [-0.18234517 -0.21527139 -2.         -0.2051131  -0.16159646  0.01396393
  -0.13017164  0.02028141  0.61713011  0.25781066 -0.12406855  0.37585402
   0.34310308 -0.048494    0.14373602 -0.22302488]
 [-0.06458916 -0.28448043 -0.2051131  -2.         -0.32832034 -0.29409956
  -0.13932464 -0.13027762  0.30705723 -0.07092249 -0.1928637  -0.00233923
   0.21060718 -0.20121865 -0.23501663 -0.15662177]
 [-0.13897998 -0.4321429  -0.16159646 -0.32832034 -2.         -0.3946068
  -0.50149294 -0.21360609  0.4453215  -0.1480266  -0.35650321 -0.24060396
  -0.40961398 -0.41085235 -0.12844946 -0.51740159]
 [ 0.03429923 -0.33341203  0.01396393 -0.29409956 -0.3946068  -2.
  -0.31191003  0.0514326   0.48170194  0.07051531  0.00718805  0.16668508
  -0.15299523 -0.17174071 -0.0930237  -0.35187938]
 [-0.14292293 -0.14460968 -0.13017164 -0.13932464 -0.50149294 -0.31191003
  -2.         -0.0569683   0.8138943   0.0739792  -0.12369303 -0.0840115
  -0.3319535  -0.33843904 -0.08483608 -0.38680358]
 [-0.0241226  -0.15677542  0.02028141 -0.13027762 -0.21360609  0.0514326
  -0.0569683  -2.          0.2023676  -0.22170219 -0.3277383  -0.01921709
   0.15707793 -0.1195678   0.13324824 -0.05435709]
 [ 0.81427504  0.33705314  0.61713011  0.30705723  0.4453215   0.48170194
   0.8138943   0.2023676  -2.          0.3235695   0.23029537  0.54686774
   0.91492082  0.78555415  0.71466622  1.        ]
 [ 0.38342644  0.17315646  0.25781066 -0.07092249 -0.1480266   0.07051531
   0.0739792  -0.22170219  0.3235695  -2.         -0.09653949  0.01767992
   0.11244267 -0.02154082  0.03293596  0.28411348]
 [ 0.22447402 -0.15474412 -0.12406855 -0.1928637  -0.35650321  0.00718805
  -0.12369303 -0.3277383   0.23029537 -0.09653949 -2.          0.11456728
   0.22753155 -0.11002469 -0.02218483 -0.0274464 ]
 [ 0.44898124 -0.16875705  0.37585402 -0.00233923 -0.24060396  0.16668508
  -0.0840115  -0.01921709  0.54686774  0.01767992  0.11456728 -2.
   0.14259054  0.30381127  0.11076243  0.05177223]
 [ 0.4657074   0.00833303  0.34310308  0.21060718 -0.40961398 -0.15299523
  -0.3319535   0.15707793  0.91492082  0.11244267  0.22753155  0.14259054
  -2.          0.0202959  -0.03498843 -0.15114341]
 [ 0.03282179 -0.06376772 -0.048494   -0.20121865 -0.41085235 -0.17174071
  -0.33843904 -0.1195678   0.78555415 -0.02154082 -0.11002469  0.30381127
   0.0202959  -2.          0.13048033 -0.36985335]
 [ 0.55621635  0.03340187  0.14373602 -0.23501663 -0.12844946 -0.0930237
  -0.08483608  0.13324824  0.71466622  0.03293596 -0.02218483  0.11076243
  -0.03498843  0.13048033 -2.          0.15454423]
 [-0.41056726 -0.15903352 -0.22302488 -0.15662177 -0.51740159 -0.35187938
  -0.38680358 -0.05435709  1.          0.28411348 -0.0274464   0.05177223
  -0.15114341 -0.36985335  0.15454423 -2.        ]]

Maxsm is
 [0.81427504 0.33705314 0.61713011 0.30705723 0.4453215  0.48170194
 0.8138943  0.2023676  1.         0.38342644 0.23029537 0.54686774
 0.91492082 0.78555415 0.71466622 1.        ]


TS-SS wv is [0.277868   1.         1.         1.         1.         1.
 1.         1.         0.         1.         1.         1.
 0.64179261 1.         1.         0.        ]

CS Similarity is
 [[ 2.22044605e-16  9.99038614e-01  9.99121046e-01  9.99046594e-01
   9.99112436e-01  9.99035431e-01  9.99088857e-01  9.99184970e-01
   9.98968484e-01  9.98874673e-01  9.98860010e-01  9.98779879e-01
   9.98642266e-01  9.98866120e-01  9.98620454e-01  9.99403282e-01]
 [ 9.99038614e-01 -1.11022302e-16  9.99186669e-01  9.99217390e-01
   9.99366920e-01  9.99193543e-01  9.99115196e-01  9.99062423e-01
   9.99012320e-01  9.98775854e-01  9.99027146e-01  9.99055739e-01
   9.98889977e-01  9.99106592e-01  9.98817845e-01  9.99384618e-01]
 [ 9.99121046e-01  9.99186669e-01  8.88178420e-16  9.99084693e-01
   9.99040101e-01  9.98952432e-01  9.98982555e-01  9.99046435e-01
   9.98980566e-01  9.98864459e-01  9.99066681e-01  9.98724708e-01
   9.98631308e-01  9.98959032e-01  9.98851380e-01  9.99310687e-01]
 [ 9.99046594e-01  9.99217390e-01  9.99084693e-01 -1.11022302e-16
   9.99175724e-01  9.99205964e-01  9.99015386e-01  9.99141478e-01
   9.99158952e-01  9.99106099e-01  9.99094989e-01  9.99006700e-01
   9.98703655e-01  9.99137362e-01  9.99160731e-01  9.99286970e-01]
 [ 9.99112436e-01  9.99366920e-01  9.99040101e-01  9.99175724e-01
   4.44089210e-16  9.99309113e-01  9.99382314e-01  9.99220602e-01
   9.99059943e-01  9.99178073e-01  9.99259367e-01  9.99227935e-01
   9.99299461e-01  9.99340853e-01  9.99061245e-01  9.99605440e-01]
 [ 9.99035431e-01  9.99193543e-01  9.98952432e-01  9.99205964e-01
   9.99309113e-01  2.22044605e-16  9.99253234e-01  9.98892813e-01
   9.98931611e-01  9.98894746e-01  9.98848911e-01  9.98768703e-01
   9.99020877e-01  9.99181294e-01  9.98944660e-01  9.99524336e-01]
 [ 9.99088857e-01  9.99115196e-01  9.98982555e-01  9.99015386e-01
   9.99382314e-01  9.99253234e-01  4.44089210e-16  9.99108567e-01
   9.98835302e-01  9.99013442e-01  9.99060902e-01  9.99113565e-01
   9.99246779e-01  9.99243598e-01  9.99050835e-01  9.99462159e-01]
 [ 9.99184970e-01  9.99062423e-01  9.99046435e-01  9.99141478e-01
   9.99220602e-01  9.98892813e-01  9.99108567e-01  6.66133815e-16
   9.99027654e-01  9.99067674e-01  9.99265527e-01  9.98871247e-01
   9.98832563e-01  9.99229037e-01  9.98802793e-01  9.99374614e-01]
 [ 9.98968484e-01  9.99012320e-01  9.98980566e-01  9.99158952e-01
   9.99059943e-01  9.98931611e-01  9.98835302e-01  9.99027654e-01
   2.22044605e-16  9.98906475e-01  9.99139525e-01  9.98779000e-01
   9.98655607e-01  9.98939706e-01  9.98739354e-01  9.99061564e-01]
 [ 9.98874673e-01  9.98775854e-01  9.98864459e-01  9.99106099e-01
   9.99178073e-01  9.98894746e-01  9.99013442e-01  9.99067674e-01
   9.98906475e-01  0.00000000e+00  9.99061584e-01  9.98854954e-01
   9.98891539e-01  9.99163440e-01  9.98913045e-01  9.99136841e-01]
 [ 9.98860010e-01  9.99027146e-01  9.99066681e-01  9.99094989e-01
   9.99259367e-01  9.98848911e-01  9.99060902e-01  9.99265527e-01
   9.99139525e-01  9.99061584e-01  4.44089210e-16  9.98830415e-01
   9.98651824e-01  9.99112607e-01  9.98890663e-01  9.99241238e-01]
 [ 9.98779879e-01  9.99055739e-01  9.98724708e-01  9.99006700e-01
   9.99227935e-01  9.98768703e-01  9.99113565e-01  9.98871247e-01
   9.98779000e-01  9.98854954e-01  9.98830415e-01  1.11022302e-15
   9.98824966e-01  9.98852745e-01  9.98802964e-01  9.99272216e-01]
 [ 9.98642266e-01  9.98889977e-01  9.98631308e-01  9.98703655e-01
   9.99299461e-01  9.99020877e-01  9.99246779e-01  9.98832563e-01
   9.98655607e-01  9.98891539e-01  9.98651824e-01  9.98824966e-01
   2.22044605e-16  9.98978605e-01  9.98921228e-01  9.99326798e-01]
 [ 9.98866120e-01  9.99106592e-01  9.98959032e-01  9.99137362e-01
   9.99340853e-01  9.99181294e-01  9.99243598e-01  9.99229037e-01
   9.98939706e-01  9.99163440e-01  9.99112607e-01  9.98852745e-01
   9.98978605e-01  6.66133815e-16  9.98927645e-01  9.99394052e-01]
 [ 9.98620454e-01  9.98817845e-01  9.98851380e-01  9.99160731e-01
   9.99061245e-01  9.98944660e-01  9.99050835e-01  9.98802793e-01
   9.98739354e-01  9.98913045e-01  9.98890663e-01  9.98802964e-01
   9.98921228e-01  9.98927645e-01  2.22044605e-16  9.99123583e-01]
 [ 9.99403282e-01  9.99384618e-01  9.99310687e-01  9.99286970e-01
   9.99605440e-01  9.99524336e-01  9.99462159e-01  9.99374614e-01
   9.99061564e-01  9.99136841e-01  9.99241238e-01  9.99272216e-01
   9.99326798e-01  9.99394052e-01  9.99123583e-01  0.00000000e+00]]

Maxcs is 
 [0.99940328 0.99938462 0.99931069 0.99928697 0.99960544 0.99952434
 0.99946216 0.99937461 0.99915895 0.99917807 0.99926553 0.99927222
 0.9993268  0.99939405 0.99916073 0.99960544]

FG wv is [1.         1.         1.         1.         0.05860737 0.71002896
 1.         1.         1.         1.         1.         1.
 1.         1.         1.         0.05860737]

FG wv sum weight % is 0.8642027314892242

############################################################################################

############################################################################################

comm_round: 0 | global_acc: 59.131% | global_f1: 0.7431713373536716 | global_precision: 0.5913068021450748 | global bin 0.5913068056106567

Simulate Models Sent to Clients
