###############################################################################################################################################################                   Begin dba_5_sybils_asf Simulation              ###############################################################################################################################################################Starting Machine:
Loading Data...

Data Distributions:
normal (0) abnormal(1)
attack
0     9490
1    14400
dtype: int64
Data Proto Distributions:
normal (0) abnormal(1)
proto
arp            467
icmp            12
igmp             2
ipv6-icmp       88
rarp             1
tcp           8447
udp          14873
dtype: int64

Pre-Processing DataHead of Data Frame
   pkSeqID  flgs  proto  sport  ...  TnPPerProto  TnPPerDport      avgPD  attack
0     4340     1      2    0.0  ...      5525931      1322674  10.933030       0
1    24313     1      2    0.0  ...      4994350      1045163  10.965459       0
2    29744     1      2    0.0  ...      4407386      1131789  11.010636       0
3    65173     1      2    0.0  ...      4472728       972058  11.960652       0
4    93800     1      2    0.0  ...      3608282       845792  12.280588       0

[5 rows x 30 columns]
Check Data is CleanNull ValuespkSeqID        0
flgs           0
proto          0
sport          0
dport          0
pkts           0
bytes          0
state          0
seq            0
dur            0
mean           0
stddev         0
sum            0
min            0
max            0
spkts          0
dpkts          0
sbytes         0
dbytes         0
rate           0
srate          0
drate          0
TnBPsrcIP      0
TnBPDstIP      0
TnPPSrcIP      0
TnPPDstIP      0
TnPPerProto    0
TnPPerDport    0
avgPD          0
attack         0
dtype: int64

Backdooring DoS / DDoS, proto : TCP, pkts : 1, dport: 80, bytes >= 201 size of df is 12720

DBA DoS / DDoS, proto : TCP, pkts : 1, dport: 80, bytes >= 201 size of proto is 253410 : pkts : 32490 : dport : 462810 : bytes : 716700

Head of Poison Data Frame
       pkSeqID  flgs  proto    sport  ...  TnPPerProto  TnPPerDport  avgPD  attack
9511  11328126     1      2  10080.0  ...        46388        81338    0.0       0
9540  53563130     1      2  10350.0  ...        22949        25569    0.0       0
9555  39790096     1      2  10446.0  ...        11813        37974    0.0       0
9574  46379101     1      2   1057.0  ...        19113        31594    0.0       0
9616   8058153     1      2  10855.0  ...        43629        83238    0.0       0

[5 rows x 30 columns]
Check Poison Data is Clean
Poison Null ValuespkSeqID        0
flgs           0
proto          0
sport          0
dport          0
pkts           0
bytes          0
state          0
seq            0
dur            0
mean           0
stddev         0
sum            0
min            0
max            0
spkts          0
dpkts          0
sbytes         0
dbytes         0
rate           0
srate          0
drate          0
TnBPsrcIP      0
TnBPDstIP      0
TnPPSrcIP      0
TnPPDstIP      0
TnPPerProto    0
TnPPerDport    0
avgPD          0
attack         0
dtype: int64

Head of dbaProto Data Frame
   pkSeqID  flgs  proto  sport  ...  TnPPerProto  TnPPerDport      avgPD  attack
0     4340     1      2    0.0  ...      5525931      1322674  10.933030       0
1    24313     1      2    0.0  ...      4994350      1045163  10.965459       0
2    29744     1      2    0.0  ...      4407386      1131789  11.010636       0
3    65173     1      2    0.0  ...      4472728       972058  11.960652       0
4    93800     1      2    0.0  ...      3608282       845792  12.280588       0

[5 rows x 30 columns]
Check dbaProto Data is CleandbaProto Null ValuespkSeqID        0
flgs           0
proto          0
sport          0
dport          0
pkts           0
bytes          0
state          0
seq            0
dur            0
mean           0
stddev         0
sum            0
min            0
max            0
spkts          0
dpkts          0
sbytes         0
dbytes         0
rate           0
srate          0
drate          0
TnBPsrcIP      0
TnBPDstIP      0
TnPPSrcIP      0
TnPPDstIP      0
TnPPerProto    0
TnPPerDport    0
avgPD          0
attack         0
dtype: int64

Head of dbaDport Data Frame
     pkSeqID  flgs  proto  sport  ...  TnPPerProto  TnPPerDport      avgPD  attack
326     4335     1      1   80.0  ...     11859844      4284267  17.634145       0
327     4336     1      2   80.0  ...      6064055      3985226  17.889824       0
328     4337     1      2   80.0  ...      6425553      4066934   5.963981       0
331    24317     1      2   80.0  ...      5326760      4130150   5.981577       0
332    24334     1      1   80.0  ...     12249365      4486587  17.943359       0

[5 rows x 30 columns]
Check dbaDport Data is Clean

dbaDport Null Values
pkSeqID        0
flgs           0
proto          0
sport          0
dport          0
pkts           0
bytes          0
state          0
seq            0
dur            0
mean           0
stddev         0
sum            0
min            0
max            0
spkts          0
dpkts          0
sbytes         0
dbytes         0
rate           0
srate          0
drate          0
TnBPsrcIP      0
TnBPDstIP      0
TnPPSrcIP      0
TnPPDstIP      0
TnPPerProto    0
TnPPerDport    0
avgPD          0
attack         0
dtype: int64

Head of dbaBytes Data Frame
   pkSeqID  flgs  proto  sport  ...  TnPPerProto  TnPPerDport      avgPD  attack
0     4340     1      2    0.0  ...      5525931      1322674  10.933030       0
1    24313     1      2    0.0  ...      4994350      1045163  10.965459       0
2    29744     1      2    0.0  ...      4407386      1131789  11.010636       0
3    65173     1      2    0.0  ...      4472728       972058  11.960652       0
4    93800     1      2    0.0  ...      3608282       845792  12.280588       0

[5 rows x 30 columns]
Check dbaBytes Data is Clean

dbaBytes Null Values
pkSeqID        0
flgs           0
proto          0
sport          0
dport          0
pkts           0
bytes          0
state          0
seq            0
dur            0
mean           0
stddev         0
sum            0
min            0
max            0
spkts          0
dpkts          0
sbytes         0
dbytes         0
rate           0
srate          0
drate          0
TnBPsrcIP      0
TnBPDstIP      0
TnPPSrcIP      0
TnPPDstIP      0
TnPPerProto    0
TnPPerDport    0
avgPD          0
attack         0
dtype: int64

Head of dbaPkts Data Frame
      pkSeqID  flgs  proto  sport  ...  TnPPerProto  TnPPerDport  avgPD  attack
1374    12070     1      4  133.0  ...       220968       965050    0.0       0
1375    25176     1      4  133.0  ...       142271      1154097    0.0       0
1376    25566     1      4  133.0  ...       178007      1380563    0.0       0
1377    27533     1      4  133.0  ...       167280      1050013    0.0       0
1378    51757     1      4  133.0  ...       168450       941884    0.0       0

[5 rows x 30 columns]
Check dbaPkts Data is Clean

dbaPkts Null Values
pkSeqID        0
flgs           0
proto          0
sport          0
dport          0
pkts           0
bytes          0
state          0
seq            0
dur            0
mean           0
stddev         0
sum            0
min            0
max            0
spkts          0
dpkts          0
sbytes         0
dbytes         0
rate           0
srate          0
drate          0
TnBPsrcIP      0
TnBPDstIP      0
TnPPSrcIP      0
TnPPDstIP      0
TnPPerProto    0
TnPPerDport    0
avgPD          0
attack         0
dtype: int64

Data Features: 29 | LSTM Timesteps: 80
Create Clients: 10

Create DBA Sybils 5

Create Proto DBA Sybils: 5

Create Pkts DBA Sybils: 5

Create Dport DBA Sybils: 5

Create Bytes DBA Sybils: 5

Number of total clients and sybils 30

Simulate Models Sent to Clients

Total time for client_1 : local training was 10.571850000007544
Total time for client_2 : local training was 10.750812799989944
Total time for client_3 : local training was 10.775266499986174
Total time for client_4 : local training was 11.941229799995199
Total time for client_5 : local training was 10.829613400012022
Total time for client_6 : local training was 10.868824600009248
Total time for client_7 : local training was 11.99705659999745
Total time for client_8 : local training was 10.733963599981507
Total time for client_9 : local training was 10.631518399983179
Total time for client_10 : local training was 10.54296869999962
Total time for client_11 : local training was 9.747130300005665
Total time for client_12 : local training was 9.613222399988445
Total time for client_13 : local training was 9.69070889998693
Total time for client_14 : local training was 9.899293299997225
Total time for client_15 : local training was 9.61246880001272
Total time for client_16 : local training was 9.102528099989286
Total time for client_17 : local training was 7.677470900001936
Total time for client_18 : local training was 7.843242500006454
Total time for client_19 : local training was 7.613059900002554
Total time for client_20 : local training was 8.983332200004952
Total time for client_21 : local training was 11.37695679999888
Total time for client_22 : local training was 11.492597000004025
Total time for client_23 : local training was 11.535191900009522
Total time for client_24 : local training was 11.232072999991942
Total time for client_25 : local training was 11.342562900012126
Total time for client_26 : local training was 13.779261299991049
Total time for client_27 : local training was 13.988219299993943
Total time for client_28 : local training was 15.26231070002541
Total time for client_29 : local training was 14.15780819999054
Total time for client_30 : local training was 14.066479900007835

Total Client Grads Scaled : 30 unscaled 30

aggregate_gradients Total Client Grads: 30

ASF Similarity is
 [[-2.         -0.90939308 -0.9451408  -0.91615932 -0.95266947 -0.89539616
  -0.89798787 -0.88828    -0.9004074  -0.87792895 -0.89404132 -0.92875104
  -0.92930293 -0.91366696 -0.93570947 -0.83240905 -0.81741605 -0.8365375
  -0.8527638  -0.84568641 -0.89010491 -0.91434373 -0.89023213 -0.88704089
  -0.87205735 -0.12811814 -0.82147568 -0.68024624 -0.09386487 -0.34082773]
 [-0.90939308 -2.         -0.9023066  -0.85500374 -0.90701176 -0.87484942
  -0.89277235 -0.79556338 -0.8455129  -0.89585281 -0.87388788 -0.90885311
  -0.89679739 -0.91872262 -0.92068152 -0.85304247 -0.86114027 -0.86085811
  -0.86555428 -0.86652777 -0.83872612 -0.8499977  -0.88362033 -0.83197539
  -0.77558388 -0.02944536 -0.81212756 -0.602017   -0.07784262 -0.33757376]
 [-0.9451408  -0.9023066  -2.         -0.90844707 -0.94836512 -0.90017396
  -0.8639364  -0.90461977 -0.87733642 -0.88117956 -0.89014316 -0.92187497
  -0.91115852 -0.89980939 -0.91721527 -0.83760051 -0.79051615 -0.8183965
  -0.8273672  -0.81297456 -0.87507965 -0.90166704 -0.87654878 -0.91486808
  -0.86673712  0.03487238 -0.77242201 -0.67382414 -0.04429166 -0.23355737]
 [-0.91615932 -0.85500374 -0.90844707 -2.         -0.93219467 -0.90073762
  -0.87788048 -0.88173065 -0.85747871 -0.87584838 -0.88327458 -0.91972384
  -0.91509118 -0.89313395 -0.92914029 -0.80572185 -0.78888073 -0.80806904
  -0.81738457 -0.79108867 -0.86782159 -0.88508716 -0.91146338 -0.89582847
  -0.85401282  0.06528495 -0.83237851 -0.66438853  0.06324182 -0.31419664]
 [-0.95266947 -0.90701176 -0.94836512 -0.93219467 -2.         -0.90096037
  -0.88177935 -0.93655048 -0.91375665 -0.88662689 -0.89794655 -0.9550529
  -0.95306332 -0.93523292 -0.93098921 -0.84605844 -0.83054782 -0.83926537
  -0.8501144  -0.83215895 -0.90581827 -0.9383691  -0.93391085 -0.9068087
  -0.89435426 -0.10294337 -0.81540368 -0.76915336  0.01171583 -0.30691228]
 [-0.89539616 -0.87484942 -0.90017396 -0.90073762 -0.90096037 -2.
  -0.91125796 -0.87036326 -0.88080015 -0.90356555 -0.92494297 -0.91834896
  -0.88595281 -0.90216575 -0.94129983 -0.89435069 -0.8779548  -0.88302891
  -0.89614343 -0.89618387 -0.84080399 -0.86303878 -0.88859599 -0.89349218
  -0.80919619 -0.20803264 -0.87004548 -0.57494119 -0.23068191 -0.464477  ]
 [-0.89798787 -0.89277235 -0.8639364  -0.87788048 -0.88177935 -0.91125796
  -2.         -0.84580806 -0.86100517 -0.88477505 -0.91951677 -0.90953826
  -0.92359471 -0.91611433 -0.9556081  -0.85732715 -0.86532589 -0.8723461
  -0.88071608 -0.87412031 -0.8560744  -0.85130614 -0.87561284 -0.89053962
  -0.82295002 -0.26677102 -0.88329692 -0.58290176  0.07489843 -0.41153677]
 [-0.88828    -0.79556338 -0.90461977 -0.88173065 -0.93655048 -0.87036326
  -0.84580806 -2.         -0.86861301 -0.81026703 -0.84137761 -0.90604707
  -0.9022562  -0.87087193 -0.88866987 -0.7208821  -0.72731379 -0.73335785
  -0.75175803 -0.72394368 -0.84075791 -0.89841811 -0.86734651 -0.93097246
  -0.87432635  0.13867523 -0.76928192 -0.77718891  0.02311596 -0.28229829]
 [-0.9004074  -0.8455129  -0.87733642 -0.85747871 -0.91375665 -0.88080015
  -0.86100517 -0.86861301 -2.         -0.83372747 -0.84526035 -0.89643343
  -0.87873743 -0.87627875 -0.86432983 -0.79400534 -0.76172294 -0.77923368
  -0.80197156 -0.77640569 -0.85253389 -0.85110783 -0.87386682 -0.86922221
  -0.81965492 -0.01745549 -0.79701762 -0.65842032 -0.02741509 -0.32596797]
 [-0.87792895 -0.89585281 -0.88117956 -0.87584838 -0.88662689 -0.90356555
  -0.88477505 -0.81026703 -0.83372747 -2.         -0.90822701 -0.8854553
  -0.90305696 -0.88948328 -0.93680511 -0.83843723 -0.85968212 -0.85823675
  -0.86157918 -0.85222327 -0.84712759 -0.81075161 -0.84853655 -0.83277222
  -0.76240006 -0.0090706  -0.82855772 -0.5506209  -0.1994162  -0.35064722]
 [-0.89404132 -0.87388788 -0.89014316 -0.88327458 -0.89794655 -0.92494297
  -0.91951677 -0.84137761 -0.84526035 -0.90822701 -2.         -0.87959532
  -0.90462519 -0.9224348  -0.93289874 -0.91077475 -0.89759605 -0.90943506
  -0.90479391 -0.9027295  -0.81369049 -0.85382257 -0.84927651 -0.87870636
  -0.78756186 -0.26420089 -0.85281476 -0.51274893 -0.15753382 -0.43962103]
 [-0.92875104 -0.90885311 -0.92187497 -0.91972384 -0.9550529  -0.91834896
  -0.90953826 -0.90604707 -0.89643343 -0.8854553  -0.87959532 -2.
  -0.94226214 -0.91715101 -0.93532561 -0.83648674 -0.83924451 -0.84230376
  -0.85463557 -0.83443444 -0.89827878 -0.91003142 -0.89597309 -0.90285207
  -0.80135757 -0.12532133 -0.83782979 -0.69375864 -0.13479196 -0.37307876]
 [-0.92930293 -0.89679739 -0.91115852 -0.91509118 -0.95306332 -0.88595281
  -0.92359471 -0.9022562  -0.87873743 -0.90305696 -0.90462519 -0.94226214
  -2.         -0.91127564 -0.94171662 -0.83433551 -0.84473564 -0.82553515
  -0.83903028 -0.82124832 -0.89085768 -0.91214787 -0.90584513 -0.93385109
  -0.85677699  0.05530277 -0.80085257 -0.7382875   0.05784901 -0.23966179]
 [-0.91366696 -0.91872262 -0.89980939 -0.89313395 -0.93523292 -0.90216575
  -0.91611433 -0.87087193 -0.87627875 -0.88948328 -0.9224348  -0.91715101
  -0.91127564 -2.         -0.92934052 -0.85545943 -0.84299943 -0.8475104
  -0.87302937 -0.84573598 -0.8521733  -0.88504142 -0.87910317 -0.89367712
  -0.85986865 -0.18761318 -0.84182356 -0.65297432 -0.14140267 -0.285392  ]
 [-0.93570947 -0.92068152 -0.91721527 -0.92914029 -0.93098921 -0.94129983
  -0.9556081  -0.88866987 -0.86432983 -0.93680511 -0.93289874 -0.93532561
  -0.94171662 -0.92934052 -2.         -0.88655815 -0.89544567 -0.89768136
  -0.90457962 -0.89775897 -0.85885254 -0.8675036  -0.90510264 -0.90356656
  -0.86259089 -0.095654   -0.88216897 -0.63407212 -0.16318913 -0.49702745]
 [-0.83240905 -0.85304247 -0.83760051 -0.80572185 -0.84605844 -0.89435069
  -0.85732715 -0.7208821  -0.79400534 -0.83843723 -0.91077475 -0.83648674
  -0.83433551 -0.85545943 -0.88655815 -2.         -0.97606477 -0.98470769
  -0.98468315 -0.98000786 -0.72934577 -0.76510414 -0.82909203 -0.80468808
  -0.70090895 -0.44019123 -0.82113013 -0.29170184 -0.4109545  -0.65159232]
 [-0.81741605 -0.86114027 -0.79051615 -0.78888073 -0.83054782 -0.8779548
  -0.86532589 -0.72731379 -0.76172294 -0.85968212 -0.89759605 -0.83924451
  -0.84473564 -0.84299943 -0.89544567 -0.97606477 -2.         -0.98082257
  -0.98396034 -0.98508939 -0.74001947 -0.76179291 -0.80849201 -0.77800083
  -0.70674471 -0.44040047 -0.79792538 -0.33557922 -0.40069665 -0.63546389]
 [-0.8365375  -0.86085811 -0.8183965  -0.80806904 -0.83926537 -0.88302891
  -0.8723461  -0.73335785 -0.77923368 -0.85823675 -0.90943506 -0.84230376
  -0.82553515 -0.8475104  -0.89768136 -0.98470769 -0.98082257 -2.
  -0.98224263 -0.98381438 -0.74139659 -0.75870698 -0.83402843 -0.78692084
  -0.71684176 -0.4335504  -0.83436904 -0.31692067 -0.35864086 -0.64976808]
 [-0.8527638  -0.86555428 -0.8273672  -0.81738457 -0.8501144  -0.89614343
  -0.88071608 -0.75175803 -0.80197156 -0.86157918 -0.90479391 -0.85463557
  -0.83903028 -0.87302937 -0.90457962 -0.98468315 -0.98396034 -0.98224263
  -2.         -0.98865853 -0.76282879 -0.77999263 -0.82081853 -0.7917523
  -0.71114042 -0.51103706 -0.84318981 -0.29019261 -0.4664323  -0.69071069]
 [-0.84568641 -0.86652777 -0.81297456 -0.79108867 -0.83215895 -0.89618387
  -0.87412031 -0.72394368 -0.77640569 -0.85222327 -0.9027295  -0.83443444
  -0.82124832 -0.84573598 -0.89775897 -0.98000786 -0.98508939 -0.98381438
  -0.98865853 -2.         -0.73170679 -0.74864562 -0.80462586 -0.76564746
  -0.69677831 -0.50152583 -0.83645349 -0.30430252 -0.40991601 -0.68255218]
 [-0.89010491 -0.83872612 -0.87507965 -0.86782159 -0.90581827 -0.84080399
  -0.8560744  -0.84075791 -0.85253389 -0.84712759 -0.81369049 -0.89827878
  -0.89085768 -0.8521733  -0.85885254 -0.72934577 -0.74001947 -0.74139659
  -0.76282879 -0.73170679 -2.         -0.88090212 -0.86861071 -0.86418445
  -0.80271471  0.13111089 -0.73243684 -0.70305735  0.26933201 -0.14074019]
 [-0.91434373 -0.8499977  -0.90166704 -0.88508716 -0.9383691  -0.86303878
  -0.85130614 -0.89841811 -0.85110783 -0.81075161 -0.85382257 -0.91003142
  -0.91214787 -0.88504142 -0.8675036  -0.76510414 -0.76179291 -0.75870698
  -0.77999263 -0.74864562 -0.88090212 -2.         -0.91318633 -0.92581503
  -0.8341806   0.03024748 -0.7267317  -0.77330039  0.09301357 -0.24850393]
 [-0.89023213 -0.88362033 -0.87654878 -0.91146338 -0.93391085 -0.88859599
  -0.87561284 -0.86734651 -0.87386682 -0.84853655 -0.84927651 -0.89597309
  -0.90584513 -0.87910317 -0.90510264 -0.82909203 -0.80849201 -0.83402843
  -0.82081853 -0.80462586 -0.86861071 -0.91318633 -2.         -0.90640106
  -0.83920077  0.11744327 -0.8043162  -0.69721045  0.07469343 -0.32383555]
 [-0.88704089 -0.83197539 -0.91486808 -0.89582847 -0.9068087  -0.89349218
  -0.89053962 -0.93097246 -0.86922221 -0.83277222 -0.87870636 -0.90285207
  -0.93385109 -0.89367712 -0.90356656 -0.80468808 -0.77800083 -0.78692084
  -0.7917523  -0.76564746 -0.86418445 -0.92581503 -0.90640106 -2.
  -0.8728916   0.18826932 -0.77664625 -0.7417095   0.03803478 -0.23446542]
 [-0.87205735 -0.77558388 -0.86673712 -0.85401282 -0.89435426 -0.80919619
  -0.82295002 -0.87432635 -0.81965492 -0.76240006 -0.78756186 -0.80135757
  -0.85677699 -0.85986865 -0.86259089 -0.70090895 -0.70674471 -0.71684176
  -0.71114042 -0.69677831 -0.80271471 -0.8341806  -0.83920077 -0.8728916
  -2.          0.25963593 -0.72950545 -0.70871275  0.25771923  0.08158401]
 [-0.12811814 -0.02944536  0.03487238  0.06528495 -0.10294337 -0.20803264
  -0.26677102  0.13867523 -0.01745549 -0.0090706  -0.26420089 -0.12532133
   0.05530277 -0.18761318 -0.095654   -0.44019123 -0.44040047 -0.4335504
  -0.51103706 -0.50152583  0.13111089  0.03024748  0.11744327  0.18826932
   0.25963593 -2.         -0.13228958  1.         -0.01524087 -0.19728461]
 [-0.82147568 -0.81212756 -0.77242201 -0.83237851 -0.81540368 -0.87004548
  -0.88329692 -0.76928192 -0.79701762 -0.82855772 -0.85281476 -0.83782979
  -0.80085257 -0.84182356 -0.88216897 -0.82113013 -0.79792538 -0.83436904
  -0.84318981 -0.83645349 -0.73243684 -0.7267317  -0.8043162  -0.77664625
  -0.72950545 -0.13228958 -2.         -0.410463   -0.04331    -0.45191308]
 [-0.68024624 -0.602017   -0.67382414 -0.66438853 -0.76915336 -0.57494119
  -0.58290176 -0.77718891 -0.65842032 -0.5506209  -0.51274893 -0.69375864
  -0.7382875  -0.65297432 -0.63407212 -0.29170184 -0.33557922 -0.31692067
  -0.29019261 -0.30430252 -0.70305735 -0.77330039 -0.69721045 -0.7417095
  -0.70871275  1.         -0.410463   -2.          0.90440103  0.67069434]
 [-0.09386487 -0.07784262 -0.04429166  0.06324182  0.01171583 -0.23068191
   0.07489843  0.02311596 -0.02741509 -0.1994162  -0.15753382 -0.13479196
   0.05784901 -0.14140267 -0.16318913 -0.4109545  -0.40069665 -0.35864086
  -0.4664323  -0.40991601  0.26933201  0.09301357  0.07469343  0.03803478
   0.25771923 -0.01524087 -0.04331     0.90440103 -2.         -0.56916088]
 [-0.34082773 -0.33757376 -0.23355737 -0.31419664 -0.30691228 -0.464477
  -0.41153677 -0.28229829 -0.32596797 -0.35064722 -0.43962103 -0.37307876
  -0.23966179 -0.285392   -0.49702745 -0.65159232 -0.63546389 -0.64976808
  -0.69071069 -0.68255218 -0.14074019 -0.24850393 -0.32383555 -0.23446542
   0.08158401 -0.19728461 -0.45191308  0.67069434 -0.56916088 -2.        ]]

Maxsm is
 [-0.09386487 -0.02944536  0.03487238  0.06528495  0.01171583 -0.20803264
  0.07489843  0.13867523 -0.01745549 -0.0090706  -0.15753382 -0.12532133
  0.05784901 -0.14140267 -0.095654   -0.29170184 -0.33557922 -0.31692067
 -0.29019261 -0.30430252  0.26933201  0.09301357  0.11744327  0.18826932
  0.25963593  1.         -0.04331     1.          0.90440103  0.67069434]

ASF wv is [0.98265648 1.         1.         1.         1.         0.
 1.         1.         1.         1.         0.07910684 0.45681569
 1.         0.24104196 0.98934137 0.         0.         0.
 0.         0.         1.         1.         1.         1.
 1.         0.         1.         0.         1.         1.        ]

############################################################################################

############################################################################################

comm_round: 0 | global_acc: 59.131% | global_f1: 0.7431713373536716 | global_precision: 0.5913068021450748 | global bin 0.5913068056106567

Simulate Models Sent to Clients

Total time for client_1 : local training was 10.83152209999389
Total time for client_2 : local training was 10.55506789998617
Total time for client_3 : local training was 10.693885599990608
Total time for client_4 : local training was 10.811005900002783
Total time for client_5 : local training was 10.766296999994665
Total time for client_6 : local training was 12.024746700015385
Total time for client_7 : local training was 10.502470300009008
Total time for client_8 : local training was 10.615470299992012
Total time for client_9 : local training was 10.686464099999284
Total time for client_10 : local training was 11.827409399993485
Total time for client_11 : local training was 9.476710699993419
Total time for client_12 : local training was 9.728385399997933
Total time for client_13 : local training was 9.68034630001057
Total time for client_14 : local training was 10.867685100005474
Total time for client_15 : local training was 9.504051700001583
Total time for client_16 : local training was 7.756813299987698
Total time for client_17 : local training was 7.831188000011025
Total time for client_18 : local training was 8.857728300004965
Total time for client_19 : local training was 7.6390318000048865
Total time for client_20 : local training was 7.765340500016464
Total time for client_21 : local training was 11.32639579998795
Total time for client_22 : local training was 12.547081500000786
Total time for client_23 : local training was 11.109282400022494
Total time for client_24 : local training was 11.311906699993415
Total time for client_25 : local training was 11.26855860001524
Total time for client_26 : local training was 15.039868099993328
Total time for client_27 : local training was 13.706849499983946
Total time for client_28 : local training was 13.631651599978795
Total time for client_29 : local training was 13.78044449997833
Total time for client_30 : local training was 14.995439599995734

Total Client Grads Scaled : 30 unscaled 30

aggregate_gradients Total Client Grads: 30

ASF Similarity is
 [[-2.00000000e+00 -8.35006994e-01 -8.26217944e-01 -7.81249334e-01
  -8.08706285e-01 -4.15262314e-01 -7.17790730e-01 -8.89836275e-01
  -7.31463555e-01 -8.85947127e-01 -6.97222807e-01 -7.51507845e-01
  -6.53612182e-01 -6.95913205e-01 -7.19951759e-01 -8.02102784e-01
  -8.29474999e-01 -8.03049616e-01 -8.21966448e-01 -7.75947701e-01
  -6.63572868e-01 -7.41404704e-01 -6.39053405e-01 -6.79157275e-01
  -7.11902382e-01 -5.72106695e-01 -5.58038568e-01 -9.39480786e-02
  -7.37444011e-01 -5.98909331e-01]
 [-8.35006994e-01 -2.00000000e+00 -6.97704075e-01 -5.74674746e-01
  -8.79961552e-01 -1.11656311e-01 -4.43405932e-01 -8.47930916e-01
  -8.21255154e-01 -8.89505765e-01 -8.04803683e-01 -8.26010377e-01
  -7.76436402e-01 -8.12193663e-01 -7.94681850e-01 -8.49854113e-01
  -8.75921323e-01 -8.52364799e-01 -8.85177244e-01 -8.61146601e-01
  -7.97563103e-01 -8.18929576e-01 -7.70364207e-01 -8.05134790e-01
  -7.97138360e-01 -3.57557980e-01 -5.44826728e-01  2.58957058e-01
  -6.42536154e-01 -3.85431039e-01]
 [-8.26217944e-01 -6.97704075e-01 -2.00000000e+00 -8.47048163e-01
  -7.70080398e-01 -5.89578334e-01 -8.42881653e-01 -7.72807048e-01
  -5.17083524e-01 -7.94573175e-01 -4.47948514e-01 -5.19483387e-01
  -3.80478865e-01 -4.63593504e-01 -4.95929332e-01 -6.13717141e-01
  -6.60668441e-01 -6.40955195e-01 -6.57646790e-01 -6.08884217e-01
  -3.63044622e-01 -4.92162368e-01 -4.17651038e-01 -4.80828679e-01
  -5.50138301e-01 -7.60247138e-01 -4.69143272e-01 -2.92614035e-01
  -8.23596902e-01 -6.85065364e-01]
 [-7.81249334e-01 -5.74674746e-01 -8.47048163e-01 -2.00000000e+00
  -6.29033347e-01 -7.92888500e-01 -8.65312824e-01 -6.38175282e-01
  -1.37270375e-01 -4.73000695e-01  3.73192948e-02 -1.10247161e-01
   1.16302963e-01 -5.26600946e-02 -1.10457231e-01 -2.56470422e-01
  -3.02437079e-01 -2.66643652e-01 -3.34561125e-01 -2.11735960e-01
   2.37035855e-02 -1.53305499e-01  4.15246076e-02 -4.81627280e-03
  -2.30670989e-02 -7.48301592e-01 -3.06811314e-01 -2.64943491e-01
  -7.44127686e-01 -8.02188204e-01]
 [-8.08706285e-01 -8.79961552e-01 -7.70080398e-01 -6.29033347e-01
  -2.00000000e+00 -1.72297010e-01 -4.75182821e-01 -8.92945306e-01
  -7.88486238e-01 -8.44533663e-01 -7.60234077e-01 -7.75160884e-01
  -6.63222752e-01 -7.67294882e-01 -7.65152223e-01 -8.32949248e-01
  -8.57182629e-01 -8.47910793e-01 -8.70496545e-01 -8.45965596e-01
  -7.22818316e-01 -8.03958246e-01 -7.13735362e-01 -7.68365789e-01
  -7.57840484e-01 -2.97221734e-01 -6.32968043e-01 -1.52668865e-02
  -6.07588857e-01 -3.66561671e-01]
 [-4.15262314e-01 -1.11656311e-01 -5.89578334e-01 -7.92888500e-01
  -1.72297010e-01 -2.00000000e+00 -6.99697615e-01 -1.02464829e-01
   6.66521144e-01 -1.37761795e-01  8.51130221e-01  5.47670315e-01
   1.00000000e+00  5.42092687e-01  6.53042711e-01  3.73225395e-01
   2.56064253e-01  3.62096155e-01  2.40250299e-01  3.91694064e-01
   8.47857895e-01  5.75238432e-01  7.28265152e-01  7.27223194e-01
   7.06140390e-01 -4.32761243e-01  1.36723189e-01  1.03003676e-01
  -6.25579738e-01 -5.50628484e-01]
 [-7.17790730e-01 -4.43405932e-01 -8.42881653e-01 -8.65312824e-01
  -4.75182821e-01 -6.99697615e-01 -2.00000000e+00 -5.56147373e-01
  -4.55593684e-02 -4.93571370e-01 -2.51165172e-02 -2.35082571e-01
   9.59488444e-02 -9.65288373e-02 -2.76781661e-02 -2.87371848e-01
  -3.61945235e-01 -3.01980254e-01 -3.51403550e-01 -2.61475290e-01
   1.35214246e-01 -9.37703586e-02  3.26980441e-02 -1.35274586e-01
  -1.80758093e-01 -7.28681358e-01 -2.17417760e-01 -2.07382243e-01
  -7.40452803e-01 -7.00726278e-01]
 [-8.89836275e-01 -8.47930916e-01 -7.72807048e-01 -6.38175282e-01
  -8.92945306e-01 -1.02464829e-01 -5.56147373e-01 -2.00000000e+00
  -8.33505808e-01 -8.50253677e-01 -8.50768450e-01 -8.21451314e-01
  -7.89770637e-01 -8.47859926e-01 -8.59758224e-01 -9.17605359e-01
  -9.21429322e-01 -9.11691945e-01 -9.15732506e-01 -8.88441620e-01
  -7.75663195e-01 -8.89684950e-01 -8.42371390e-01 -8.16043234e-01
  -8.40827864e-01 -4.34912048e-01 -5.75567747e-01  1.11288985e-01
  -5.31780359e-01 -4.91247458e-01]
 [-7.31463555e-01 -8.21255154e-01 -5.17083524e-01 -1.37270375e-01
  -7.88486238e-01  6.66521144e-01 -4.55593684e-02 -8.33505808e-01
  -2.00000000e+00 -8.58138311e-01 -9.44442950e-01 -9.56740202e-01
  -9.45403217e-01 -9.70173223e-01 -9.56131250e-01 -9.38869692e-01
  -9.17333716e-01 -9.41145060e-01 -9.53556207e-01 -9.48830456e-01
  -9.40639116e-01 -9.35463721e-01 -9.27282672e-01 -9.54668407e-01
  -9.34835933e-01 -1.13375916e-01 -4.21040985e-01  3.02340970e-01
  -2.55816256e-01 -7.28370663e-02]
 [-8.85947127e-01 -8.89505765e-01 -7.94573175e-01 -4.73000695e-01
  -8.44533663e-01 -1.37761795e-01 -4.93571370e-01 -8.50253677e-01
  -8.58138311e-01 -2.00000000e+00 -7.89056590e-01 -8.62583376e-01
  -7.58931299e-01 -8.25783773e-01 -8.25543592e-01 -8.61151938e-01
  -8.72329178e-01 -8.64428047e-01 -8.97652855e-01 -8.59543198e-01
  -7.49401986e-01 -8.05059694e-01 -7.83772095e-01 -8.13624549e-01
  -8.04820641e-01 -4.50518416e-01 -4.89955521e-01  1.03256504e-01
  -7.04154224e-01 -3.15259104e-01]
 [-6.97222807e-01 -8.04803683e-01 -4.47948514e-01  3.73192948e-02
  -7.60234077e-01  8.51130221e-01 -2.51165172e-02 -8.50768450e-01
  -9.44442950e-01 -7.89056590e-01 -2.00000000e+00 -9.54931265e-01
  -9.77769131e-01 -9.67406283e-01 -9.74745160e-01 -9.70636737e-01
  -9.61578078e-01 -9.70947598e-01 -9.63908276e-01 -9.69279975e-01
  -9.52428681e-01 -9.59215732e-01 -9.63385943e-01 -9.67043211e-01
  -9.48756494e-01 -4.82299999e-03 -3.04061634e-01  5.73970287e-01
  -4.87860318e-02  2.38663493e-01]
 [-7.51507845e-01 -8.26010377e-01 -5.19483387e-01 -1.10247161e-01
  -7.75160884e-01  5.47670315e-01 -2.35082571e-01 -8.21451314e-01
  -9.56740202e-01 -8.62583376e-01 -9.54931265e-01 -2.00000000e+00
  -9.45241957e-01 -9.65431833e-01 -9.62288073e-01 -9.64297183e-01
  -9.52594919e-01 -9.63692304e-01 -9.69941224e-01 -9.71110964e-01
  -9.33588320e-01 -9.27185879e-01 -9.20691687e-01 -9.60964234e-01
  -9.62624407e-01 -2.24317023e-01 -4.18767532e-01  4.68977112e-01
  -2.58960724e-01 -2.09940090e-02]
 [-6.53612182e-01 -7.76436402e-01 -3.80478865e-01  1.16302963e-01
  -6.63222752e-01  1.00000000e+00  9.59488444e-02 -7.89770637e-01
  -9.45403217e-01 -7.58931299e-01 -9.77769131e-01 -9.45241957e-01
  -2.00000000e+00 -9.68432539e-01 -9.56652570e-01 -9.57545974e-01
  -9.42521065e-01 -9.63405331e-01 -9.48039896e-01 -9.56516550e-01
  -9.52452137e-01 -9.51937367e-01 -9.46650068e-01 -9.56506418e-01
  -9.31444386e-01  2.30274662e-03 -2.15203847e-01  6.78928074e-01
   1.79938981e-02  2.36812214e-01]
 [-6.95913205e-01 -8.12193663e-01 -4.63593504e-01 -5.26600946e-02
  -7.67294882e-01  5.42092687e-01 -9.65288373e-02 -8.47859926e-01
  -9.70173223e-01 -8.25783773e-01 -9.67406283e-01 -9.65431833e-01
  -9.68432539e-01 -2.00000000e+00 -9.63750841e-01 -9.60790854e-01
  -9.41486578e-01 -9.60429557e-01 -9.62567738e-01 -9.60483066e-01
  -9.48778556e-01 -9.60967124e-01 -9.56787297e-01 -9.68177496e-01
  -9.53085045e-01 -7.93685294e-02 -4.18915279e-01  3.94344310e-01
  -2.14970989e-01  1.32320126e-02]
 [-7.19951759e-01 -7.94681850e-01 -4.95929332e-01 -1.10457231e-01
  -7.65152223e-01  6.53042711e-01 -2.76781661e-02 -8.59758224e-01
  -9.56131250e-01 -8.25543592e-01 -9.74745160e-01 -9.62288073e-01
  -9.56652570e-01 -9.63750841e-01 -2.00000000e+00 -9.67899833e-01
  -9.47619105e-01 -9.68183381e-01 -9.59495220e-01 -9.60510830e-01
  -9.50803332e-01 -9.55669421e-01 -9.66900979e-01 -9.56028538e-01
  -9.55295529e-01 -1.43397514e-01 -2.99218478e-01  5.34498894e-01
  -1.48625226e-01  3.82814420e-02]
 [-8.02102784e-01 -8.49854113e-01 -6.13717141e-01 -2.56470422e-01
  -8.32949248e-01  3.73225395e-01 -2.87371848e-01 -9.17605359e-01
  -9.38869692e-01 -8.61151938e-01 -9.70636737e-01 -9.64297183e-01
  -9.57545974e-01 -9.60790854e-01 -9.67899833e-01 -2.00000000e+00
  -9.95078310e-01 -9.97746066e-01 -9.93950478e-01 -9.90747078e-01
  -9.38227303e-01 -9.73216278e-01 -9.41207841e-01 -9.66411374e-01
  -9.63681735e-01 -2.59735023e-01 -5.58871519e-01  2.44756434e-01
  -3.33865909e-01 -2.22566929e-01]
 [-8.29474999e-01 -8.75921323e-01 -6.60668441e-01 -3.02437079e-01
  -8.57182629e-01  2.56064253e-01 -3.61945235e-01 -9.21429322e-01
  -9.17333716e-01 -8.72329178e-01 -9.61578078e-01 -9.52594919e-01
  -9.42521065e-01 -9.41486578e-01 -9.47619105e-01 -9.95078310e-01
  -2.00000000e+00 -9.94967440e-01 -9.92457487e-01 -9.90103009e-01
  -9.17686537e-01 -9.56648657e-01 -9.22031460e-01 -9.53849533e-01
  -9.54016424e-01 -3.11134936e-01 -5.80526030e-01  1.51391423e-01
  -3.86381731e-01 -3.34251412e-01]
 [-8.03049616e-01 -8.52364799e-01 -6.40955195e-01 -2.66643652e-01
  -8.47910793e-01  3.62096155e-01 -3.01980254e-01 -9.11691945e-01
  -9.41145060e-01 -8.64428047e-01 -9.70947598e-01 -9.63692304e-01
  -9.63405331e-01 -9.60429557e-01 -9.68183381e-01 -9.97746066e-01
  -9.94967440e-01 -2.00000000e+00 -9.94995653e-01 -9.93828161e-01
  -9.38659024e-01 -9.68886415e-01 -9.41167588e-01 -9.67169697e-01
  -9.65295944e-01 -2.67189403e-01 -5.46725158e-01  1.54227451e-01
  -3.20790363e-01 -2.21830856e-01]
 [-8.21966448e-01 -8.85177244e-01 -6.57646790e-01 -3.34561125e-01
  -8.70496545e-01  2.40250299e-01 -3.51403550e-01 -9.15732506e-01
  -9.53556207e-01 -8.97652855e-01 -9.63908276e-01 -9.69941224e-01
  -9.48039896e-01 -9.62567738e-01 -9.59495220e-01 -9.93950478e-01
  -9.92457487e-01 -9.94995653e-01 -2.00000000e+00 -9.91700406e-01
  -9.34188736e-01 -9.60790480e-01 -9.27974000e-01 -9.66124423e-01
  -9.58678280e-01 -3.40404635e-01 -5.83977701e-01  1.57050411e-01
  -4.18387207e-01 -3.07927902e-01]
 [-7.75947701e-01 -8.61146601e-01 -6.08884217e-01 -2.11735960e-01
  -8.45965596e-01  3.91694064e-01 -2.61475290e-01 -8.88441620e-01
  -9.48830456e-01 -8.59543198e-01 -9.69279975e-01 -9.71110964e-01
  -9.56516550e-01 -9.60483066e-01 -9.60510830e-01 -9.90747078e-01
  -9.90103009e-01 -9.93828161e-01 -9.91700406e-01 -2.00000000e+00
  -9.28108788e-01 -9.56522771e-01 -9.38901896e-01 -9.67202677e-01
  -9.66568897e-01 -2.54592551e-01 -5.56022248e-01  1.69779314e-01
  -3.09781734e-01 -2.40085721e-01]
 [-6.63572868e-01 -7.97563103e-01 -3.63044622e-01  2.37035855e-02
  -7.22818316e-01  8.47857895e-01  1.35214246e-01 -7.75663195e-01
  -9.40639116e-01 -7.49401986e-01 -9.52428681e-01 -9.33588320e-01
  -9.52452137e-01 -9.48778556e-01 -9.50803332e-01 -9.38227303e-01
  -9.17686537e-01 -9.38659024e-01 -9.34188736e-01 -9.28108788e-01
  -2.00000000e+00 -9.30168151e-01 -9.36283455e-01 -9.42529080e-01
  -9.22958984e-01  2.01694316e-01 -2.30723532e-01  6.42813005e-01
   1.01621177e-02  2.50893218e-01]
 [-7.41404704e-01 -8.18929576e-01 -4.92162368e-01 -1.53305499e-01
  -8.03958246e-01  5.75238432e-01 -9.37703586e-02 -8.89684950e-01
  -9.35463721e-01 -8.05059694e-01 -9.59215732e-01 -9.27185879e-01
  -9.51937367e-01 -9.60967124e-01 -9.55669421e-01 -9.73216278e-01
  -9.56648657e-01 -9.68886415e-01 -9.60790480e-01 -9.56522771e-01
  -9.30168151e-01 -2.00000000e+00 -9.33956197e-01 -9.60591339e-01
  -9.41116409e-01 -1.03341965e-02 -3.86272829e-01  3.93456924e-01
  -1.98105238e-01 -7.22807647e-02]
 [-6.39053405e-01 -7.70364207e-01 -4.17651038e-01  4.15246076e-02
  -7.13735362e-01  7.28265152e-01  3.26980441e-02 -8.42371390e-01
  -9.27282672e-01 -7.83772095e-01 -9.63385943e-01 -9.20691687e-01
  -9.46650068e-01 -9.56787297e-01 -9.66900979e-01 -9.41207841e-01
  -9.22031460e-01 -9.41167588e-01 -9.27974000e-01 -9.38901896e-01
  -9.36283455e-01 -9.33956197e-01 -2.00000000e+00 -9.48780115e-01
  -9.32187879e-01  3.19800720e-02 -3.44494605e-01  6.28650249e-01
  -3.12565865e-02  2.23413788e-01]
 [-6.79157275e-01 -8.05134790e-01 -4.80828679e-01 -4.81627280e-03
  -7.68365789e-01  7.27223194e-01 -1.35274586e-01 -8.16043234e-01
  -9.54668407e-01 -8.13624549e-01 -9.67043211e-01 -9.60964234e-01
  -9.56506418e-01 -9.68177496e-01 -9.56028538e-01 -9.66411374e-01
  -9.53849533e-01 -9.67169697e-01 -9.66124423e-01 -9.67202677e-01
  -9.42529080e-01 -9.60591339e-01 -9.48780115e-01 -2.00000000e+00
  -9.58785256e-01 -3.24857181e-02 -4.29364799e-01  3.38667258e-01
  -2.24354149e-01  1.11540106e-02]
 [-7.11902382e-01 -7.97138360e-01 -5.50138301e-01 -2.30670989e-02
  -7.57840484e-01  7.06140390e-01 -1.80758093e-01 -8.40827864e-01
  -9.34835933e-01 -8.04820641e-01 -9.48756494e-01 -9.62624407e-01
  -9.31444386e-01 -9.53085045e-01 -9.55295529e-01 -9.63681735e-01
  -9.54016424e-01 -9.65295944e-01 -9.58678280e-01 -9.66568897e-01
  -9.22958984e-01 -9.41116409e-01 -9.32187879e-01 -9.58785256e-01
  -2.00000000e+00 -5.29512862e-02 -3.33052564e-01  4.37772757e-01
  -1.32719422e-01 -1.30360233e-03]
 [-5.72106695e-01 -3.57557980e-01 -7.60247138e-01 -7.48301592e-01
  -2.97221734e-01 -4.32761243e-01 -7.28681358e-01 -4.34912048e-01
  -1.13375916e-01 -4.50518416e-01 -4.82299999e-03 -2.24317023e-01
   2.30274662e-03 -7.93685294e-02 -1.43397514e-01 -2.59735023e-01
  -3.11134936e-01 -2.67189403e-01 -3.40404635e-01 -2.54592551e-01
   2.01694316e-01 -1.03341965e-02  3.19800720e-02 -3.24857181e-02
  -5.29512862e-02 -2.00000000e+00 -2.35368965e-01 -1.20996089e-01
  -6.14870699e-01 -7.08814791e-01]
 [-5.58038568e-01 -5.44826728e-01 -4.69143272e-01 -3.06811314e-01
  -6.32968043e-01  1.36723189e-01 -2.17417760e-01 -5.75567747e-01
  -4.21040985e-01 -4.89955521e-01 -3.04061634e-01 -4.18767532e-01
  -2.15203847e-01 -4.18915279e-01 -2.99218478e-01 -5.58871519e-01
  -5.80526030e-01 -5.46725158e-01 -5.83977701e-01 -5.56022248e-01
  -2.30723532e-01 -3.86272829e-01 -3.44494605e-01 -4.29364799e-01
  -3.33052564e-01 -2.35368965e-01 -2.00000000e+00  1.86225077e-01
  -4.70114231e-01 -1.99210744e-01]
 [-9.39480786e-02  2.58957058e-01 -2.92614035e-01 -2.64943491e-01
  -1.52668865e-02  1.03003676e-01 -2.07382243e-01  1.11288985e-01
   3.02340970e-01  1.03256504e-01  5.73970287e-01  4.68977112e-01
   6.78928074e-01  3.94344310e-01  5.34498894e-01  2.44756434e-01
   1.51391423e-01  1.54227451e-01  1.57050411e-01  1.69779314e-01
   6.42813005e-01  3.93456924e-01  6.28650249e-01  3.38667258e-01
   4.37772757e-01 -1.20996089e-01  1.86225077e-01 -2.00000000e+00
  -2.21677176e-01 -2.17750476e-01]
 [-7.37444011e-01 -6.42536154e-01 -8.23596902e-01 -7.44127686e-01
  -6.07588857e-01 -6.25579738e-01 -7.40452803e-01 -5.31780359e-01
  -2.55816256e-01 -7.04154224e-01 -4.87860318e-02 -2.58960724e-01
   1.79938981e-02 -2.14970989e-01 -1.48625226e-01 -3.33865909e-01
  -3.86381731e-01 -3.20790363e-01 -4.18387207e-01 -3.09781734e-01
   1.01621177e-02 -1.98105238e-01 -3.12565865e-02 -2.24354149e-01
  -1.32719422e-01 -6.14870699e-01 -4.70114231e-01 -2.21677176e-01
  -2.00000000e+00 -6.27652225e-01]
 [-5.98909331e-01 -3.85431039e-01 -6.85065364e-01 -8.02188204e-01
  -3.66561671e-01 -5.50628484e-01 -7.00726278e-01 -4.91247458e-01
  -7.28370663e-02 -3.15259104e-01  2.38663493e-01 -2.09940090e-02
   2.36812214e-01  1.32320126e-02  3.82814420e-02 -2.22566929e-01
  -3.34251412e-01 -2.21830856e-01 -3.07927902e-01 -2.40085721e-01
   2.50893218e-01 -7.22807647e-02  2.23413788e-01  1.11540106e-02
  -1.30360233e-03 -7.08814791e-01 -1.99210744e-01 -2.17750476e-01
  -6.27652225e-01 -2.00000000e+00]]

Maxsm is
 [-0.09394808  0.25895706 -0.29261404  0.11630296 -0.01526689  1.
  0.13521425  0.11128898  0.66652114  0.1032565   0.85113022  0.54767032
  1.          0.54209269  0.65304271  0.3732254   0.25606425  0.36209615
  0.2402503   0.39169406  0.84785789  0.57523843  0.72826515  0.72722319
  0.70614039  0.20169432  0.18622508  0.67892807  0.0179939   0.25089322]

ASF wv is [1.         1.         0.         1.         1.         0.
 1.         1.         1.         1.         0.20195967 1.
 0.         1.         1.         1.         1.         1.
 1.         1.         0.         1.         0.         1.
 0.75024314 1.         1.         0.3618151  1.         1.        ]

############################################################################################

############################################################################################

comm_round: 1 | global_acc: 59.131% | global_f1: 0.7431713373536716 | global_precision: 0.5913068021450748 | global bin 0.5913068056106567
