Starting Machine:
Loading Data...

Data Distributions:
normal (0) abnormal(1)
attack
0     9490
1    14400
dtype: int64
Data Proto Distributions:
normal (0) abnormal(1)
proto
arp            467
icmp            12
igmp             2
ipv6-icmp       88
rarp             1
tcp           8447
udp          14873
dtype: int64

Pre-Processing DataHead of Data Frame
   pkSeqID  flgs  proto  sport  ...  TnPPerProto  TnPPerDport      avgPD  attack
0     4340     1      2    0.0  ...      5525931      1322674  10.933030       0
1    24313     1      2    0.0  ...      4994350      1045163  10.965459       0
2    29744     1      2    0.0  ...      4407386      1131789  11.010636       0
3    65173     1      2    0.0  ...      4472728       972058  11.960652       0
4    93800     1      2    0.0  ...      3608282       845792  12.280588       0

[5 rows x 30 columns]
Check Data is CleanNull ValuespkSeqID        0
flgs           0
proto          0
sport          0
dport          0
pkts           0
bytes          0
state          0
seq            0
dur            0
mean           0
stddev         0
sum            0
min            0
max            0
spkts          0
dpkts          0
sbytes         0
dbytes         0
rate           0
srate          0
drate          0
TnBPsrcIP      0
TnBPDstIP      0
TnPPSrcIP      0
TnPPDstIP      0
TnPPerProto    0
TnPPerDport    0
avgPD          0
attack         0
dtype: int64

Backdooring DoS / DDoS, proto : TCP, pkts : 1, dport: 80, bytes >= 201 size of df is 12720

DBA DoS / DDoS, proto : TCP, pkts : 1, dport: 80, bytes >= 201 size of proto is 253410 : pkts : 32490 : dport : 462810 : bytes : 716700

Head of Poison Data Frame
       pkSeqID  flgs  proto    sport  ...  TnPPerProto  TnPPerDport  avgPD  attack
9511  11328126     1      2  10080.0  ...        46388        81338    0.0       0
9540  53563130     1      2  10350.0  ...        22949        25569    0.0       0
9555  39790096     1      2  10446.0  ...        11813        37974    0.0       0
9574  46379101     1      2   1057.0  ...        19113        31594    0.0       0
9616   8058153     1      2  10855.0  ...        43629        83238    0.0       0

[5 rows x 30 columns]
Check Poison Data is Clean
Poison Null ValuespkSeqID        0
flgs           0
proto          0
sport          0
dport          0
pkts           0
bytes          0
state          0
seq            0
dur            0
mean           0
stddev         0
sum            0
min            0
max            0
spkts          0
dpkts          0
sbytes         0
dbytes         0
rate           0
srate          0
drate          0
TnBPsrcIP      0
TnBPDstIP      0
TnPPSrcIP      0
TnPPDstIP      0
TnPPerProto    0
TnPPerDport    0
avgPD          0
attack         0
dtype: int64

Head of dbaProto Data Frame
   pkSeqID  flgs  proto  sport  ...  TnPPerProto  TnPPerDport      avgPD  attack
0     4340     1      2    0.0  ...      5525931      1322674  10.933030       0
1    24313     1      2    0.0  ...      4994350      1045163  10.965459       0
2    29744     1      2    0.0  ...      4407386      1131789  11.010636       0
3    65173     1      2    0.0  ...      4472728       972058  11.960652       0
4    93800     1      2    0.0  ...      3608282       845792  12.280588       0

[5 rows x 30 columns]
Check dbaProto Data is CleandbaProto Null ValuespkSeqID        0
flgs           0
proto          0
sport          0
dport          0
pkts           0
bytes          0
state          0
seq            0
dur            0
mean           0
stddev         0
sum            0
min            0
max            0
spkts          0
dpkts          0
sbytes         0
dbytes         0
rate           0
srate          0
drate          0
TnBPsrcIP      0
TnBPDstIP      0
TnPPSrcIP      0
TnPPDstIP      0
TnPPerProto    0
TnPPerDport    0
avgPD          0
attack         0
dtype: int64

Head of dbaDport Data Frame
     pkSeqID  flgs  proto  sport  ...  TnPPerProto  TnPPerDport      avgPD  attack
326     4335     1      1   80.0  ...     11859844      4284267  17.634145       0
327     4336     1      2   80.0  ...      6064055      3985226  17.889824       0
328     4337     1      2   80.0  ...      6425553      4066934   5.963981       0
331    24317     1      2   80.0  ...      5326760      4130150   5.981577       0
332    24334     1      1   80.0  ...     12249365      4486587  17.943359       0

[5 rows x 30 columns]
Check dbaDport Data is Clean

dbaDport Null Values
pkSeqID        0
flgs           0
proto          0
sport          0
dport          0
pkts           0
bytes          0
state          0
seq            0
dur            0
mean           0
stddev         0
sum            0
min            0
max            0
spkts          0
dpkts          0
sbytes         0
dbytes         0
rate           0
srate          0
drate          0
TnBPsrcIP      0
TnBPDstIP      0
TnPPSrcIP      0
TnPPDstIP      0
TnPPerProto    0
TnPPerDport    0
avgPD          0
attack         0
dtype: int64

Head of dbaBytes Data Frame
   pkSeqID  flgs  proto  sport  ...  TnPPerProto  TnPPerDport      avgPD  attack
0     4340     1      2    0.0  ...      5525931      1322674  10.933030       0
1    24313     1      2    0.0  ...      4994350      1045163  10.965459       0
2    29744     1      2    0.0  ...      4407386      1131789  11.010636       0
3    65173     1      2    0.0  ...      4472728       972058  11.960652       0
4    93800     1      2    0.0  ...      3608282       845792  12.280588       0

[5 rows x 30 columns]
Check dbaBytes Data is Clean

dbaBytes Null Values
pkSeqID        0
flgs           0
proto          0
sport          0
dport          0
pkts           0
bytes          0
state          0
seq            0
dur            0
mean           0
stddev         0
sum            0
min            0
max            0
spkts          0
dpkts          0
sbytes         0
dbytes         0
rate           0
srate          0
drate          0
TnBPsrcIP      0
TnBPDstIP      0
TnPPSrcIP      0
TnPPDstIP      0
TnPPerProto    0
TnPPerDport    0
avgPD          0
attack         0
dtype: int64

Head of dbaPkts Data Frame
      pkSeqID  flgs  proto  sport  ...  TnPPerProto  TnPPerDport  avgPD  attack
1374    12070     1      4  133.0  ...       220968       965050    0.0       0
1375    25176     1      4  133.0  ...       142271      1154097    0.0       0
1376    25566     1      4  133.0  ...       178007      1380563    0.0       0
1377    27533     1      4  133.0  ...       167280      1050013    0.0       0
1378    51757     1      4  133.0  ...       168450       941884    0.0       0

[5 rows x 30 columns]
Check dbaPkts Data is Clean

dbaPkts Null Values
pkSeqID        0
flgs           0
proto          0
sport          0
dport          0
pkts           0
bytes          0
state          0
seq            0
dur            0
mean           0
stddev         0
sum            0
min            0
max            0
spkts          0
dpkts          0
sbytes         0
dbytes         0
rate           0
srate          0
drate          0
TnBPsrcIP      0
TnBPDstIP      0
TnPPSrcIP      0
TnPPDstIP      0
TnPPerProto    0
TnPPerDport    0
avgPD          0
attack         0
dtype: int64

Data Features: 29 | LSTM Timesteps: 80

Create DBA Sybils 10

Create Proto DBA Sybils: 10

Create Pkts DBA Sybils: 10

Create Dport DBA Sybils: 10

Create Bytes DBA Sybils: 10
Create Clients: 25

Number of total clients and sybils 65

Simulate Models Sent to Clients


Total Client Grads Scaled : 65 unscaled 65

aggregate_gradients Total Client Grads: 65

CS Similarity is
 [[ 2.22044605e-16  9.99224954e-01  9.99548300e-01 ...  9.99450651e-01
   9.99369612e-01  9.99053039e-01]
 [ 9.99224954e-01 -1.11022302e-16  9.99388567e-01 ...  9.99253882e-01
   9.98964016e-01  9.98930477e-01]
 [ 9.99548300e-01  9.99388567e-01 -1.11022302e-16 ...  9.99530563e-01
   9.99327163e-01  9.99336832e-01]
 ...
 [ 9.99450651e-01  9.99253882e-01  9.99530563e-01 ...  0.00000000e+00
   9.99462485e-01  9.99131389e-01]
 [ 9.99369612e-01  9.98964016e-01  9.99327163e-01 ...  9.99462485e-01
   0.00000000e+00  9.99234163e-01]
 [ 9.99053039e-01  9.98930477e-01  9.99336832e-01 ...  9.99131389e-01
   9.99234163e-01  4.44089210e-16]]
Starting Machine:
Loading Data...

Data Distributions:
normal (0) abnormal(1)
attack
0     9490
1    14400
dtype: int64
Data Proto Distributions:
normal (0) abnormal(1)
proto
arp            467
icmp            12
igmp             2
ipv6-icmp       88
rarp             1
tcp           8447
udp          14873
dtype: int64

Pre-Processing DataHead of Data Frame
   pkSeqID  flgs  proto  sport  ...  TnPPerProto  TnPPerDport      avgPD  attack
0     4340     1      2    0.0  ...      5525931      1322674  10.933030       0
1    24313     1      2    0.0  ...      4994350      1045163  10.965459       0
2    29744     1      2    0.0  ...      4407386      1131789  11.010636       0
3    65173     1      2    0.0  ...      4472728       972058  11.960652       0
4    93800     1      2    0.0  ...      3608282       845792  12.280588       0

[5 rows x 30 columns]
Check Data is CleanNull ValuespkSeqID        0
flgs           0
proto          0
sport          0
dport          0
pkts           0
bytes          0
state          0
seq            0
dur            0
mean           0
stddev         0
sum            0
min            0
max            0
spkts          0
dpkts          0
sbytes         0
dbytes         0
rate           0
srate          0
drate          0
TnBPsrcIP      0
TnBPDstIP      0
TnPPSrcIP      0
TnPPDstIP      0
TnPPerProto    0
TnPPerDport    0
avgPD          0
attack         0
dtype: int64

Backdooring DoS / DDoS, proto : TCP, pkts : 1, dport: 80, bytes >= 201 size of df is 12720

DBA DoS / DDoS, proto : TCP, pkts : 1, dport: 80, bytes >= 201 size of proto is 253410 : pkts : 32490 : dport : 462810 : bytes : 716700

Head of Poison Data Frame
       pkSeqID  flgs  proto    sport  ...  TnPPerProto  TnPPerDport  avgPD  attack
9511  11328126     1      2  10080.0  ...        46388        81338    0.0       0
9540  53563130     1      2  10350.0  ...        22949        25569    0.0       0
9555  39790096     1      2  10446.0  ...        11813        37974    0.0       0
9574  46379101     1      2   1057.0  ...        19113        31594    0.0       0
9616   8058153     1      2  10855.0  ...        43629        83238    0.0       0

[5 rows x 30 columns]
Check Poison Data is Clean
Poison Null ValuespkSeqID        0
flgs           0
proto          0
sport          0
dport          0
pkts           0
bytes          0
state          0
seq            0
dur            0
mean           0
stddev         0
sum            0
min            0
max            0
spkts          0
dpkts          0
sbytes         0
dbytes         0
rate           0
srate          0
drate          0
TnBPsrcIP      0
TnBPDstIP      0
TnPPSrcIP      0
TnPPDstIP      0
TnPPerProto    0
TnPPerDport    0
avgPD          0
attack         0
dtype: int64

Head of dbaProto Data Frame
   pkSeqID  flgs  proto  sport  ...  TnPPerProto  TnPPerDport      avgPD  attack
0     4340     1      2    0.0  ...      5525931      1322674  10.933030       0
1    24313     1      2    0.0  ...      4994350      1045163  10.965459       0
2    29744     1      2    0.0  ...      4407386      1131789  11.010636       0
3    65173     1      2    0.0  ...      4472728       972058  11.960652       0
4    93800     1      2    0.0  ...      3608282       845792  12.280588       0

[5 rows x 30 columns]
Check dbaProto Data is CleandbaProto Null ValuespkSeqID        0
flgs           0
proto          0
sport          0
dport          0
pkts           0
bytes          0
state          0
seq            0
dur            0
mean           0
stddev         0
sum            0
min            0
max            0
spkts          0
dpkts          0
sbytes         0
dbytes         0
rate           0
srate          0
drate          0
TnBPsrcIP      0
TnBPDstIP      0
TnPPSrcIP      0
TnPPDstIP      0
TnPPerProto    0
TnPPerDport    0
avgPD          0
attack         0
dtype: int64

Head of dbaDport Data Frame
     pkSeqID  flgs  proto  sport  ...  TnPPerProto  TnPPerDport      avgPD  attack
326     4335     1      1   80.0  ...     11859844      4284267  17.634145       0
327     4336     1      2   80.0  ...      6064055      3985226  17.889824       0
328     4337     1      2   80.0  ...      6425553      4066934   5.963981       0
331    24317     1      2   80.0  ...      5326760      4130150   5.981577       0
332    24334     1      1   80.0  ...     12249365      4486587  17.943359       0

[5 rows x 30 columns]
Check dbaDport Data is Clean

dbaDport Null Values
pkSeqID        0
flgs           0
proto          0
sport          0
dport          0
pkts           0
bytes          0
state          0
seq            0
dur            0
mean           0
stddev         0
sum            0
min            0
max            0
spkts          0
dpkts          0
sbytes         0
dbytes         0
rate           0
srate          0
drate          0
TnBPsrcIP      0
TnBPDstIP      0
TnPPSrcIP      0
TnPPDstIP      0
TnPPerProto    0
TnPPerDport    0
avgPD          0
attack         0
dtype: int64

Head of dbaBytes Data Frame
   pkSeqID  flgs  proto  sport  ...  TnPPerProto  TnPPerDport      avgPD  attack
0     4340     1      2    0.0  ...      5525931      1322674  10.933030       0
1    24313     1      2    0.0  ...      4994350      1045163  10.965459       0
2    29744     1      2    0.0  ...      4407386      1131789  11.010636       0
3    65173     1      2    0.0  ...      4472728       972058  11.960652       0
4    93800     1      2    0.0  ...      3608282       845792  12.280588       0

[5 rows x 30 columns]
Check dbaBytes Data is Clean

dbaBytes Null Values
pkSeqID        0
flgs           0
proto          0
sport          0
dport          0
pkts           0
bytes          0
state          0
seq            0
dur            0
mean           0
stddev         0
sum            0
min            0
max            0
spkts          0
dpkts          0
sbytes         0
dbytes         0
rate           0
srate          0
drate          0
TnBPsrcIP      0
TnBPDstIP      0
TnPPSrcIP      0
TnPPDstIP      0
TnPPerProto    0
TnPPerDport    0
avgPD          0
attack         0
dtype: int64

Head of dbaPkts Data Frame
      pkSeqID  flgs  proto  sport  ...  TnPPerProto  TnPPerDport  avgPD  attack
1374    12070     1      4  133.0  ...       220968       965050    0.0       0
1375    25176     1      4  133.0  ...       142271      1154097    0.0       0
1376    25566     1      4  133.0  ...       178007      1380563    0.0       0
1377    27533     1      4  133.0  ...       167280      1050013    0.0       0
1378    51757     1      4  133.0  ...       168450       941884    0.0       0

[5 rows x 30 columns]
Check dbaPkts Data is Clean

dbaPkts Null Values
pkSeqID        0
flgs           0
proto          0
sport          0
dport          0
pkts           0
bytes          0
state          0
seq            0
dur            0
mean           0
stddev         0
sum            0
min            0
max            0
spkts          0
dpkts          0
sbytes         0
dbytes         0
rate           0
srate          0
drate          0
TnBPsrcIP      0
TnBPDstIP      0
TnPPSrcIP      0
TnPPDstIP      0
TnPPerProto    0
TnPPerDport    0
avgPD          0
attack         0
dtype: int64

Data Features: 29 | LSTM Timesteps: 80

Create DBA Sybils 10

Create Proto DBA Sybils: 10

Create Pkts DBA Sybils: 10

Create Dport DBA Sybils: 10

Create Bytes DBA Sybils: 10
Create Clients: 25

Number of total clients and sybils 65

Simulate Models Sent to Clients


Total Client Grads Scaled : 65 unscaled 65

aggregate_gradients Total Client Grads: 65

CS Similarity is
 [[-3.33066907e-16  9.99451534e-01  9.99441552e-01 ...  9.99106085e-01
   9.99266534e-01  9.99495302e-01]
 [ 9.99451534e-01  2.22044605e-16  9.99359587e-01 ...  9.99126497e-01
   9.99343879e-01  9.99605018e-01]
 [ 9.99441552e-01  9.99359587e-01 -5.55111512e-16 ...  9.99251106e-01
   9.99196770e-01  9.99399740e-01]
 ...
 [ 9.99106085e-01  9.99126497e-01  9.99251106e-01 ...  4.44089210e-16
   9.98819914e-01  9.99085067e-01]
 [ 9.99266534e-01  9.99343879e-01  9.99196770e-01 ...  9.98819914e-01
   6.66133815e-16  9.99415877e-01]
 [ 9.99495302e-01  9.99605018e-01  9.99399740e-01 ...  9.99085067e-01
   9.99415877e-01  0.00000000e+00]]

############################################################################################

############################################################################################

comm_round: 0 | global_acc: 59.131% | global_f1: 0.7431713373536716 | global_precision: 0.5913068021450748 | global bin 0.5913068056106567

Simulate Models Sent to Clients


Total Client Grads Scaled : 65 unscaled 65

aggregate_gradients Total Client Grads: 65

CS Similarity is
 [[-1.11022302e-16  9.97946740e-01  9.97316521e-01 ...  9.96501716e-01
   9.96252644e-01  9.96612680e-01]
 [ 9.97946740e-01  0.00000000e+00  9.96947582e-01 ...  9.95985609e-01
   9.96232783e-01  9.97495928e-01]
 [ 9.97316521e-01  9.96947582e-01 -1.11022302e-16 ...  9.96169294e-01
   9.96803276e-01  9.97149304e-01]
 ...
 [ 9.96501716e-01  9.95985609e-01  9.96169294e-01 ...  2.22044605e-16
   9.95601803e-01  9.95457680e-01]
 [ 9.96252644e-01  9.96232783e-01  9.96803276e-01 ...  9.95601803e-01
  -4.44089210e-16  9.96547760e-01]
 [ 9.96612680e-01  9.97495928e-01  9.97149304e-01 ...  9.95457680e-01
   9.96547760e-01  4.44089210e-16]]

############################################################################################

############################################################################################

comm_round: 1 | global_acc: 59.131% | global_f1: 0.7431713373536716 | global_precision: 0.5913068021450748 | global bin 0.5913068056106567

Simulate Models Sent to Clients


Total Client Grads Scaled : 65 unscaled 65

aggregate_gradients Total Client Grads: 65

CS Similarity is
 [[ 2.22044605e-16  9.89345015e-01  9.95012582e-01 ...  9.90865222e-01
   9.91239972e-01  9.93604683e-01]
 [ 9.89345015e-01  2.22044605e-16  9.90783304e-01 ...  9.89879344e-01
   9.89481616e-01  9.90463427e-01]
 [ 9.95012582e-01  9.90783304e-01 -2.22044605e-16 ...  9.93092367e-01
   9.93068224e-01  9.94691017e-01]
 ...
 [ 9.90865222e-01  9.89879344e-01  9.93092367e-01 ...  4.44089210e-16
   9.91414469e-01  9.92906226e-01]
 [ 9.91239972e-01  9.89481616e-01  9.93068224e-01 ...  9.91414469e-01
   2.22044605e-16  9.91524320e-01]
 [ 9.93604683e-01  9.90463427e-01  9.94691017e-01 ...  9.92906226e-01
   9.91524320e-01  4.44089210e-16]]

############################################################################################

############################################################################################

comm_round: 2 | global_acc: 59.131% | global_f1: 0.7431713373536716 | global_precision: 0.5913068021450748 | global bin 0.5913068056106567

Simulate Models Sent to Clients


Total Client Grads Scaled : 65 unscaled 65

aggregate_gradients Total Client Grads: 65

CS Similarity is
 [[4.44089210e-16 9.79370937e-01 9.85272110e-01 ... 9.78660896e-01
  9.79576702e-01 9.77997364e-01]
 [9.79370937e-01 4.44089210e-16 9.78811169e-01 ... 9.81727010e-01
  9.81842098e-01 9.70372777e-01]
 [9.85272110e-01 9.78811169e-01 4.44089210e-16 ... 9.78756184e-01
  9.75397867e-01 9.85640555e-01]
 ...
 [9.78660896e-01 9.81727010e-01 9.78756184e-01 ... 6.66133815e-16
  9.78661538e-01 9.76990958e-01]
 [9.79576702e-01 9.81842098e-01 9.75397867e-01 ... 9.78661538e-01
  4.44089210e-16 9.69160006e-01]
 [9.77997364e-01 9.70372777e-01 9.85640555e-01 ... 9.76990958e-01
  9.69160006e-01 0.00000000e+00]]

############################################################################################

############################################################################################

comm_round: 3 | global_acc: 59.131% | global_f1: 0.7431713373536716 | global_precision: 0.5913068021450748 | global bin 0.5913068056106567

Simulate Models Sent to Clients


Total Client Grads Scaled : 65 unscaled 65

aggregate_gradients Total Client Grads: 65

CS Similarity is
 [[ 4.44089210e-16  9.67393374e-01  9.52394207e-01 ...  9.64809750e-01
   9.55744690e-01  9.57352540e-01]
 [ 9.67393374e-01  0.00000000e+00  9.67792170e-01 ...  9.62466272e-01
   9.63205510e-01  9.67755083e-01]
 [ 9.52394207e-01  9.67792170e-01 -3.33066907e-16 ...  9.53099358e-01
   9.53773700e-01  9.62431427e-01]
 ...
 [ 9.64809750e-01  9.62466272e-01  9.53099358e-01 ... -1.11022302e-16
   9.48425577e-01  9.46525616e-01]
 [ 9.55744690e-01  9.63205510e-01  9.53773700e-01 ...  9.48425577e-01
   0.00000000e+00  9.52810918e-01]
 [ 9.57352540e-01  9.67755083e-01  9.62431427e-01 ...  9.46525616e-01
   9.52810918e-01  6.66133815e-16]]

############################################################################################

############################################################################################

comm_round: 4 | global_acc: 59.131% | global_f1: 0.7431713373536716 | global_precision: 0.5913068021450748 | global bin 0.5913068056106567

Simulate Models Sent to Clients


Total Client Grads Scaled : 65 unscaled 65

aggregate_gradients Total Client Grads: 65

CS Similarity is
 [[2.22044605e-16 9.25969949e-01 9.39829480e-01 ... 9.19502286e-01
  8.95926837e-01 9.29052574e-01]
 [9.25969949e-01 2.22044605e-16 9.06771827e-01 ... 8.95045843e-01
  9.09865160e-01 9.06925466e-01]
 [9.39829480e-01 9.06771827e-01 1.11022302e-15 ... 9.22666086e-01
  9.18851463e-01 9.30181056e-01]
 ...
 [9.19502286e-01 8.95045843e-01 9.22666086e-01 ... 0.00000000e+00
  9.11779547e-01 9.24170371e-01]
 [8.95926837e-01 9.09865160e-01 9.18851463e-01 ... 9.11779547e-01
  2.22044605e-16 9.20992717e-01]
 [9.29052574e-01 9.06925466e-01 9.30181056e-01 ... 9.24170371e-01
  9.20992717e-01 2.22044605e-16]]

############################################################################################

############################################################################################

comm_round: 5 | global_acc: 59.131% | global_f1: 0.7431713373536716 | global_precision: 0.5913068021450748 | global bin 0.5913068056106567

Simulate Models Sent to Clients


Total Client Grads Scaled : 65 unscaled 65

aggregate_gradients Total Client Grads: 65

CS Similarity is
 [[-3.33066907e-16  9.42405799e-01  9.42725882e-01 ...  8.96521794e-01
   8.78543774e-01  8.93139105e-01]
 [ 9.42405799e-01  6.66133815e-16  9.27759822e-01 ...  8.99551231e-01
   8.82055837e-01  8.90891408e-01]
 [ 9.42725882e-01  9.27759822e-01  6.66133815e-16 ...  9.05749218e-01
   8.82097472e-01  8.80292668e-01]
 ...
 [ 8.96521794e-01  8.99551231e-01  9.05749218e-01 ...  6.66133815e-16
   9.05879136e-01  8.79448134e-01]
 [ 8.78543774e-01  8.82055837e-01  8.82097472e-01 ...  9.05879136e-01
   0.00000000e+00  8.63337711e-01]
 [ 8.93139105e-01  8.90891408e-01  8.80292668e-01 ...  8.79448134e-01
   8.63337711e-01  2.22044605e-16]]

############################################################################################

############################################################################################

comm_round: 6 | global_acc: 59.131% | global_f1: 0.7431713373536716 | global_precision: 0.5913068021450748 | global bin 0.5913068056106567

Simulate Models Sent to Clients


Total Client Grads Scaled : 65 unscaled 65

aggregate_gradients Total Client Grads: 65

CS Similarity is
 [[4.44089210e-16 8.10782738e-01 7.85959717e-01 ... 7.38385504e-01
  8.23784026e-01 7.85929524e-01]
 [8.10782738e-01 8.88178420e-16 7.85706641e-01 ... 7.74397785e-01
  7.73596980e-01 7.92270799e-01]
 [7.85959717e-01 7.85706641e-01 4.44089210e-16 ... 8.08622945e-01
  8.29404666e-01 7.72800253e-01]
 ...
 [7.38385504e-01 7.74397785e-01 8.08622945e-01 ... 4.44089210e-16
  8.03682500e-01 7.24240393e-01]
 [8.23784026e-01 7.73596980e-01 8.29404666e-01 ... 8.03682500e-01
  4.44089210e-16 7.61771515e-01]
 [7.85929524e-01 7.92270799e-01 7.72800253e-01 ... 7.24240393e-01
  7.61771515e-01 0.00000000e+00]]

############################################################################################

############################################################################################

comm_round: 7 | global_acc: 59.131% | global_f1: 0.7431713373536716 | global_precision: 0.5913068021450748 | global bin 0.5913068056106567

Simulate Models Sent to Clients


Total Client Grads Scaled : 65 unscaled 65

aggregate_gradients Total Client Grads: 65

CS Similarity is
 [[4.44089210e-16 8.85824630e-01 8.73384766e-01 ... 7.77235097e-01
  8.33646759e-01 7.59790677e-01]
 [8.85824630e-01 2.22044605e-16 9.29438762e-01 ... 8.21658801e-01
  8.71203068e-01 8.23968402e-01]
 [8.73384766e-01 9.29438762e-01 0.00000000e+00 ... 8.44270779e-01
  8.84123078e-01 8.53742692e-01]
 ...
 [7.77235097e-01 8.21658801e-01 8.44270779e-01 ... 2.22044605e-16
  7.99514219e-01 7.29162735e-01]
 [8.33646759e-01 8.71203068e-01 8.84123078e-01 ... 7.99514219e-01
  4.44089210e-16 7.98820681e-01]
 [7.59790677e-01 8.23968402e-01 8.53742692e-01 ... 7.29162735e-01
  7.98820681e-01 2.22044605e-16]]

############################################################################################

############################################################################################

comm_round: 8 | global_acc: 59.131% | global_f1: 0.7431713373536716 | global_precision: 0.5913068021450748 | global bin 0.5913068056106567

Simulate Models Sent to Clients


Total Client Grads Scaled : 65 unscaled 65

aggregate_gradients Total Client Grads: 65

CS Similarity is
 [[ 6.66133815e-16  8.42706078e-01  8.92414843e-01 ...  8.91227418e-01
   9.10062847e-01  9.12498820e-01]
 [ 8.42706078e-01  2.22044605e-16  8.01924002e-01 ...  7.73460071e-01
   7.77997001e-01  8.27620676e-01]
 [ 8.92414843e-01  8.01924002e-01  4.44089210e-16 ...  8.37484109e-01
   8.16348722e-01  8.73287402e-01]
 ...
 [ 8.91227418e-01  7.73460071e-01  8.37484109e-01 ... -1.11022302e-16
   7.82259257e-01  8.36939681e-01]
 [ 9.10062847e-01  7.77997001e-01  8.16348722e-01 ...  7.82259257e-01
   6.66133815e-16  8.58283970e-01]
 [ 9.12498820e-01  8.27620676e-01  8.73287402e-01 ...  8.36939681e-01
   8.58283970e-01  2.22044605e-16]]

############################################################################################

############################################################################################

comm_round: 9 | global_acc: 59.131% | global_f1: 0.7431713373536716 | global_precision: 0.5913068021450748 | global bin 0.5913068056106567

Simulate Models Sent to Clients


Total Client Grads Scaled : 65 unscaled 65

aggregate_gradients Total Client Grads: 65

CS Similarity is
 [[ 2.22044605e-16  8.94653429e-01  9.22628317e-01 ...  8.40938643e-01
   8.18151731e-01  8.31709688e-01]
 [ 8.94653429e-01  6.66133815e-16  9.21207874e-01 ...  8.66390225e-01
   8.57058781e-01  8.47220941e-01]
 [ 9.22628317e-01  9.21207874e-01  6.66133815e-16 ...  8.29661194e-01
   8.68547366e-01  8.69929382e-01]
 ...
 [ 8.40938643e-01  8.66390225e-01  8.29661194e-01 ...  2.22044605e-16
   7.41212279e-01  7.79036663e-01]
 [ 8.18151731e-01  8.57058781e-01  8.68547366e-01 ...  7.41212279e-01
  -7.77156117e-16  8.23136029e-01]
 [ 8.31709688e-01  8.47220941e-01  8.69929382e-01 ...  7.79036663e-01
   8.23136029e-01  0.00000000e+00]]

############################################################################################

############################################################################################

comm_round: 10 | global_acc: 59.131% | global_f1: 0.7431713373536716 | global_precision: 0.5913068021450748 | global bin 0.5913068056106567

Simulate Models Sent to Clients


Total Client Grads Scaled : 65 unscaled 65

aggregate_gradients Total Client Grads: 65

CS Similarity is
 [[ 4.44089210e-16  8.64433723e-01  8.70839370e-01 ...  8.47489704e-01
   8.66938480e-01  8.43046719e-01]
 [ 8.64433723e-01  4.44089210e-16  8.92766595e-01 ...  8.04156045e-01
   8.81084732e-01  8.45710788e-01]
 [ 8.70839370e-01  8.92766595e-01  2.22044605e-16 ...  8.85282136e-01
   8.52226532e-01  8.90254394e-01]
 ...
 [ 8.47489704e-01  8.04156045e-01  8.85282136e-01 ... -1.11022302e-16
   8.07704466e-01  8.21209908e-01]
 [ 8.66938480e-01  8.81084732e-01  8.52226532e-01 ...  8.07704466e-01
   2.22044605e-16  8.37198582e-01]
 [ 8.43046719e-01  8.45710788e-01  8.90254394e-01 ...  8.21209908e-01
   8.37198582e-01  4.44089210e-16]]

############################################################################################

############################################################################################

comm_round: 11 | global_acc: 59.131% | global_f1: 0.7431713373536716 | global_precision: 0.5913068021450748 | global bin 0.5913068056106567

Simulate Models Sent to Clients


Total Client Grads Scaled : 65 unscaled 65

aggregate_gradients Total Client Grads: 65

CS Similarity is
 [[ 4.44089210e-16  8.77437714e-01  8.77690175e-01 ...  8.30030655e-01
   8.30358893e-01  8.44595314e-01]
 [ 8.77437714e-01  0.00000000e+00  8.33724211e-01 ...  8.12659450e-01
   7.85397073e-01  8.12944677e-01]
 [ 8.77690175e-01  8.33724211e-01  0.00000000e+00 ...  8.25335381e-01
   8.24533793e-01  7.94635148e-01]
 ...
 [ 8.30030655e-01  8.12659450e-01  8.25335381e-01 ... -1.11022302e-16
   7.46383609e-01  8.06672905e-01]
 [ 8.30358893e-01  7.85397073e-01  8.24533793e-01 ...  7.46383609e-01
   2.22044605e-16  7.75150156e-01]
 [ 8.44595314e-01  8.12944677e-01  7.94635148e-01 ...  8.06672905e-01
   7.75150156e-01  6.66133815e-16]]

############################################################################################

############################################################################################

comm_round: 12 | global_acc: 59.131% | global_f1: 0.7431713373536716 | global_precision: 0.5913068021450748 | global bin 0.5913068056106567

Simulate Models Sent to Clients


Total Client Grads Scaled : 65 unscaled 65

aggregate_gradients Total Client Grads: 65

CS Similarity is
 [[ 6.66133815e-16  8.31421416e-01  8.73841045e-01 ...  7.69483660e-01
   7.92744389e-01  7.42714513e-01]
 [ 8.31421416e-01  4.44089210e-16  9.21953103e-01 ...  8.36792009e-01
   7.92052550e-01  7.14592563e-01]
 [ 8.73841045e-01  9.21953103e-01  6.66133815e-16 ...  8.49063683e-01
   8.36015120e-01  7.94650864e-01]
 ...
 [ 7.69483660e-01  8.36792009e-01  8.49063683e-01 ...  4.44089210e-16
   7.51219829e-01  7.14122510e-01]
 [ 7.92744389e-01  7.92052550e-01  8.36015120e-01 ...  7.51219829e-01
  -2.22044605e-16  6.88552733e-01]
 [ 7.42714513e-01  7.14592563e-01  7.94650864e-01 ...  7.14122510e-01
   6.88552733e-01 -1.11022302e-16]]

############################################################################################

############################################################################################

comm_round: 13 | global_acc: 59.131% | global_f1: 0.7431713373536716 | global_precision: 0.5913068021450748 | global bin 0.5913068056106567

Simulate Models Sent to Clients


Total Client Grads Scaled : 65 unscaled 65

aggregate_gradients Total Client Grads: 65

CS Similarity is
 [[ 8.88178420e-16  8.01729893e-01  8.48863047e-01 ...  8.07003421e-01
   5.71826687e-01  8.03374597e-01]
 [ 8.01729893e-01  2.22044605e-16  8.30610623e-01 ...  8.79364805e-01
   6.48622189e-01  8.37440072e-01]
 [ 8.48863047e-01  8.30610623e-01  6.66133815e-16 ...  8.05459875e-01
   6.08994182e-01  7.85648602e-01]
 ...
 [ 8.07003421e-01  8.79364805e-01  8.05459875e-01 ...  2.22044605e-16
   6.03714818e-01  8.82860700e-01]
 [ 5.71826687e-01  6.48622189e-01  6.08994182e-01 ...  6.03714818e-01
   0.00000000e+00  5.16200074e-01]
 [ 8.03374597e-01  8.37440072e-01  7.85648602e-01 ...  8.82860700e-01
   5.16200074e-01 -2.22044605e-16]]

############################################################################################

############################################################################################

comm_round: 14 | global_acc: 59.131% | global_f1: 0.7431713373536716 | global_precision: 0.5913068021450748 | global bin 0.5913068056106567

Simulate Models Sent to Clients


Total Client Grads Scaled : 65 unscaled 65

aggregate_gradients Total Client Grads: 65

CS Similarity is
 [[ 1.11022302e-15  8.27154635e-01  7.54959876e-01 ...  7.19136584e-01
   8.67591830e-01  8.24428664e-01]
 [ 8.27154635e-01 -1.11022302e-16  8.03500987e-01 ...  8.13861840e-01
   8.96314200e-01  8.80826738e-01]
 [ 7.54959876e-01  8.03500987e-01  4.44089210e-16 ...  7.84175177e-01
   8.39529860e-01  8.93199514e-01]
 ...
 [ 7.19136584e-01  8.13861840e-01  7.84175177e-01 ... -2.22044605e-16
   8.26922332e-01  7.71562647e-01]
 [ 8.67591830e-01  8.96314200e-01  8.39529860e-01 ...  8.26922332e-01
  -1.11022302e-16  8.83492627e-01]
 [ 8.24428664e-01  8.80826738e-01  8.93199514e-01 ...  7.71562647e-01
   8.83492627e-01 -1.11022302e-16]]

############################################################################################

############################################################################################

comm_round: 15 | global_acc: 59.131% | global_f1: 0.7431713373536716 | global_precision: 0.5913068021450748 | global bin 0.5913068056106567

Simulate Models Sent to Clients


Total Client Grads Scaled : 65 unscaled 65

aggregate_gradients Total Client Grads: 65

CS Similarity is
 [[ 2.22044605e-16  8.68887904e-01  8.95339473e-01 ...  8.77847628e-01
   8.82942688e-01  8.38956535e-01]
 [ 8.68887904e-01  0.00000000e+00  8.21701587e-01 ...  8.52332770e-01
   8.03748948e-01  7.89688006e-01]
 [ 8.95339473e-01  8.21701587e-01  2.22044605e-16 ...  8.79608751e-01
   8.66825609e-01  8.60598352e-01]
 ...
 [ 8.77847628e-01  8.52332770e-01  8.79608751e-01 ...  4.44089210e-16
   8.57564750e-01  8.23450135e-01]
 [ 8.82942688e-01  8.03748948e-01  8.66825609e-01 ...  8.57564750e-01
  -3.33066907e-16  8.13875279e-01]
 [ 8.38956535e-01  7.89688006e-01  8.60598352e-01 ...  8.23450135e-01
   8.13875279e-01  2.22044605e-16]]

############################################################################################

############################################################################################

comm_round: 16 | global_acc: 59.131% | global_f1: 0.7431713373536716 | global_precision: 0.5913068021450748 | global bin 0.5913068056106567

Simulate Models Sent to Clients


Total Client Grads Scaled : 65 unscaled 65

aggregate_gradients Total Client Grads: 65

CS Similarity is
 [[ 0.00000000e+00  8.05853793e-01  8.86953105e-01 ...  8.11558409e-01
   8.15502459e-01  8.62773787e-01]
 [ 8.05853793e-01  6.66133815e-16  8.63097195e-01 ...  7.81989581e-01
   8.17254184e-01  7.79812783e-01]
 [ 8.86953105e-01  8.63097195e-01  0.00000000e+00 ...  8.35311946e-01
   8.91732663e-01  8.64528095e-01]
 ...
 [ 8.11558409e-01  7.81989581e-01  8.35311946e-01 ...  2.22044605e-16
   8.51988910e-01  8.35633625e-01]
 [ 8.15502459e-01  8.17254184e-01  8.91732663e-01 ...  8.51988910e-01
   0.00000000e+00  8.05668210e-01]
 [ 8.62773787e-01  7.79812783e-01  8.64528095e-01 ...  8.35633625e-01
   8.05668210e-01 -1.11022302e-16]]

############################################################################################

############################################################################################

comm_round: 17 | global_acc: 59.131% | global_f1: 0.7431713373536716 | global_precision: 0.5913068021450748 | global bin 0.5913068056106567

Simulate Models Sent to Clients
