###############################################################################################################################################################                   Begin dba_1_sybils_fg Simulation              ###############################################################################################################################################################Starting Machine:
Loading Data...

Data Distributions:
normal (0) abnormal(1)
attack
0     9490
1    14400
dtype: int64
Data Proto Distributions:
normal (0) abnormal(1)
proto
arp            467
icmp            12
igmp             2
ipv6-icmp       88
rarp             1
tcp           8447
udp          14873
dtype: int64

Pre-Processing DataHead of Data Frame
   pkSeqID  flgs  proto  sport  ...  TnPPerProto  TnPPerDport      avgPD  attack
0     4340     1      2    0.0  ...      5525931      1322674  10.933030       0
1    24313     1      2    0.0  ...      4994350      1045163  10.965459       0
2    29744     1      2    0.0  ...      4407386      1131789  11.010636       0
3    65173     1      2    0.0  ...      4472728       972058  11.960652       0
4    93800     1      2    0.0  ...      3608282       845792  12.280588       0

[5 rows x 30 columns]
Check Data is CleanNull ValuespkSeqID        0
flgs           0
proto          0
sport          0
dport          0
pkts           0
bytes          0
state          0
seq            0
dur            0
mean           0
stddev         0
sum            0
min            0
max            0
spkts          0
dpkts          0
sbytes         0
dbytes         0
rate           0
srate          0
drate          0
TnBPsrcIP      0
TnBPDstIP      0
TnPPSrcIP      0
TnPPDstIP      0
TnPPerProto    0
TnPPerDport    0
avgPD          0
attack         0
dtype: int64

Backdooring DoS / DDoS, proto : TCP, pkts : 1, dport: 80, bytes >= 201 size of df is 12720

DBA DoS / DDoS, proto : TCP, pkts : 1, dport: 80, bytes >= 201 size of proto is 253410 : pkts : 32490 : dport : 462810 : bytes : 716700

Head of Poison Data Frame
       pkSeqID  flgs  proto    sport  ...  TnPPerProto  TnPPerDport  avgPD  attack
9511  11328126     1      2  10080.0  ...        46388        81338    0.0       0
9540  53563130     1      2  10350.0  ...        22949        25569    0.0       0
9555  39790096     1      2  10446.0  ...        11813        37974    0.0       0
9574  46379101     1      2   1057.0  ...        19113        31594    0.0       0
9616   8058153     1      2  10855.0  ...        43629        83238    0.0       0

[5 rows x 30 columns]
Check Poison Data is Clean
Poison Null ValuespkSeqID        0
flgs           0
proto          0
sport          0
dport          0
pkts           0
bytes          0
state          0
seq            0
dur            0
mean           0
stddev         0
sum            0
min            0
max            0
spkts          0
dpkts          0
sbytes         0
dbytes         0
rate           0
srate          0
drate          0
TnBPsrcIP      0
TnBPDstIP      0
TnPPSrcIP      0
TnPPDstIP      0
TnPPerProto    0
TnPPerDport    0
avgPD          0
attack         0
dtype: int64

Head of dbaProto Data Frame
   pkSeqID  flgs  proto  sport  ...  TnPPerProto  TnPPerDport      avgPD  attack
0     4340     1      2    0.0  ...      5525931      1322674  10.933030       0
1    24313     1      2    0.0  ...      4994350      1045163  10.965459       0
2    29744     1      2    0.0  ...      4407386      1131789  11.010636       0
3    65173     1      2    0.0  ...      4472728       972058  11.960652       0
4    93800     1      2    0.0  ...      3608282       845792  12.280588       0

[5 rows x 30 columns]
Check dbaProto Data is CleandbaProto Null ValuespkSeqID        0
flgs           0
proto          0
sport          0
dport          0
pkts           0
bytes          0
state          0
seq            0
dur            0
mean           0
stddev         0
sum            0
min            0
max            0
spkts          0
dpkts          0
sbytes         0
dbytes         0
rate           0
srate          0
drate          0
TnBPsrcIP      0
TnBPDstIP      0
TnPPSrcIP      0
TnPPDstIP      0
TnPPerProto    0
TnPPerDport    0
avgPD          0
attack         0
dtype: int64

Head of dbaDport Data Frame
     pkSeqID  flgs  proto  sport  ...  TnPPerProto  TnPPerDport      avgPD  attack
326     4335     1      1   80.0  ...     11859844      4284267  17.634145       0
327     4336     1      2   80.0  ...      6064055      3985226  17.889824       0
328     4337     1      2   80.0  ...      6425553      4066934   5.963981       0
331    24317     1      2   80.0  ...      5326760      4130150   5.981577       0
332    24334     1      1   80.0  ...     12249365      4486587  17.943359       0

[5 rows x 30 columns]
Check dbaDport Data is Clean

dbaDport Null Values
pkSeqID        0
flgs           0
proto          0
sport          0
dport          0
pkts           0
bytes          0
state          0
seq            0
dur            0
mean           0
stddev         0
sum            0
min            0
max            0
spkts          0
dpkts          0
sbytes         0
dbytes         0
rate           0
srate          0
drate          0
TnBPsrcIP      0
TnBPDstIP      0
TnPPSrcIP      0
TnPPDstIP      0
TnPPerProto    0
TnPPerDport    0
avgPD          0
attack         0
dtype: int64

Head of dbaBytes Data Frame
   pkSeqID  flgs  proto  sport  ...  TnPPerProto  TnPPerDport      avgPD  attack
0     4340     1      2    0.0  ...      5525931      1322674  10.933030       0
1    24313     1      2    0.0  ...      4994350      1045163  10.965459       0
2    29744     1      2    0.0  ...      4407386      1131789  11.010636       0
3    65173     1      2    0.0  ...      4472728       972058  11.960652       0
4    93800     1      2    0.0  ...      3608282       845792  12.280588       0

[5 rows x 30 columns]
Check dbaBytes Data is Clean

dbaBytes Null Values
pkSeqID        0
flgs           0
proto          0
sport          0
dport          0
pkts           0
bytes          0
state          0
seq            0
dur            0
mean           0
stddev         0
sum            0
min            0
max            0
spkts          0
dpkts          0
sbytes         0
dbytes         0
rate           0
srate          0
drate          0
TnBPsrcIP      0
TnBPDstIP      0
TnPPSrcIP      0
TnPPDstIP      0
TnPPerProto    0
TnPPerDport    0
avgPD          0
attack         0
dtype: int64

Head of dbaPkts Data Frame
      pkSeqID  flgs  proto  sport  ...  TnPPerProto  TnPPerDport  avgPD  attack
1374    12070     1      4  133.0  ...       220968       965050    0.0       0
1375    25176     1      4  133.0  ...       142271      1154097    0.0       0
1376    25566     1      4  133.0  ...       178007      1380563    0.0       0
1377    27533     1      4  133.0  ...       167280      1050013    0.0       0
1378    51757     1      4  133.0  ...       168450       941884    0.0       0

[5 rows x 30 columns]
Check dbaPkts Data is Clean

dbaPkts Null Values
pkSeqID        0
flgs           0
proto          0
sport          0
dport          0
pkts           0
bytes          0
state          0
seq            0
dur            0
mean           0
stddev         0
sum            0
min            0
max            0
spkts          0
dpkts          0
sbytes         0
dbytes         0
rate           0
srate          0
drate          0
TnBPsrcIP      0
TnBPDstIP      0
TnPPSrcIP      0
TnPPDstIP      0
TnPPerProto    0
TnPPerDport    0
avgPD          0
attack         0
dtype: int64

Data Features: 29 | LSTM Timesteps: 80
Create Clients: 10

Create DBA Sybils 1

Create Proto DBA Sybils: 1

Create Pkts DBA Sybils: 1

Create Dport DBA Sybils: 1

Create Bytes DBA Sybils: 1

Number of total clients and sybils 14

Simulate Models Sent to Clients

Total time for client_1 : local training was 10.420007900014753
Total time for client_2 : local training was 10.490093900007196
Total time for client_3 : local training was 10.541044900019187
Total time for client_4 : local training was 11.281528899999103
Total time for client_5 : local training was 10.29787199999555
Total time for client_6 : local training was 10.611211400013417
Total time for client_7 : local training was 11.367185600014636
Total time for client_8 : local training was 10.520144900016021
Total time for client_9 : local training was 10.5538676000142
Total time for client_10 : local training was 11.285834399983287
Total time for client_11 : local training was 17.38517680001678
Total time for client_12 : local training was 8.894516000000294
Total time for client_13 : local training was 26.877320200001122
Total time for client_14 : local training was 35.89621890001581

Total Client Grads Scaled : 14 unscaled 14

aggregate_gradients Total Client Grads: 14

CS Similarity is
 [[ 2.22044605e-16  9.98257613e-01  9.98661926e-01  9.98846543e-01
   9.99028374e-01  9.98232296e-01  9.98423060e-01  9.98830296e-01
   9.98469238e-01  9.98631947e-01  9.96883407e-01  9.99000721e-01
   9.96178255e-01  9.89735108e-01]
 [ 9.98257613e-01  0.00000000e+00  9.98428686e-01  9.98542976e-01
   9.98803144e-01  9.98074588e-01  9.98490451e-01  9.98731454e-01
   9.98609045e-01  9.98465216e-01  9.97130814e-01  9.98606914e-01
   9.96441529e-01  9.89381057e-01]
 [ 9.98661926e-01  9.98428686e-01  0.00000000e+00  9.98996756e-01
   9.98811671e-01  9.98460327e-01  9.98324577e-01  9.98432597e-01
   9.98426467e-01  9.98710947e-01  9.97467274e-01  9.98666277e-01
   9.96643309e-01  9.87949028e-01]
 [ 9.98846543e-01  9.98542976e-01  9.98996756e-01 -3.33066907e-16
   9.98828977e-01  9.98639699e-01  9.98953977e-01  9.98922993e-01
   9.98695399e-01  9.98667113e-01  9.97282826e-01  9.98956506e-01
   9.96939503e-01  9.88804302e-01]
 [ 9.99028374e-01  9.98803144e-01  9.98811671e-01  9.98828977e-01
   4.44089210e-16  9.98678606e-01  9.98646456e-01  9.98891459e-01
   9.98992676e-01  9.98730406e-01  9.97118745e-01  9.98838773e-01
   9.96678797e-01  9.89283752e-01]
 [ 9.98232296e-01  9.98074588e-01  9.98460327e-01  9.98639699e-01
   9.98678606e-01 -1.11022302e-16  9.98416265e-01  9.98339728e-01
   9.98231500e-01  9.98709273e-01  9.97437369e-01  9.98675938e-01
   9.97300460e-01  9.87706562e-01]
 [ 9.98423060e-01  9.98490451e-01  9.98324577e-01  9.98953977e-01
   9.98646456e-01  9.98416265e-01 -1.11022302e-16  9.98991703e-01
   9.98431046e-01  9.98532515e-01  9.97305067e-01  9.98842478e-01
   9.96617464e-01  9.87660043e-01]
 [ 9.98830296e-01  9.98731454e-01  9.98432597e-01  9.98922993e-01
   9.98891459e-01  9.98339728e-01  9.98991703e-01  0.00000000e+00
   9.98670589e-01  9.98745247e-01  9.97247295e-01  9.98731755e-01
   9.96704012e-01  9.87673136e-01]
 [ 9.98469238e-01  9.98609045e-01  9.98426467e-01  9.98695399e-01
   9.98992676e-01  9.98231500e-01  9.98431046e-01  9.98670589e-01
  -1.11022302e-16  9.98697162e-01  9.97697953e-01  9.99008964e-01
   9.96409544e-01  9.88941102e-01]
 [ 9.98631947e-01  9.98465216e-01  9.98710947e-01  9.98667113e-01
   9.98730406e-01  9.98709273e-01  9.98532515e-01  9.98745247e-01
   9.98697162e-01  0.00000000e+00  9.97293958e-01  9.98913306e-01
   9.96601531e-01  9.87612561e-01]
 [ 9.96883407e-01  9.97130814e-01  9.97467274e-01  9.97282826e-01
   9.97118745e-01  9.97437369e-01  9.97305067e-01  9.97247295e-01
   9.97697953e-01  9.97293958e-01 -1.11022302e-16  9.97188332e-01
   9.95552312e-01  9.87589083e-01]
 [ 9.99000721e-01  9.98606914e-01  9.98666277e-01  9.98956506e-01
   9.98838773e-01  9.98675938e-01  9.98842478e-01  9.98731755e-01
   9.99008964e-01  9.98913306e-01  9.97188332e-01 -5.55111512e-16
   9.96902434e-01  9.88848948e-01]
 [ 9.96178255e-01  9.96441529e-01  9.96643309e-01  9.96939503e-01
   9.96678797e-01  9.97300460e-01  9.96617464e-01  9.96704012e-01
   9.96409544e-01  9.96601531e-01  9.95552312e-01  9.96902434e-01
   0.00000000e+00  9.85351310e-01]
 [ 9.89735108e-01  9.89381057e-01  9.87949028e-01  9.88804302e-01
   9.89283752e-01  9.87706562e-01  9.87660043e-01  9.87673136e-01
   9.88941102e-01  9.87612561e-01  9.87589083e-01  9.88848948e-01
   9.85351310e-01  0.00000000e+00]]

Maxcs is 
 [0.99902837 0.99880314 0.99899676 0.99899676 0.99902837 0.99870927
 0.9989917  0.9989917  0.99900896 0.99891331 0.99769795 0.99900896
 0.99730046 0.98973511]

FG wv is [0. 0. 0. 0. 0. 0. 0. 0. 0. 0. 0. 0. 0. 1.]

FG wv sum weight % is 0.07142857142857142

############################################################################################

############################################################################################

comm_round: 0 | global_acc: 59.131% | global_f1: 0.7431713373536716 | global_precision: 0.5913068021450748 | global bin 0.5913068056106567

Simulate Models Sent to Clients

Total time for client_1 : local training was 10.607109200005652
Total time for client_2 : local training was 11.316329799999949
Total time for client_3 : local training was 10.354954799986444
Total time for client_4 : local training was 10.489664799999446
Total time for client_5 : local training was 11.523744900012389
Total time for client_6 : local training was 10.34723600000143
Total time for client_7 : local training was 10.465812999987975
Total time for client_8 : local training was 10.63723970000865
Total time for client_9 : local training was 11.527580299996771
Total time for client_10 : local training was 10.593892699980643
Total time for client_11 : local training was 17.562586599990027
Total time for client_12 : local training was 9.621214299986605
Total time for client_13 : local training was 25.528673799999524
Total time for client_14 : local training was 35.44087340001715

Total Client Grads Scaled : 14 unscaled 14

aggregate_gradients Total Client Grads: 14

CS Similarity is
 [[-7.77156117e-16  9.89656950e-01  9.94274773e-01  9.90480133e-01
   9.90240059e-01  9.88188150e-01  9.95101316e-01  9.92871529e-01
   9.93998451e-01  9.92085708e-01  9.79702689e-01  9.94804964e-01
   9.79204918e-01  9.32190386e-01]
 [ 9.89656950e-01  2.22044605e-16  9.88798581e-01  9.89674938e-01
   9.83150191e-01  9.85207518e-01  9.89443337e-01  9.87257489e-01
   9.87728151e-01  9.88180084e-01  9.76815570e-01  9.92589947e-01
   9.77739315e-01  9.34205710e-01]
 [ 9.94274773e-01  9.88798581e-01  2.22044605e-16  9.91051485e-01
   9.88740190e-01  9.84390661e-01  9.92412192e-01  9.90597402e-01
   9.90056062e-01  9.91423277e-01  9.80510625e-01  9.92974244e-01
   9.79126149e-01  9.31448147e-01]
 [ 9.90480133e-01  9.89674938e-01  9.91051485e-01  2.22044605e-16
   9.86944542e-01  9.87104452e-01  9.93356271e-01  9.89445850e-01
   9.91425353e-01  9.90371353e-01  9.74149715e-01  9.94706044e-01
   9.78233433e-01  9.42857804e-01]
 [ 9.90240059e-01  9.83150191e-01  9.88740190e-01  9.86944542e-01
   6.66133815e-16  9.84814152e-01  9.90585582e-01  9.86893400e-01
   9.88005555e-01  9.87769797e-01  9.76715658e-01  9.89433677e-01
   9.75261562e-01  9.27347542e-01]
 [ 9.88188150e-01  9.85207518e-01  9.84390661e-01  9.87104452e-01
   9.84814152e-01  2.22044605e-16  9.90953876e-01  9.86063966e-01
   9.90531720e-01  9.89744858e-01  9.72337168e-01  9.89715165e-01
   9.73342285e-01  9.29600491e-01]
 [ 9.95101316e-01  9.89443337e-01  9.92412192e-01  9.93356271e-01
   9.90585582e-01  9.90953876e-01  0.00000000e+00  9.91989332e-01
   9.94888245e-01  9.94359488e-01  9.77379071e-01  9.95195436e-01
   9.76569702e-01  9.38174449e-01]
 [ 9.92871529e-01  9.87257489e-01  9.90597402e-01  9.89445850e-01
   9.86893400e-01  9.86063966e-01  9.91989332e-01  0.00000000e+00
   9.91692911e-01  9.90068235e-01  9.73559979e-01  9.92054886e-01
   9.76013811e-01  9.30407629e-01]
 [ 9.93998451e-01  9.87728151e-01  9.90056062e-01  9.91425353e-01
   9.88005555e-01  9.90531720e-01  9.94888245e-01  9.91692911e-01
   6.66133815e-16  9.93321377e-01  9.74288556e-01  9.94685271e-01
   9.75036779e-01  9.35595697e-01]
 [ 9.92085708e-01  9.88180084e-01  9.91423277e-01  9.90371353e-01
   9.87769797e-01  9.89744858e-01  9.94359488e-01  9.90068235e-01
   9.93321377e-01 -1.11022302e-16  9.78727122e-01  9.93627815e-01
   9.73896553e-01  9.34801909e-01]
 [ 9.79702689e-01  9.76815570e-01  9.80510625e-01  9.74149715e-01
   9.76715658e-01  9.72337168e-01  9.77379071e-01  9.73559979e-01
   9.74288556e-01  9.78727122e-01  4.44089210e-16  9.77138391e-01
   9.71713706e-01  9.03387275e-01]
 [ 9.94804964e-01  9.92589947e-01  9.92974244e-01  9.94706044e-01
   9.89433677e-01  9.89715165e-01  9.95195436e-01  9.92054886e-01
   9.94685271e-01  9.93627815e-01  9.77138391e-01  0.00000000e+00
   9.80925324e-01  9.35928436e-01]
 [ 9.79204918e-01  9.77739315e-01  9.79126149e-01  9.78233433e-01
   9.75261562e-01  9.73342285e-01  9.76569702e-01  9.76013811e-01
   9.75036779e-01  9.73896553e-01  9.71713706e-01  9.80925324e-01
   4.44089210e-16  9.20402208e-01]
 [ 9.32190386e-01  9.34205710e-01  9.31448147e-01  9.42857804e-01
   9.27347542e-01  9.29600491e-01  9.38174449e-01  9.30407629e-01
   9.35595697e-01  9.34801909e-01  9.03387275e-01  9.35928436e-01
   9.20402208e-01  0.00000000e+00]]

Maxcs is 
 [0.99510132 0.99258995 0.99427477 0.99470604 0.99058558 0.99095388
 0.99519544 0.99287153 0.99488825 0.99435949 0.98051062 0.99519544
 0.98092532 0.9428578 ]

FG wv is [0. 0. 0. 0. 0. 0. 0. 0. 0. 0. 0. 0. 0. 1.]

FG wv sum weight % is 0.07142857142857142

############################################################################################

############################################################################################

comm_round: 1 | global_acc: 59.131% | global_f1: 0.7431713373536716 | global_precision: 0.5913068021450748 | global bin 0.5913068056106567

Simulate Models Sent to Clients

Total time for client_1 : local training was 11.745154900010675
Total time for client_2 : local training was 10.673469800007297
Total time for client_3 : local training was 10.539426500006812
Total time for client_4 : local training was 10.721291399997426
Total time for client_5 : local training was 10.540955999982543
Total time for client_6 : local training was 10.589700299984543
Total time for client_7 : local training was 10.708780899993144
Total time for client_8 : local training was 11.48062679998111
Total time for client_9 : local training was 10.467018700001063
Total time for client_10 : local training was 10.584504200000083
Total time for client_11 : local training was 18.389648300013505
Total time for client_12 : local training was 8.594909199979156
Total time for client_13 : local training was 25.740255699987756
Total time for client_14 : local training was 36.56202949999715

Total Client Grads Scaled : 14 unscaled 14

aggregate_gradients Total Client Grads: 14

CS Similarity is
 [[-1.11022302e-16  9.85475368e-01  9.77410334e-01  9.81898274e-01
   9.86374267e-01  9.91546350e-01  9.91177793e-01  9.90207528e-01
   9.89452541e-01  9.84073578e-01  9.32472164e-01  9.55995279e-01
   9.10719105e-01  9.63271307e-01]
 [ 9.85475368e-01  2.22044605e-16  9.68874204e-01  9.76420311e-01
   9.78750551e-01  9.83306562e-01  9.84640461e-01  9.84427576e-01
   9.80096155e-01  9.84942082e-01  9.59053394e-01  9.81361555e-01
   9.25694749e-01  9.52952970e-01]
 [ 9.77410334e-01  9.68874204e-01  2.22044605e-16  9.63393268e-01
   9.85580227e-01  9.77737946e-01  9.72537742e-01  9.73956168e-01
   9.76168281e-01  9.85156477e-01  9.24174525e-01  9.45573844e-01
   9.00983229e-01  9.55981391e-01]
 [ 9.81898274e-01  9.76420311e-01  9.63393268e-01  4.44089210e-16
   9.77516390e-01  9.74894897e-01  9.85669061e-01  9.78911452e-01
   9.82614106e-01  9.61791113e-01  9.32790126e-01  9.54841632e-01
   9.10695326e-01  9.36438376e-01]
 [ 9.86374267e-01  9.78750551e-01  9.85580227e-01  9.77516390e-01
   0.00000000e+00  9.84088281e-01  9.85477860e-01  9.82002952e-01
   9.84614131e-01  9.82111359e-01  9.33854663e-01  9.55746742e-01
   9.03856703e-01  9.56437559e-01]
 [ 9.91546350e-01  9.83306562e-01  9.77737946e-01  9.74894897e-01
   9.84088281e-01  0.00000000e+00  9.88845964e-01  9.92024083e-01
   9.88754112e-01  9.83977790e-01  9.27582873e-01  9.54482117e-01
   9.01631083e-01  9.69553279e-01]
 [ 9.91177793e-01  9.84640461e-01  9.72537742e-01  9.85669061e-01
   9.85477860e-01  9.88845964e-01 -1.11022302e-16  9.88962294e-01
   9.84531996e-01  9.78357178e-01  9.37730306e-01  9.59022522e-01
   9.02338027e-01  9.59881595e-01]
 [ 9.90207528e-01  9.84427576e-01  9.73956168e-01  9.78911452e-01
   9.82002952e-01  9.92024083e-01  9.88962294e-01  8.88178420e-16
   9.85298967e-01  9.83990161e-01  9.38477487e-01  9.58826642e-01
   9.10280760e-01  9.72936948e-01]
 [ 9.89452541e-01  9.80096155e-01  9.76168281e-01  9.82614106e-01
   9.84614131e-01  9.88754112e-01  9.84531996e-01  9.85298967e-01
   2.22044605e-16  9.78701427e-01  9.24549233e-01  9.55555591e-01
   9.12852950e-01  9.56905466e-01]
 [ 9.84073578e-01  9.84942082e-01  9.85156477e-01  9.61791113e-01
   9.82111359e-01  9.83977790e-01  9.78357178e-01  9.83990161e-01
   9.78701427e-01  2.22044605e-16  9.43646228e-01  9.68696002e-01
   9.18422706e-01  9.63231024e-01]
 [ 9.32472164e-01  9.59053394e-01  9.24174525e-01  9.32790126e-01
   9.33854663e-01  9.27582873e-01  9.37730306e-01  9.38477487e-01
   9.24549233e-01  9.43646228e-01 -3.33066907e-16  9.77340703e-01
   9.41609446e-01  9.02375440e-01]
 [ 9.55995279e-01  9.81361555e-01  9.45573844e-01  9.54841632e-01
   9.55746742e-01  9.54482117e-01  9.59022522e-01  9.58826642e-01
   9.55555591e-01  9.68696002e-01  9.77340703e-01  2.22044605e-16
   9.55490301e-01  9.22462657e-01]
 [ 9.10719105e-01  9.25694749e-01  9.00983229e-01  9.10695326e-01
   9.03856703e-01  9.01631083e-01  9.02338027e-01  9.10280760e-01
   9.12852950e-01  9.18422706e-01  9.41609446e-01  9.55490301e-01
  -1.11022302e-16  8.58416641e-01]
 [ 9.63271307e-01  9.52952970e-01  9.55981391e-01  9.36438376e-01
   9.56437559e-01  9.69553279e-01  9.59881595e-01  9.72936948e-01
   9.56905466e-01  9.63231024e-01  9.02375440e-01  9.22462657e-01
   8.58416641e-01  2.22044605e-16]]

Maxcs is 
 [0.99154635 0.98547537 0.98558023 0.98566906 0.98637427 0.99202408
 0.99117779 0.99202408 0.98945254 0.98515648 0.9773407  0.98136156
 0.9554903  0.97293695]

FG wv is [0.         0.         0.         0.         0.         0.
 0.         0.         0.         0.         0.02128274 0.
 1.         1.        ]

FG wv sum weight % is 0.14437733836696884

############################################################################################

############################################################################################

comm_round: 2 | global_acc: 59.131% | global_f1: 0.7431713373536716 | global_precision: 0.5913068021450748 | global bin 0.5913068056106567

Simulate Models Sent to Clients

Total time for client_1 : local training was 10.446089500008384
Total time for client_2 : local training was 10.494131899991771
Total time for client_3 : local training was 10.578379400016274
Total time for client_4 : local training was 11.628364699980011
Total time for client_5 : local training was 10.434998699987773
Total time for client_6 : local training was 10.701648100017337
Total time for client_7 : local training was 11.305127500003437
Total time for client_8 : local training was 10.457820200012065
Total time for client_9 : local training was 10.52260369999567
Total time for client_10 : local training was 11.35172939999029
Total time for client_11 : local training was 17.17447640001774
Total time for client_12 : local training was 8.779224500001874
Total time for client_13 : local training was 26.327622299984796
Total time for client_14 : local training was 35.586079500004416

Total Client Grads Scaled : 14 unscaled 14

aggregate_gradients Total Client Grads: 14

CS Similarity is
 [[ 4.44089210e-16  9.88988386e-01  9.88343724e-01  9.85317831e-01
   9.86192868e-01  9.89139501e-01  9.85393781e-01  9.87440342e-01
   9.89136310e-01  9.86113675e-01  8.91404665e-01  9.21382368e-01
   8.51301150e-01  9.55247278e-01]
 [ 9.88988386e-01  6.66133815e-16  9.86194670e-01  9.84830673e-01
   9.84999507e-01  9.82305362e-01  9.85598440e-01  9.81172491e-01
   9.90068876e-01  9.83158627e-01  8.91063903e-01  9.14401337e-01
   8.38954888e-01  9.50854438e-01]
 [ 9.88343724e-01  9.86194670e-01  2.22044605e-16  9.85986202e-01
   9.82975507e-01  9.87849569e-01  9.84719803e-01  9.82745907e-01
   9.89388222e-01  9.84802710e-01  8.94105921e-01  9.17938241e-01
   8.38493998e-01  9.61525543e-01]
 [ 9.85317831e-01  9.84830673e-01  9.85986202e-01  4.44089210e-16
   9.85396532e-01  9.88940219e-01  9.84577743e-01  9.81615095e-01
   9.88127528e-01  9.84607605e-01  9.08999993e-01  9.31642496e-01
   8.49317720e-01  9.52513190e-01]
 [ 9.86192868e-01  9.84999507e-01  9.82975507e-01  9.85396532e-01
  -1.11022302e-16  9.87557110e-01  9.81730976e-01  9.84858607e-01
   9.85986566e-01  9.82081168e-01  8.95562461e-01  9.29288744e-01
   8.58347065e-01  9.48350008e-01]
 [ 9.89139501e-01  9.82305362e-01  9.87849569e-01  9.88940219e-01
   9.87557110e-01  0.00000000e+00  9.79952415e-01  9.84603928e-01
   9.83321332e-01  9.84581692e-01  9.03341259e-01  9.28443346e-01
   8.49367392e-01  9.59871422e-01]
 [ 9.85393781e-01  9.85598440e-01  9.84719803e-01  9.84577743e-01
   9.81730976e-01  9.79952415e-01  1.11022302e-15  9.79766577e-01
   9.85341471e-01  9.82647842e-01  8.75525556e-01  9.08976108e-01
   8.39237268e-01  9.52856493e-01]
 [ 9.87440342e-01  9.81172491e-01  9.82745907e-01  9.81615095e-01
   9.84858607e-01  9.84603928e-01  9.79766577e-01  2.22044605e-16
   9.86033948e-01  9.82449295e-01  8.90660928e-01  9.28215596e-01
   8.51073226e-01  9.54872563e-01]
 [ 9.89136310e-01  9.90068876e-01  9.89388222e-01  9.88127528e-01
   9.85986566e-01  9.83321332e-01  9.85341471e-01  9.86033948e-01
   6.66133815e-16  9.85870774e-01  8.94009805e-01  9.23092289e-01
   8.53484431e-01  9.59629539e-01]
 [ 9.86113675e-01  9.83158627e-01  9.84802710e-01  9.84607605e-01
   9.82081168e-01  9.84581692e-01  9.82647842e-01  9.82449295e-01
   9.85870774e-01  4.44089210e-16  8.87962226e-01  9.16597754e-01
   8.49451801e-01  9.62669644e-01]
 [ 8.91404665e-01  8.91063903e-01  8.94105921e-01  9.08999993e-01
   8.95562461e-01  9.03341259e-01  8.75525556e-01  8.90660928e-01
   8.94009805e-01  8.87962226e-01 -3.33066907e-16  9.42571073e-01
   8.90279888e-01  8.23877607e-01]
 [ 9.21382368e-01  9.14401337e-01  9.17938241e-01  9.31642496e-01
   9.29288744e-01  9.28443346e-01  9.08976108e-01  9.28215596e-01
   9.23092289e-01  9.16597754e-01  9.42571073e-01  4.44089210e-16
   9.18623895e-01  8.59218105e-01]
 [ 8.51301150e-01  8.38954888e-01  8.38493998e-01  8.49317720e-01
   8.58347065e-01  8.49367392e-01  8.39237268e-01  8.51073226e-01
   8.53484431e-01  8.49451801e-01  8.90279888e-01  9.18623895e-01
  -1.11022302e-16  7.84267692e-01]
 [ 9.55247278e-01  9.50854438e-01  9.61525543e-01  9.52513190e-01
   9.48350008e-01  9.59871422e-01  9.52856493e-01  9.54872563e-01
   9.59629539e-01  9.62669644e-01  8.23877607e-01  8.59218105e-01
   7.84267692e-01 -1.11022302e-16]]

Maxcs is 
 [0.9891395  0.99006888 0.98938822 0.98894022 0.98755711 0.9891395
 0.98559844 0.98744034 0.99006888 0.98611367 0.94257107 0.94257107
 0.9186239  0.96266964]

FG wv is [0.         0.         0.         0.         0.         0.
 0.         0.         0.         0.         0.69433498 0.69433498
 1.         0.80251421]

FG wv sum weight % is 0.22794172703089796

############################################################################################

############################################################################################

comm_round: 3 | global_acc: 60.006% | global_f1: 0.7472801854824326 | global_precision: 0.5965261958997722 | global bin 0.6000564694404602

Simulate Models Sent to Clients

Total time for client_1 : local training was 10.548768800013931
Total time for client_2 : local training was 10.606170100014424
Total time for client_3 : local training was 11.689902100013569
Total time for client_4 : local training was 10.55163739999989
Total time for client_5 : local training was 10.673278500005836
Total time for client_6 : local training was 11.298814900015714
Total time for client_7 : local training was 10.544188500003656
Total time for client_8 : local training was 10.443212999991374
Total time for client_9 : local training was 11.355617100023665
Total time for client_10 : local training was 10.593796500004828
Total time for client_11 : local training was 17.217716700019082
Total time for client_12 : local training was 9.804808000015328
Total time for client_13 : local training was 25.336448099988047
Total time for client_14 : local training was 35.43841600001906

Total Client Grads Scaled : 14 unscaled 14

aggregate_gradients Total Client Grads: 14

CS Similarity is
 [[ 2.22044605e-16  9.78629949e-01  9.73881672e-01  9.79183367e-01
   9.79190248e-01  9.78421554e-01  9.83840640e-01  9.83826454e-01
   9.82693566e-01  9.79127083e-01  8.88281349e-01  9.39500883e-01
   8.51845935e-01  9.63815701e-01]
 [ 9.78629949e-01  4.44089210e-16  9.87646354e-01  9.79772629e-01
   9.78257790e-01  9.81599633e-01  9.82899754e-01  9.84450026e-01
   9.83066130e-01  9.77484132e-01  8.82141685e-01  9.44215574e-01
   8.43550416e-01  9.66749721e-01]
 [ 9.73881672e-01  9.87646354e-01  2.22044605e-16  9.83423876e-01
   9.86994466e-01  9.79516174e-01  9.86429508e-01  9.85189377e-01
   9.83474930e-01  9.84778350e-01  8.77456165e-01  9.50512450e-01
   8.38822425e-01  9.70287783e-01]
 [ 9.79183367e-01  9.79772629e-01  9.83423876e-01 -4.44089210e-16
   9.83620454e-01  9.84524680e-01  9.85941391e-01  9.84218600e-01
   9.81422563e-01  9.81526894e-01  8.82478824e-01  9.55894082e-01
   8.49188799e-01  9.69341273e-01]
 [ 9.79190248e-01  9.78257790e-01  9.86994466e-01  9.83620454e-01
   4.44089210e-16  9.78199592e-01  9.84334086e-01  9.84852941e-01
   9.81706538e-01  9.83103651e-01  8.87383789e-01  9.48695437e-01
   8.38566803e-01  9.71130210e-01]
 [ 9.78421554e-01  9.81599633e-01  9.79516174e-01  9.84524680e-01
   9.78199592e-01  6.66133815e-16  9.86505633e-01  9.80756999e-01
   9.83066154e-01  9.74014503e-01  8.70336136e-01  9.53972703e-01
   8.48088407e-01  9.71610888e-01]
 [ 9.83840640e-01  9.82899754e-01  9.86429508e-01  9.85941391e-01
   9.84334086e-01  9.86505633e-01  2.22044605e-16  9.86622812e-01
   9.89217387e-01  9.82570354e-01  8.80524346e-01  9.49502274e-01
   8.44930538e-01  9.76321658e-01]
 [ 9.83826454e-01  9.84450026e-01  9.85189377e-01  9.84218600e-01
   9.84852941e-01  9.80756999e-01  9.86622812e-01  6.66133815e-16
   9.87002612e-01  9.83986811e-01  8.85576713e-01  9.48314363e-01
   8.49041698e-01  9.71980661e-01]
 [ 9.82693566e-01  9.83066130e-01  9.83474930e-01  9.81422563e-01
   9.81706538e-01  9.83066154e-01  9.89217387e-01  9.87002612e-01
   8.88178420e-16  9.81120996e-01  8.77454632e-01  9.41035377e-01
   8.41978407e-01  9.70506125e-01]
 [ 9.79127083e-01  9.77484132e-01  9.84778350e-01  9.81526894e-01
   9.83103651e-01  9.74014503e-01  9.82570354e-01  9.83986811e-01
   9.81120996e-01  0.00000000e+00  8.84723620e-01  9.44765565e-01
   8.36275179e-01  9.62045390e-01]
 [ 8.88281349e-01  8.82141685e-01  8.77456165e-01  8.82478824e-01
   8.87383789e-01  8.70336136e-01  8.80524346e-01  8.85576713e-01
   8.77454632e-01  8.84723620e-01  2.22044605e-16  9.10967922e-01
   8.35151671e-01  8.66892509e-01]
 [ 9.39500883e-01  9.44215574e-01  9.50512450e-01  9.55894082e-01
   9.48695437e-01  9.53972703e-01  9.49502274e-01  9.48314363e-01
   9.41035377e-01  9.44765565e-01  9.10967922e-01  4.44089210e-16
   8.81644022e-01  9.33243698e-01]
 [ 8.51845935e-01  8.43550416e-01  8.38822425e-01  8.49188799e-01
   8.38566803e-01  8.48088407e-01  8.44930538e-01  8.49041698e-01
   8.41978407e-01  8.36275179e-01  8.35151671e-01  8.81644022e-01
   8.88178420e-16  8.28274655e-01]
 [ 9.63815701e-01  9.66749721e-01  9.70287783e-01  9.69341273e-01
   9.71130210e-01  9.71610888e-01  9.76321658e-01  9.71980661e-01
   9.70506125e-01  9.62045390e-01  8.66892509e-01  9.33243698e-01
   8.28274655e-01  2.22044605e-16]]

Maxcs is 
 [0.98384064 0.98764635 0.98764635 0.98594139 0.98699447 0.98650563
 0.98921739 0.98700261 0.98921739 0.98477835 0.91096792 0.95589408
 0.88164402 0.97632166]

FG wv is [0.         0.         0.         0.         0.         0.
 0.         0.         0.         0.         1.         0.06101479
 1.         0.        ]

FG wv sum weight % is 0.14721534207581183

############################################################################################

############################################################################################

comm_round: 4 | global_acc: 62.165% | global_f1: 0.7574853007688828 | global_precision: 0.6099053168244719 | global bin 0.6216483116149902

Simulate Models Sent to Clients

Total time for client_1 : local training was 11.590446999995038
Total time for client_2 : local training was 10.669282800023211
Total time for client_3 : local training was 10.326652899995679
Total time for client_4 : local training was 10.513433399988571
Total time for client_5 : local training was 11.48869639998884
Total time for client_6 : local training was 10.523677799996221
Total time for client_7 : local training was 10.511911999987205
Total time for client_8 : local training was 11.33096389999264
Total time for client_9 : local training was 10.498680199991213
Total time for client_10 : local training was 10.537502599996515
Total time for client_11 : local training was 18.50437380000949
Total time for client_12 : local training was 8.656841699994402
Total time for client_13 : local training was 25.80152090001502
Total time for client_14 : local training was 36.516453399992315

Total Client Grads Scaled : 14 unscaled 14

aggregate_gradients Total Client Grads: 14

CS Similarity is
 [[-2.22044605e-16  9.83901626e-01  9.85096548e-01  9.86571243e-01
   9.82586218e-01  9.77397934e-01  9.83663386e-01  9.81270241e-01
   9.84387859e-01  9.77194552e-01  8.43736665e-01  9.66316236e-01
   8.05856072e-01  9.77689222e-01]
 [ 9.83901626e-01  0.00000000e+00  9.81963741e-01  9.78427676e-01
   9.74514165e-01  9.77686555e-01  9.80575290e-01  9.78524265e-01
   9.82740900e-01  9.75207495e-01  8.33939392e-01  9.68697567e-01
   8.13499590e-01  9.71471840e-01]
 [ 9.85096548e-01  9.81963741e-01  6.66133815e-16  9.78178641e-01
   9.79767814e-01  9.79096244e-01  9.76264076e-01  9.81371424e-01
   9.77446703e-01  9.82084263e-01  8.24070275e-01  9.56526018e-01
   8.06592851e-01  9.70455175e-01]
 [ 9.86571243e-01  9.78427676e-01  9.78178641e-01  2.22044605e-16
   9.74969502e-01  9.75378223e-01  9.82774018e-01  9.73237843e-01
   9.82857534e-01  9.73066211e-01  8.53698337e-01  9.74097204e-01
   7.99299198e-01  9.69697786e-01]
 [ 9.82586218e-01  9.74514165e-01  9.79767814e-01  9.74969502e-01
  -1.11022302e-16  9.77856811e-01  9.78461888e-01  9.81690338e-01
   9.77302963e-01  9.73951112e-01  8.36754284e-01  9.66585082e-01
   7.72142055e-01  9.60535776e-01]
 [ 9.77397934e-01  9.77686555e-01  9.79096244e-01  9.75378223e-01
   9.77856811e-01 -4.44089210e-16  9.82572760e-01  9.80201029e-01
   9.75720042e-01  9.78005810e-01  8.37747790e-01  9.59909682e-01
   7.78824776e-01  9.64855720e-01]
 [ 9.83663386e-01  9.80575290e-01  9.76264076e-01  9.82774018e-01
   9.78461888e-01  9.82572760e-01 -5.55111512e-16  9.78367970e-01
   9.84253086e-01  9.79800830e-01  8.42592032e-01  9.66640610e-01
   7.96918780e-01  9.70086598e-01]
 [ 9.81270241e-01  9.78524265e-01  9.81371424e-01  9.73237843e-01
   9.81690338e-01  9.80201029e-01  9.78367970e-01  4.44089210e-16
   9.79632004e-01  9.82935090e-01  8.22117770e-01  9.59592845e-01
   7.84722303e-01  9.65124594e-01]
 [ 9.84387859e-01  9.82740900e-01  9.77446703e-01  9.82857534e-01
   9.77302963e-01  9.75720042e-01  9.84253086e-01  9.79632004e-01
   0.00000000e+00  9.81830061e-01  8.54054720e-01  9.71960787e-01
   8.06677226e-01  9.71888385e-01]
 [ 9.77194552e-01  9.75207495e-01  9.82084263e-01  9.73066211e-01
   9.73951112e-01  9.78005810e-01  9.79800830e-01  9.82935090e-01
   9.81830061e-01  0.00000000e+00  8.27539228e-01  9.60152645e-01
   7.78894076e-01  9.60239564e-01]
 [ 8.43736665e-01  8.33939392e-01  8.24070275e-01  8.53698337e-01
   8.36754284e-01  8.37747790e-01  8.42592032e-01  8.22117770e-01
   8.54054720e-01  8.27539228e-01  2.22044605e-16  8.47720837e-01
   6.49267954e-01  8.13249125e-01]
 [ 9.66316236e-01  9.68697567e-01  9.56526018e-01  9.74097204e-01
   9.66585082e-01  9.59909682e-01  9.66640610e-01  9.59592845e-01
   9.71960787e-01  9.60152645e-01  8.47720837e-01  4.44089210e-16
   8.00358329e-01  9.48897103e-01]
 [ 8.05856072e-01  8.13499590e-01  8.06592851e-01  7.99299198e-01
   7.72142055e-01  7.78824776e-01  7.96918780e-01  7.84722303e-01
   8.06677226e-01  7.78894076e-01  6.49267954e-01  8.00358329e-01
  -2.22044605e-16  8.23114447e-01]
 [ 9.77689222e-01  9.71471840e-01  9.70455175e-01  9.69697786e-01
   9.60535776e-01  9.64855720e-01  9.70086598e-01  9.65124594e-01
   9.71888385e-01  9.60239564e-01  8.13249125e-01  9.48897103e-01
   8.23114447e-01  6.66133815e-16]]

Maxcs is 
 [0.98657124 0.98390163 0.98509655 0.98657124 0.98258622 0.98257276
 0.98425309 0.98293509 0.98438786 0.98293509 0.85405472 0.9740972
 0.82311445 0.97768922]

FG wv is [0. 0. 0. 0. 0. 0. 0. 0. 0. 0. 1. 0. 1. 0.]

FG wv sum weight % is 0.14285714285714285

############################################################################################

############################################################################################

comm_round: 5 | global_acc: 65.227% | global_f1: 0.7715980719317761 | global_precision: 0.6307972112761443 | global bin 0.65227210521698

Simulate Models Sent to Clients

Total time for client_1 : local training was 10.581509400013601
Total time for client_2 : local training was 10.419838300003903
Total time for client_3 : local training was 10.59538009998505
Total time for client_4 : local training was 11.553893500007689
Total time for client_5 : local training was 10.359410499979276
Total time for client_6 : local training was 10.637301299982937
Total time for client_7 : local training was 11.3427745999943
Total time for client_8 : local training was 10.460556999983964
Total time for client_9 : local training was 10.576063499989687
Total time for client_10 : local training was 11.496402400021907
Total time for client_11 : local training was 17.142044299980626
Total time for client_12 : local training was 8.762753799994243
Total time for client_13 : local training was 26.473696000000928
Total time for client_14 : local training was 34.98175429998082

Total Client Grads Scaled : 14 unscaled 14

aggregate_gradients Total Client Grads: 14

CS Similarity is
 [[ 2.22044605e-16  9.81120999e-01  9.14024912e-01  9.82587059e-01
   9.79294671e-01  9.75791997e-01  9.75164990e-01  9.81880579e-01
   9.80064228e-01  9.77271919e-01  8.60188323e-01  9.38039750e-01
   8.11488362e-01  9.54517372e-01]
 [ 9.81120999e-01  0.00000000e+00  9.20303742e-01  9.77071178e-01
   9.77895051e-01  9.76703818e-01  9.74904384e-01  9.72145615e-01
   9.77507258e-01  9.71803696e-01  8.65294974e-01  9.48759841e-01
   7.93769035e-01  9.41271364e-01]
 [ 9.14024912e-01  9.20303742e-01  2.22044605e-16  9.07532788e-01
   9.12453999e-01  9.13451277e-01  9.03776288e-01  8.96615357e-01
   9.10112860e-01  8.97352834e-01  7.64858544e-01  8.54255778e-01
   6.42378211e-01  8.51881319e-01]
 [ 9.82587059e-01  9.77071178e-01  9.07532788e-01 -2.22044605e-16
   9.86449752e-01  9.81477020e-01  9.81665554e-01  9.80587561e-01
   9.82399662e-01  9.83302851e-01  8.65439519e-01  9.53178954e-01
   8.23980268e-01  9.42164634e-01]
 [ 9.79294671e-01  9.77895051e-01  9.12453999e-01  9.86449752e-01
   2.22044605e-16  9.79731180e-01  9.75413920e-01  9.81669692e-01
   9.81535560e-01  9.76118281e-01  8.50916033e-01  9.52220657e-01
   8.24422448e-01  9.41678334e-01]
 [ 9.75791997e-01  9.76703818e-01  9.13451277e-01  9.81477020e-01
   9.79731180e-01  8.88178420e-16  9.83561809e-01  9.76402286e-01
   9.79396553e-01  9.77297074e-01  8.48467554e-01  9.48548665e-01
   8.06073836e-01  9.36736228e-01]
