###############################################################################################################################################################                   Begin dba_5_sybils_fg Simulation              ###############################################################################################################################################################Starting Machine:
Loading Data...

Data Distributions:
normal (0) abnormal(1)
attack
0     9490
1    14400
dtype: int64
Data Proto Distributions:
normal (0) abnormal(1)
proto
arp            467
icmp            12
igmp             2
ipv6-icmp       88
rarp             1
tcp           8447
udp          14873
dtype: int64

Pre-Processing DataHead of Data Frame
   pkSeqID  flgs  proto  sport  ...  TnPPerProto  TnPPerDport      avgPD  attack
0     4340     1      2    0.0  ...      5525931      1322674  10.933030       0
1    24313     1      2    0.0  ...      4994350      1045163  10.965459       0
2    29744     1      2    0.0  ...      4407386      1131789  11.010636       0
3    65173     1      2    0.0  ...      4472728       972058  11.960652       0
4    93800     1      2    0.0  ...      3608282       845792  12.280588       0

[5 rows x 30 columns]
Check Data is CleanNull ValuespkSeqID        0
flgs           0
proto          0
sport          0
dport          0
pkts           0
bytes          0
state          0
seq            0
dur            0
mean           0
stddev         0
sum            0
min            0
max            0
spkts          0
dpkts          0
sbytes         0
dbytes         0
rate           0
srate          0
drate          0
TnBPsrcIP      0
TnBPDstIP      0
TnPPSrcIP      0
TnPPDstIP      0
TnPPerProto    0
TnPPerDport    0
avgPD          0
attack         0
dtype: int64

Backdooring DoS / DDoS, proto : TCP, pkts : 1, dport: 80, bytes >= 201 size of df is 12720

DBA DoS / DDoS, proto : TCP, pkts : 1, dport: 80, bytes >= 201 size of proto is 253410 : pkts : 32490 : dport : 462810 : bytes : 716700

Head of Poison Data Frame
       pkSeqID  flgs  proto    sport  ...  TnPPerProto  TnPPerDport  avgPD  attack
9511  11328126     1      2  10080.0  ...        46388        81338    0.0       0
9540  53563130     1      2  10350.0  ...        22949        25569    0.0       0
9555  39790096     1      2  10446.0  ...        11813        37974    0.0       0
9574  46379101     1      2   1057.0  ...        19113        31594    0.0       0
9616   8058153     1      2  10855.0  ...        43629        83238    0.0       0

[5 rows x 30 columns]
Check Poison Data is Clean
Poison Null ValuespkSeqID        0
flgs           0
proto          0
sport          0
dport          0
pkts           0
bytes          0
state          0
seq            0
dur            0
mean           0
stddev         0
sum            0
min            0
max            0
spkts          0
dpkts          0
sbytes         0
dbytes         0
rate           0
srate          0
drate          0
TnBPsrcIP      0
TnBPDstIP      0
TnPPSrcIP      0
TnPPDstIP      0
TnPPerProto    0
TnPPerDport    0
avgPD          0
attack         0
dtype: int64

Head of dbaProto Data Frame
   pkSeqID  flgs  proto  sport  ...  TnPPerProto  TnPPerDport      avgPD  attack
0     4340     1      2    0.0  ...      5525931      1322674  10.933030       0
1    24313     1      2    0.0  ...      4994350      1045163  10.965459       0
2    29744     1      2    0.0  ...      4407386      1131789  11.010636       0
3    65173     1      2    0.0  ...      4472728       972058  11.960652       0
4    93800     1      2    0.0  ...      3608282       845792  12.280588       0

[5 rows x 30 columns]
Check dbaProto Data is CleandbaProto Null ValuespkSeqID        0
flgs           0
proto          0
sport          0
dport          0
pkts           0
bytes          0
state          0
seq            0
dur            0
mean           0
stddev         0
sum            0
min            0
max            0
spkts          0
dpkts          0
sbytes         0
dbytes         0
rate           0
srate          0
drate          0
TnBPsrcIP      0
TnBPDstIP      0
TnPPSrcIP      0
TnPPDstIP      0
TnPPerProto    0
TnPPerDport    0
avgPD          0
attack         0
dtype: int64

Head of dbaDport Data Frame
     pkSeqID  flgs  proto  sport  ...  TnPPerProto  TnPPerDport      avgPD  attack
326     4335     1      1   80.0  ...     11859844      4284267  17.634145       0
327     4336     1      2   80.0  ...      6064055      3985226  17.889824       0
328     4337     1      2   80.0  ...      6425553      4066934   5.963981       0
331    24317     1      2   80.0  ...      5326760      4130150   5.981577       0
332    24334     1      1   80.0  ...     12249365      4486587  17.943359       0

[5 rows x 30 columns]
Check dbaDport Data is Clean

dbaDport Null Values
pkSeqID        0
flgs           0
proto          0
sport          0
dport          0
pkts           0
bytes          0
state          0
seq            0
dur            0
mean           0
stddev         0
sum            0
min            0
max            0
spkts          0
dpkts          0
sbytes         0
dbytes         0
rate           0
srate          0
drate          0
TnBPsrcIP      0
TnBPDstIP      0
TnPPSrcIP      0
TnPPDstIP      0
TnPPerProto    0
TnPPerDport    0
avgPD          0
attack         0
dtype: int64

Head of dbaBytes Data Frame
   pkSeqID  flgs  proto  sport  ...  TnPPerProto  TnPPerDport      avgPD  attack
0     4340     1      2    0.0  ...      5525931      1322674  10.933030       0
1    24313     1      2    0.0  ...      4994350      1045163  10.965459       0
2    29744     1      2    0.0  ...      4407386      1131789  11.010636       0
3    65173     1      2    0.0  ...      4472728       972058  11.960652       0
4    93800     1      2    0.0  ...      3608282       845792  12.280588       0

[5 rows x 30 columns]
Check dbaBytes Data is Clean

dbaBytes Null Values
pkSeqID        0
flgs           0
proto          0
sport          0
dport          0
pkts           0
bytes          0
state          0
seq            0
dur            0
mean           0
stddev         0
sum            0
min            0
max            0
spkts          0
dpkts          0
sbytes         0
dbytes         0
rate           0
srate          0
drate          0
TnBPsrcIP      0
TnBPDstIP      0
TnPPSrcIP      0
TnPPDstIP      0
TnPPerProto    0
TnPPerDport    0
avgPD          0
attack         0
dtype: int64

Head of dbaPkts Data Frame
      pkSeqID  flgs  proto  sport  ...  TnPPerProto  TnPPerDport  avgPD  attack
1374    12070     1      4  133.0  ...       220968       965050    0.0       0
1375    25176     1      4  133.0  ...       142271      1154097    0.0       0
1376    25566     1      4  133.0  ...       178007      1380563    0.0       0
1377    27533     1      4  133.0  ...       167280      1050013    0.0       0
1378    51757     1      4  133.0  ...       168450       941884    0.0       0

[5 rows x 30 columns]
Check dbaPkts Data is Clean

dbaPkts Null Values
pkSeqID        0
flgs           0
proto          0
sport          0
dport          0
pkts           0
bytes          0
state          0
seq            0
dur            0
mean           0
stddev         0
sum            0
min            0
max            0
spkts          0
dpkts          0
sbytes         0
dbytes         0
rate           0
srate          0
drate          0
TnBPsrcIP      0
TnBPDstIP      0
TnPPSrcIP      0
TnPPDstIP      0
TnPPerProto    0
TnPPerDport    0
avgPD          0
attack         0
dtype: int64

Data Features: 29 | LSTM Timesteps: 80
Create Clients: 10

Create DBA Sybils 5

Create Proto DBA Sybils: 5

Create Pkts DBA Sybils: 5

Create Dport DBA Sybils: 5

Create Bytes DBA Sybils: 5

Number of total clients and sybils 30

Simulate Models Sent to Clients

Total time for client_1 : local training was 10.485791699989932
Total time for client_2 : local training was 10.746527899987996
Total time for client_3 : local training was 10.668962399999145
Total time for client_4 : local training was 10.524560199992266
Total time for client_5 : local training was 10.547027300024638
Total time for client_6 : local training was 10.4891308999795
Total time for client_7 : local training was 11.714951699977973
Total time for client_8 : local training was 10.466335800010711
Total time for client_9 : local training was 10.592765100009274
Total time for client_10 : local training was 11.6390905000153
Total time for client_11 : local training was 9.45850090001477
Total time for client_12 : local training was 9.7195950000023
Total time for client_13 : local training was 9.488803200016264
Total time for client_14 : local training was 10.536733799992362
Total time for client_15 : local training was 9.285027699981583
Total time for client_16 : local training was 7.7280786000192165
Total time for client_17 : local training was 8.41845860000467
Total time for client_18 : local training was 7.514265000005253
Total time for client_19 : local training was 7.698792799987132
Total time for client_20 : local training was 7.760009399993578
Total time for client_21 : local training was 11.043327399995178
Total time for client_22 : local training was 11.106663099984871
Total time for client_23 : local training was 11.276932599983411
Total time for client_24 : local training was 12.167916400008835
Total time for client_25 : local training was 11.111892800021451
Total time for client_26 : local training was 13.578691500006244
Total time for client_27 : local training was 14.846873000002233
Total time for client_28 : local training was 13.529102500004228
Total time for client_29 : local training was 13.496190899983048
Total time for client_30 : local training was 13.729117300012149

Total Client Grads Scaled : 30 unscaled 30

aggregate_gradients Total Client Grads: 30

CS Similarity is
 [[-5.55111512e-16  9.98782940e-01  9.98318946e-01  9.98426076e-01
   9.98139413e-01  9.98265104e-01  9.97897028e-01  9.97755091e-01
   9.98536542e-01  9.98694190e-01  9.97990660e-01  9.98716761e-01
   9.98476994e-01  9.98770678e-01  9.98261219e-01  9.98755340e-01
   9.98883667e-01  9.98641894e-01  9.98621765e-01  9.98679858e-01
   9.98355340e-01  9.97838355e-01  9.97614664e-01  9.97680988e-01
   9.98488963e-01  9.97522026e-01  9.94548674e-01  9.95288776e-01
   9.94155129e-01  9.93991035e-01]
 [ 9.98782940e-01  4.44089210e-16  9.98347554e-01  9.98301163e-01
   9.98884765e-01  9.98574682e-01  9.98348385e-01  9.98187529e-01
   9.98822428e-01  9.99049598e-01  9.98310277e-01  9.98849510e-01
   9.98337237e-01  9.99012574e-01  9.98347568e-01  9.98712134e-01
   9.98850677e-01  9.98767154e-01  9.98932978e-01  9.98661612e-01
   9.98691263e-01  9.97993656e-01  9.98480620e-01  9.97745648e-01
   9.99083378e-01  9.97556365e-01  9.94243045e-01  9.94609310e-01
   9.95017319e-01  9.92931127e-01]
 [ 9.98318946e-01  9.98347554e-01  4.44089210e-16  9.98596222e-01
   9.98464051e-01  9.98780331e-01  9.98720853e-01  9.98014766e-01
   9.99058646e-01  9.98737973e-01  9.98246756e-01  9.98837272e-01
   9.98527878e-01  9.98511083e-01  9.98380835e-01  9.98600396e-01
   9.98525043e-01  9.98666901e-01  9.98564029e-01  9.98363258e-01
   9.98733118e-01  9.98122907e-01  9.98466909e-01  9.98257154e-01
   9.98097719e-01  9.97956128e-01  9.94368540e-01  9.95012982e-01
   9.94069994e-01  9.94481534e-01]
 [ 9.98426076e-01  9.98301163e-01  9.98596222e-01  2.22044605e-16
   9.98466417e-01  9.98954987e-01  9.98794981e-01  9.97677455e-01
   9.98904352e-01  9.98770423e-01  9.98948592e-01  9.98815123e-01
   9.98682783e-01  9.98774892e-01  9.98659435e-01  9.98899205e-01
   9.98898116e-01  9.98811142e-01  9.98742979e-01  9.98833628e-01
   9.98802165e-01  9.98138224e-01  9.98234322e-01  9.98155318e-01
   9.98504842e-01  9.98152497e-01  9.95236050e-01  9.95480320e-01
   9.93962749e-01  9.94031232e-01]
 [ 9.98139413e-01  9.98884765e-01  9.98464051e-01  9.98466417e-01
   0.00000000e+00  9.98703202e-01  9.98508626e-01  9.98640575e-01
   9.98729894e-01  9.98774224e-01  9.98391425e-01  9.98676082e-01
   9.98667648e-01  9.98502205e-01  9.98439710e-01  9.98950017e-01
   9.99076206e-01  9.98961753e-01  9.99058189e-01  9.98902322e-01
   9.98587781e-01  9.98044245e-01  9.98674637e-01  9.97414564e-01
   9.98393625e-01  9.97993980e-01  9.95234017e-01  9.95687128e-01
   9.94773070e-01  9.94193564e-01]
 [ 9.98265104e-01  9.98574682e-01  9.98780331e-01  9.98954987e-01
   9.98703202e-01 -3.33066907e-16  9.99053900e-01  9.98218266e-01
   9.99113975e-01  9.99013430e-01  9.98353317e-01  9.98876504e-01
   9.98455149e-01  9.98795988e-01  9.98766327e-01  9.98987207e-01
   9.99000627e-01  9.99094950e-01  9.98919437e-01  9.98816823e-01
   9.98771796e-01  9.98027992e-01  9.98823372e-01  9.98092002e-01
   9.98363335e-01  9.97677433e-01  9.94653508e-01  9.95617527e-01
   9.93862709e-01  9.94155862e-01]
 [ 9.97897028e-01  9.98348385e-01  9.98720853e-01  9.98794981e-01
   9.98508626e-01  9.99053900e-01  0.00000000e+00  9.98005317e-01
   9.99155529e-01  9.98881042e-01  9.98774933e-01  9.98958243e-01
   9.98618510e-01  9.98559036e-01  9.98676034e-01  9.98809327e-01
   9.98680761e-01  9.98864908e-01  9.98834937e-01  9.98717993e-01
   9.98720556e-01  9.97740539e-01  9.98683102e-01  9.98383753e-01
   9.98196071e-01  9.97920801e-01  9.94674851e-01  9.95328741e-01
   9.94215869e-01  9.94222122e-01]
 [ 9.97755091e-01  9.98187529e-01  9.98014766e-01  9.97677455e-01
   9.98640575e-01  9.98218266e-01  9.98005317e-01  4.44089210e-16
   9.98752970e-01  9.98451933e-01  9.97698440e-01  9.98331427e-01
   9.97968217e-01  9.97960070e-01  9.98099861e-01  9.98333944e-01
   9.98495947e-01  9.98481563e-01  9.98547006e-01  9.98387317e-01
   9.98346143e-01  9.97225157e-01  9.97928973e-01  9.97251072e-01
   9.97830228e-01  9.97043775e-01  9.93983793e-01  9.94680280e-01
   9.93873984e-01  9.93720576e-01]
 [ 9.98536542e-01  9.98822428e-01  9.99058646e-01  9.98904352e-01
   9.98729894e-01  9.99113975e-01  9.99155529e-01  9.98752970e-01
   2.22044605e-16  9.99313898e-01  9.98702247e-01  9.98921373e-01
   9.98718675e-01  9.99131812e-01  9.98845061e-01  9.99083916e-01
   9.99145688e-01  9.99178627e-01  9.99167333e-01  9.99074808e-01
   9.98969315e-01  9.98132470e-01  9.98650747e-01  9.98174234e-01
   9.98686657e-01  9.98055300e-01  9.95131253e-01  9.95763725e-01
   9.94626184e-01  9.94144132e-01]
 [ 9.98694190e-01  9.99049598e-01  9.98737973e-01  9.98770423e-01
   9.98774224e-01  9.99013430e-01  9.98881042e-01  9.98451933e-01
   9.99313898e-01  4.44089210e-16  9.98932486e-01  9.99058650e-01
   9.98786875e-01  9.99419063e-01  9.99155448e-01  9.99247949e-01
   9.99156816e-01  9.99258932e-01  9.99380106e-01  9.99143616e-01
   9.98797208e-01  9.98044985e-01  9.98591312e-01  9.97898525e-01
   9.98720268e-01  9.98064837e-01  9.95093949e-01  9.95628688e-01
   9.94593328e-01  9.94272897e-01]
 [ 9.97990660e-01  9.98310277e-01  9.98246756e-01  9.98948592e-01
   9.98391425e-01  9.98353317e-01  9.98774933e-01  9.97698440e-01
   9.98702247e-01  9.98932486e-01  2.22044605e-16  9.99041908e-01
   9.98884047e-01  9.98692405e-01  9.98306615e-01  9.98868633e-01
   9.98794920e-01  9.98759731e-01  9.98855690e-01  9.98778742e-01
   9.98295101e-01  9.97589025e-01  9.98347819e-01  9.97976797e-01
   9.98079369e-01  9.98344443e-01  9.94827221e-01  9.95456735e-01
   9.93899884e-01  9.93542241e-01]
 [ 9.98716761e-01  9.98849510e-01  9.98837272e-01  9.98815123e-01
   9.98676082e-01  9.98876504e-01  9.98958243e-01  9.98331427e-01
   9.98921373e-01  9.99058650e-01  9.99041908e-01 -1.11022302e-16
   9.98956131e-01  9.98717922e-01  9.98675055e-01  9.99157382e-01
   9.99156833e-01  9.99070757e-01  9.99083223e-01  9.98888155e-01
   9.99120708e-01  9.97882151e-01  9.98619575e-01  9.98080369e-01
   9.98512056e-01  9.97707090e-01  9.94540612e-01  9.95280701e-01
   9.94543350e-01  9.94521200e-01]
 [ 9.98476994e-01  9.98337237e-01  9.98527878e-01  9.98682783e-01
   9.98667648e-01  9.98455149e-01  9.98618510e-01  9.97968217e-01
   9.98718675e-01  9.98786875e-01  9.98884047e-01  9.98956131e-01
   0.00000000e+00  9.98675160e-01  9.98160090e-01  9.99023514e-01
   9.98980123e-01  9.98927051e-01  9.99038389e-01  9.98851666e-01
   9.98434647e-01  9.97848681e-01  9.98417528e-01  9.97559606e-01
   9.97871663e-01  9.98288120e-01  9.93872872e-01  9.95768683e-01
   9.94546269e-01  9.94153280e-01]
 [ 9.98770678e-01  9.99012574e-01  9.98511083e-01  9.98774892e-01
   9.98502205e-01  9.98795988e-01  9.98559036e-01  9.97960070e-01
   9.99131812e-01  9.99419063e-01  9.98692405e-01  9.98717922e-01
   9.98675160e-01  0.00000000e+00  9.98886671e-01  9.99119259e-01
   9.99241310e-01  9.99164582e-01  9.99229393e-01  9.99220086e-01
   9.98511412e-01  9.98083566e-01  9.98441760e-01  9.97713506e-01
   9.98736669e-01  9.97727904e-01  9.94573325e-01  9.95557129e-01
   9.95247745e-01  9.94235481e-01]
 [ 9.98261219e-01  9.98347568e-01  9.98380835e-01  9.98659435e-01
   9.98439710e-01  9.98766327e-01  9.98676034e-01  9.98099861e-01
   9.98845061e-01  9.99155448e-01  9.98306615e-01  9.98675055e-01
   9.98160090e-01  9.98886671e-01  6.66133815e-16  9.98891532e-01
   9.98887123e-01  9.98993342e-01  9.98968079e-01  9.98899340e-01
   9.98455721e-01  9.97346789e-01  9.98028557e-01  9.97749500e-01
   9.98240839e-01  9.97487147e-01  9.94785738e-01  9.95162943e-01
   9.93673649e-01  9.94260115e-01]
 [ 9.98755340e-01  9.98712134e-01  9.98600396e-01  9.98899205e-01
   9.98950017e-01  9.98987207e-01  9.98809327e-01  9.98333944e-01
   9.99083916e-01  9.99247949e-01  9.98868633e-01  9.99157382e-01
   9.99023514e-01  9.99119259e-01  9.98891532e-01  6.66133815e-16
   9.99814013e-01  9.99756537e-01  9.99775026e-01  9.99667863e-01
   9.98860353e-01  9.97983338e-01  9.98466483e-01  9.97610331e-01
   9.98682144e-01  9.97845457e-01  9.95486820e-01  9.96365030e-01
   9.95599789e-01  9.95252575e-01]
 [ 9.98883667e-01  9.98850677e-01  9.98525043e-01  9.98898116e-01
   9.99076206e-01  9.99000627e-01  9.98680761e-01  9.98495947e-01
   9.99145688e-01  9.99156816e-01  9.98794920e-01  9.99156833e-01
   9.98980123e-01  9.99241310e-01  9.98887123e-01  9.99814013e-01
   0.00000000e+00  9.99762903e-01  9.99673166e-01  9.99703129e-01
   9.98876470e-01  9.98105600e-01  9.98387142e-01  9.97352600e-01
   9.98895371e-01  9.97632481e-01  9.95246272e-01  9.96060830e-01
   9.95499237e-01  9.95063265e-01]
 [ 9.98641894e-01  9.98767154e-01  9.98666901e-01  9.98811142e-01
   9.98961753e-01  9.99094950e-01  9.98864908e-01  9.98481563e-01
   9.99178627e-01  9.99258932e-01  9.98759731e-01  9.99070757e-01
   9.98927051e-01  9.99164582e-01  9.98993342e-01  9.99756537e-01
   9.99762903e-01  6.66133815e-16  9.99795586e-01  9.99777066e-01
   9.98810182e-01  9.97820616e-01  9.98755026e-01  9.97597576e-01
   9.98590116e-01  9.97535974e-01  9.95787247e-01  9.96488248e-01
   9.95442028e-01  9.95492360e-01]
 [ 9.98621765e-01  9.98932978e-01  9.98564029e-01  9.98742979e-01
   9.99058189e-01  9.98919437e-01  9.98834937e-01  9.98547006e-01
   9.99167333e-01  9.99380106e-01  9.98855690e-01  9.99083223e-01
   9.99038389e-01  9.99229393e-01  9.98968079e-01  9.99775026e-01
   9.99673166e-01  9.99795586e-01 -1.11022302e-16  9.99750267e-01
   9.98847061e-01  9.97740620e-01  9.98727647e-01  9.97574648e-01
   9.98732369e-01  9.97741279e-01  9.95304694e-01  9.96132116e-01
   9.95605333e-01  9.95049188e-01]
 [ 9.98679858e-01  9.98661612e-01  9.98363258e-01  9.98833628e-01
   9.98902322e-01  9.98816823e-01  9.98717993e-01  9.98387317e-01
   9.99074808e-01  9.99143616e-01  9.98778742e-01  9.98888155e-01
   9.98851666e-01  9.99220086e-01  9.98899340e-01  9.99667863e-01
   9.99703129e-01  9.99777066e-01  9.99750267e-01  4.44089210e-16
   9.98693514e-01  9.97824658e-01  9.98627301e-01  9.97497202e-01
   9.98539995e-01  9.97420953e-01  9.95560630e-01  9.96354413e-01
   9.95524687e-01  9.95379505e-01]
 [ 9.98355340e-01  9.98691263e-01  9.98733118e-01  9.98802165e-01
   9.98587781e-01  9.98771796e-01  9.98720556e-01  9.98346143e-01
   9.98969315e-01  9.98797208e-01  9.98295101e-01  9.99120708e-01
   9.98434647e-01  9.98511412e-01  9.98455721e-01  9.98860353e-01
   9.98876470e-01  9.98810182e-01  9.98847061e-01  9.98693514e-01
  -2.22044605e-16  9.98024409e-01  9.98183909e-01  9.98162044e-01
   9.98605250e-01  9.97371207e-01  9.94779264e-01  9.95413910e-01
   9.94466542e-01  9.94112813e-01]
 [ 9.97838355e-01  9.97993656e-01  9.98122907e-01  9.98138224e-01
   9.98044245e-01  9.98027992e-01  9.97740539e-01  9.97225157e-01
   9.98132470e-01  9.98044985e-01  9.97589025e-01  9.97882151e-01
   9.97848681e-01  9.98083566e-01  9.97346789e-01  9.97983338e-01
   9.98105600e-01  9.97820616e-01  9.97740620e-01  9.97824658e-01
   9.98024409e-01  0.00000000e+00  9.97565199e-01  9.97045123e-01
   9.98095411e-01  9.97299456e-01  9.94174474e-01  9.95620152e-01
   9.93659668e-01  9.92910564e-01]
 [ 9.97614664e-01  9.98480620e-01  9.98466909e-01  9.98234322e-01
   9.98674637e-01  9.98823372e-01  9.98683102e-01  9.97928973e-01
   9.98650747e-01  9.98591312e-01  9.98347819e-01  9.98619575e-01
   9.98417528e-01  9.98441760e-01  9.98028557e-01  9.98466483e-01
   9.98387142e-01  9.98755026e-01  9.98727647e-01  9.98627301e-01
   9.98183909e-01  9.97565199e-01  2.22044605e-16  9.98022254e-01
   9.97909941e-01  9.97353444e-01  9.94121499e-01  9.95292750e-01
   9.93917905e-01  9.93229802e-01]
 [ 9.97680988e-01  9.97745648e-01  9.98257154e-01  9.98155318e-01
   9.97414564e-01  9.98092002e-01  9.98383753e-01  9.97251072e-01
   9.98174234e-01  9.97898525e-01  9.97976797e-01  9.98080369e-01
   9.97559606e-01  9.97713506e-01  9.97749500e-01  9.97610331e-01
   9.97352600e-01  9.97597576e-01  9.97574648e-01  9.97497202e-01
   9.98162044e-01  9.97045123e-01  9.98022254e-01 -4.44089210e-16
   9.97370852e-01  9.97041516e-01  9.93995242e-01  9.94613303e-01
   9.92653881e-01  9.92312576e-01]
 [ 9.98488963e-01  9.99083378e-01  9.98097719e-01  9.98504842e-01
   9.98393625e-01  9.98363335e-01  9.98196071e-01  9.97830228e-01
   9.98686657e-01  9.98720268e-01  9.98079369e-01  9.98512056e-01
   9.97871663e-01  9.98736669e-01  9.98240839e-01  9.98682144e-01
   9.98895371e-01  9.98590116e-01  9.98732369e-01  9.98539995e-01
   9.98605250e-01  9.98095411e-01  9.97909941e-01  9.97370852e-01
  -1.11022302e-16  9.97055594e-01  9.93609086e-01  9.94076945e-01
   9.93447483e-01  9.92433021e-01]
 [ 9.97522026e-01  9.97556365e-01  9.97956128e-01  9.98152497e-01
   9.97993980e-01  9.97677433e-01  9.97920801e-01  9.97043775e-01
   9.98055300e-01  9.98064837e-01  9.98344443e-01  9.97707090e-01
   9.98288120e-01  9.97727904e-01  9.97487147e-01  9.97845457e-01
   9.97632481e-01  9.97535974e-01  9.97741279e-01  9.97420953e-01
   9.97371207e-01  9.97299456e-01  9.97353444e-01  9.97041516e-01
   9.97055594e-01  0.00000000e+00  9.94108140e-01  9.94545391e-01
   9.93005312e-01  9.92320708e-01]
 [ 9.94548674e-01  9.94243045e-01  9.94368540e-01  9.95236050e-01
   9.95234017e-01  9.94653508e-01  9.94674851e-01  9.93983793e-01
   9.95131253e-01  9.95093949e-01  9.94827221e-01  9.94540612e-01
   9.93872872e-01  9.94573325e-01  9.94785738e-01  9.95486820e-01
   9.95246272e-01  9.95787247e-01  9.95304694e-01  9.95560630e-01
   9.94779264e-01  9.94174474e-01  9.94121499e-01  9.93995242e-01
   9.93609086e-01  9.94108140e-01  2.22044605e-16  9.95521377e-01
   9.91229971e-01  9.92978476e-01]
 [ 9.95288776e-01  9.94609310e-01  9.95012982e-01  9.95480320e-01
   9.95687128e-01  9.95617527e-01  9.95328741e-01  9.94680280e-01
   9.95763725e-01  9.95628688e-01  9.95456735e-01  9.95280701e-01
   9.95768683e-01  9.95557129e-01  9.95162943e-01  9.96365030e-01
   9.96060830e-01  9.96488248e-01  9.96132116e-01  9.96354413e-01
   9.95413910e-01  9.95620152e-01  9.95292750e-01  9.94613303e-01
   9.94076945e-01  9.94545391e-01  9.95521377e-01 -1.11022302e-16
   9.92480814e-01  9.92632787e-01]
 [ 9.94155129e-01  9.95017319e-01  9.94069994e-01  9.93962749e-01
   9.94773070e-01  9.93862709e-01  9.94215869e-01  9.93873984e-01
   9.94626184e-01  9.94593328e-01  9.93899884e-01  9.94543350e-01
   9.94546269e-01  9.95247745e-01  9.93673649e-01  9.95599789e-01
   9.95499237e-01  9.95442028e-01  9.95605333e-01  9.95524687e-01
   9.94466542e-01  9.93659668e-01  9.93917905e-01  9.92653881e-01
   9.93447483e-01  9.93005312e-01  9.91229971e-01  9.92480814e-01
  -3.33066907e-16  9.92905452e-01]
 [ 9.93991035e-01  9.92931127e-01  9.94481534e-01  9.94031232e-01
   9.94193564e-01  9.94155862e-01  9.94222122e-01  9.93720576e-01
   9.94144132e-01  9.94272897e-01  9.93542241e-01  9.94521200e-01
   9.94153280e-01  9.94235481e-01  9.94260115e-01  9.95252575e-01
   9.95063265e-01  9.95492360e-01  9.95049188e-01  9.95379505e-01
   9.94112813e-01  9.92910564e-01  9.93229802e-01  9.92312576e-01
   9.92433021e-01  9.92320708e-01  9.92978476e-01  9.92632787e-01
   9.92905452e-01  8.88178420e-16]]

Maxcs is 
 [0.99888367 0.99908338 0.99905865 0.99895499 0.99907621 0.99911397
 0.99915553 0.99875297 0.9993139  0.99941906 0.99904191 0.99915738
 0.99903839 0.99941906 0.99915545 0.99981401 0.99981401 0.99979559
 0.99979559 0.99977707 0.99912071 0.99813822 0.99882337 0.99838375
 0.99908338 0.99834444 0.99578725 0.99648825 0.99560533 0.99549236]

FG wv is [0.         0.         0.         0.         0.         0.
 0.         0.         0.         0.         0.         0.
 0.         0.         0.         0.         0.         0.
 0.         0.         0.         0.         0.         0.
 0.         0.         1.         0.99553048 1.         1.        ]

FG wv sum weight % is 0.1331843492964064

############################################################################################

############################################################################################

comm_round: 0 | global_acc: 59.131% | global_f1: 0.7431713373536716 | global_precision: 0.5913068021450748 | global bin 0.5913068056106567

Simulate Models Sent to Clients

Total time for client_1 : local training was 11.604753899999196
Total time for client_2 : local training was 10.482893700012937
Total time for client_3 : local training was 10.755068599974038
Total time for client_4 : local training was 11.825832700007595
Total time for client_5 : local training was 10.50648199999705
Total time for client_6 : local training was 10.51527219999116
Total time for client_7 : local training was 10.503373000014108
Total time for client_8 : local training was 11.558102699986193
Total time for client_9 : local training was 10.579659199982416
Total time for client_10 : local training was 10.664978199987672
Total time for client_11 : local training was 10.294856199994683
Total time for client_12 : local training was 9.479770300007658
Total time for client_13 : local training was 9.600387499987846
Total time for client_14 : local training was 10.64361430000281
Total time for client_15 : local training was 9.468766599980881
Total time for client_16 : local training was 7.705774799978826
Total time for client_17 : local training was 7.735253899998497
Total time for client_18 : local training was 8.50867229999858
Total time for client_19 : local training was 7.612538699992001
Total time for client_20 : local training was 7.551702700002352
Total time for client_21 : local training was 12.06413660000544
Total time for client_22 : local training was 11.092062899988377
Total time for client_23 : local training was 11.148852200014517
Total time for client_24 : local training was 11.216242900001816
Total time for client_25 : local training was 12.03514739999082
Total time for client_26 : local training was 13.889565999998013
Total time for client_27 : local training was 13.621643999998923
Total time for client_28 : local training was 14.793286799977068
Total time for client_29 : local training was 13.470333700010087
Total time for client_30 : local training was 13.60847870001453

Total Client Grads Scaled : 30 unscaled 30

aggregate_gradients Total Client Grads: 30

CS Similarity is
 [[-1.11022302e-16  9.84589853e-01  9.82465320e-01  9.78606582e-01
   9.86855949e-01  9.83221104e-01  9.84084651e-01  9.86896234e-01
   9.87404777e-01  9.87860664e-01  9.83430138e-01  9.82882584e-01
   9.90215582e-01  9.89508455e-01  9.88017431e-01  9.88376015e-01
   9.89751137e-01  9.88199504e-01  9.89006822e-01  9.89935102e-01
   9.79768494e-01  9.86347115e-01  9.73645836e-01  9.75201740e-01
   9.85359131e-01  9.56678487e-01  9.85759385e-01  9.67200626e-01
   9.53610877e-01  9.53029321e-01]
 [ 9.84589853e-01 -3.33066907e-16  9.87643615e-01  9.84697231e-01
   9.89462719e-01  9.88916358e-01  9.92366530e-01  9.91156557e-01
   9.91099759e-01  9.92710279e-01  9.93844147e-01  9.91572287e-01
   9.88511983e-01  9.93942554e-01  9.93968204e-01  9.96626922e-01
   9.93827575e-01  9.95211489e-01  9.94336174e-01  9.94473865e-01
   9.83436180e-01  9.87117813e-01  9.84721080e-01  9.88867577e-01
   9.92449701e-01  9.52910855e-01  9.90388171e-01  9.57515972e-01
   9.47890218e-01  9.38671190e-01]
 [ 9.82465320e-01  9.87643615e-01  2.22044605e-16  9.84292308e-01
   9.84916613e-01  9.84282364e-01  9.87676298e-01  9.87509266e-01
   9.88414723e-01  9.90516426e-01  9.88883853e-01  9.89483054e-01
   9.87020030e-01  9.90430387e-01  9.93654598e-01  9.90500282e-01
   9.91319682e-01  9.90687528e-01  9.91945885e-01  9.91843544e-01
   9.86515204e-01  9.85895122e-01  9.80813840e-01  9.86390470e-01
   9.86844895e-01  9.49469820e-01  9.88782278e-01  9.54930190e-01
   9.40900354e-01  9.42510737e-01]
 [ 9.78606582e-01  9.84697231e-01  9.84292308e-01  4.44089210e-16
   9.83469425e-01  9.82032359e-01  9.86066509e-01  9.86659749e-01
   9.82276760e-01  9.91979223e-01  9.86739257e-01  9.86571733e-01
   9.84414915e-01  9.88836857e-01  9.87486576e-01  9.88927035e-01
   9.88626084e-01  9.88616825e-01  9.88496090e-01  9.89969365e-01
   9.82078126e-01  9.83110551e-01  9.72587292e-01  9.81116438e-01
   9.84354128e-01  9.50956046e-01  9.85657285e-01  9.52795067e-01
   9.41673653e-01  9.46000058e-01]
 [ 9.86855949e-01  9.89462719e-01  9.84916613e-01  9.83469425e-01
   4.44089210e-16  9.90215623e-01  9.85576060e-01  9.92511811e-01
   9.86712686e-01  9.93188991e-01  9.87901372e-01  9.88058199e-01
   9.92303464e-01  9.91129656e-01  9.90741349e-01  9.90699140e-01
   9.92723695e-01  9.90621508e-01  9.92085321e-01  9.92911554e-01
   9.88534929e-01  9.86531018e-01  9.71102727e-01  9.82589190e-01
   9.87499455e-01  9.72271699e-01  9.84482109e-01  9.71348922e-01
   9.57518064e-01  9.57288879e-01]
 [ 9.83221104e-01  9.88916358e-01  9.84282364e-01  9.82032359e-01
   9.90215623e-01 -3.33066907e-16  9.85107331e-01  9.90820546e-01
   9.85381703e-01  9.91410888e-01  9.90732023e-01  9.89241958e-01
   9.88921233e-01  9.89028283e-01  9.91906970e-01  9.90756899e-01
   9.91240996e-01  9.90347442e-01  9.90785344e-01  9.91227847e-01
   9.79651821e-01  9.83902452e-01  9.78532318e-01  9.82124254e-01
   9.87752059e-01  9.69186716e-01  9.89198822e-01  9.60953098e-01
   9.43186859e-01  9.45863652e-01]
 [ 9.84084651e-01  9.92366530e-01  9.87676298e-01  9.86066509e-01
   9.85576060e-01  9.85107331e-01 -4.44089210e-16  9.89100617e-01
   9.88967765e-01  9.92206302e-01  9.91507416e-01  9.89864347e-01
   9.88576416e-01  9.93894762e-01  9.92984400e-01  9.95658535e-01
   9.92887549e-01  9.93766042e-01  9.93520525e-01  9.94360409e-01
   9.82193093e-01  9.85427895e-01  9.83629941e-01  9.83520540e-01
   9.88459487e-01  9.45067030e-01  9.88318397e-01  9.58275820e-01
   9.47867407e-01  9.40132344e-01]
 [ 9.86896234e-01  9.91156557e-01  9.87509266e-01  9.86659749e-01
   9.92511811e-01  9.90820546e-01  9.89100617e-01 -1.11022302e-16
   9.91464564e-01  9.95334231e-01  9.91851229e-01  9.92199290e-01
   9.94409150e-01  9.95188597e-01  9.95526249e-01  9.94296521e-01
   9.96060515e-01  9.95645163e-01  9.96330882e-01  9.96151802e-01
   9.88277499e-01  9.89187702e-01  9.80231140e-01  9.87688811e-01
   9.92072221e-01  9.70514746e-01  9.87845044e-01  9.67230782e-01
   9.55587907e-01  9.56425459e-01]
 [ 9.87404777e-01  9.91099759e-01  9.88414723e-01  9.82276760e-01
   9.86712686e-01  9.85381703e-01  9.88967765e-01  9.91464564e-01
   4.44089210e-16  9.90257503e-01  9.88795749e-01  9.87535197e-01
   9.90032061e-01  9.93773516e-01  9.94725141e-01  9.93670907e-01
   9.94229788e-01  9.94455011e-01  9.94798183e-01  9.94030550e-01
   9.88168433e-01  9.88532726e-01  9.83289964e-01  9.85164225e-01
   9.89175342e-01  9.52388976e-01  9.88173503e-01  9.60779991e-01
   9.57426304e-01  9.49164467e-01]
 [ 9.87860664e-01  9.92710279e-01  9.90516426e-01  9.91979223e-01
   9.93188991e-01  9.91410888e-01  9.92206302e-01  9.95334231e-01
   9.90257503e-01  0.00000000e+00  9.95324107e-01  9.92422044e-01
   9.94457915e-01  9.96598078e-01  9.94849694e-01  9.96953206e-01
   9.97549237e-01  9.96815832e-01  9.97197611e-01  9.97542015e-01
   9.89624445e-01  9.89928456e-01  9.82535069e-01  9.89635390e-01
   9.93570950e-01  9.65378983e-01  9.90905578e-01  9.71581234e-01
   9.50737423e-01  9.53125630e-01]
 [ 9.83430138e-01  9.93844147e-01  9.88883853e-01  9.86739257e-01
   9.87901372e-01  9.90732023e-01  9.91507416e-01  9.91851229e-01
   9.88795749e-01  9.95324107e-01 -1.11022302e-16  9.90730376e-01
   9.89318708e-01  9.93541552e-01  9.94079382e-01  9.96407880e-01
   9.94493200e-01  9.95456309e-01  9.94566408e-01  9.95314054e-01
   9.83865075e-01  9.86016132e-01  9.85631016e-01  9.89359082e-01
   9.90715979e-01  9.55053185e-01  9.90371306e-01  9.60646719e-01
   9.44411618e-01  9.39442172e-01]
 [ 9.82882584e-01  9.91572287e-01  9.89483054e-01  9.86571733e-01
   9.88058199e-01  9.89241958e-01  9.89864347e-01  9.92199290e-01
   9.87535197e-01  9.92422044e-01  9.90730376e-01  0.00000000e+00
   9.89384237e-01  9.92126573e-01  9.93151457e-01  9.92988843e-01
   9.93014725e-01  9.93294671e-01  9.93561253e-01  9.93032826e-01
   9.87455476e-01  9.86944409e-01  9.83362810e-01  9.87728155e-01
   9.92196630e-01  9.57920323e-01  9.88724854e-01  9.59822657e-01
   9.48155112e-01  9.44631891e-01]
 [ 9.90215582e-01  9.88511983e-01  9.87020030e-01  9.84414915e-01
   9.92303464e-01  9.88921233e-01  9.88576416e-01  9.94409150e-01
   9.90032061e-01  9.94457915e-01  9.89318708e-01  9.89384237e-01
   4.44089210e-16  9.95569318e-01  9.93593423e-01  9.93572777e-01
   9.97306985e-01  9.95336025e-01  9.96720043e-01  9.96454754e-01
   9.89818674e-01  9.88284795e-01  9.78453008e-01  9.84260059e-01
   9.92884420e-01  9.68551975e-01  9.85493559e-01  9.70858964e-01
   9.59620029e-01  9.60598108e-01]
 [ 9.89508455e-01  9.93942554e-01  9.90430387e-01  9.88836857e-01
   9.91129656e-01  9.89028283e-01  9.93894762e-01  9.95188597e-01
   9.93773516e-01  9.96598078e-01  9.93541552e-01  9.92126573e-01
   9.95569318e-01 -1.11022302e-16  9.96641437e-01  9.97576156e-01
   9.98261549e-01  9.98177662e-01  9.98174303e-01  9.98393725e-01
   9.90131244e-01  9.89841081e-01  9.84087395e-01  9.89252114e-01
   9.94131214e-01  9.60379704e-01  9.91868374e-01  9.66061251e-01
   9.56298540e-01  9.55384950e-01]
 [ 9.88017431e-01  9.93968204e-01  9.93654598e-01  9.87486576e-01
   9.90741349e-01  9.91906970e-01  9.92984400e-01  9.95526249e-01
   9.94725141e-01  9.94849694e-01  9.94079382e-01  9.93151457e-01
   9.93593423e-01  9.96641437e-01 -2.22044605e-16  9.96459528e-01
   9.96816055e-01  9.96986061e-01  9.97652569e-01  9.97177656e-01
   9.88527692e-01  9.91162532e-01  9.85717215e-01  9.89913361e-01
   9.92421366e-01  9.59955281e-01  9.93952710e-01  9.61702495e-01
   9.50174086e-01  9.48379827e-01]
 [ 9.88376015e-01  9.96626922e-01  9.90500282e-01  9.88927035e-01
   9.90699140e-01  9.90756899e-01  9.95658535e-01  9.94296521e-01
   9.93670907e-01  9.96953206e-01  9.96407880e-01  9.92988843e-01
   9.93572777e-01  9.97576156e-01  9.96459528e-01  2.22044605e-16
   9.98071063e-01  9.98947459e-01  9.98254318e-01  9.98579616e-01
   9.87779952e-01  9.90717461e-01  9.87580897e-01  9.91238392e-01
   9.95332052e-01  9.56398988e-01  9.93256599e-01  9.64122371e-01
   9.52670232e-01  9.47428060e-01]
 [ 9.89751137e-01  9.93827575e-01  9.91319682e-01  9.88626084e-01
   9.92723695e-01  9.91240996e-01  9.92887549e-01  9.96060515e-01
   9.94229788e-01  9.97549237e-01  9.94493200e-01  9.93014725e-01
   9.97306985e-01  9.98261549e-01  9.96816055e-01  9.98071063e-01
   0.00000000e+00  9.99043571e-01  9.99630355e-01  9.99342960e-01
   9.91094207e-01  9.90578205e-01  9.85420480e-01  9.90858175e-01
   9.95916335e-01  9.64158762e-01  9.91481724e-01  9.69445515e-01
   9.57225661e-01  9.56191772e-01]
 [ 9.88199504e-01  9.95211489e-01  9.90687528e-01  9.88616825e-01
   9.90621508e-01  9.90347442e-01  9.93766042e-01  9.95645163e-01
   9.94455011e-01  9.96815832e-01  9.95456309e-01  9.93294671e-01
   9.95336025e-01  9.98177662e-01  9.96986061e-01  9.98947459e-01
   9.99043571e-01  0.00000000e+00  9.99336354e-01  9.98989371e-01
   9.88961024e-01  9.90270889e-01  9.87751173e-01  9.91708638e-01
   9.96397755e-01  9.60034887e-01  9.92717083e-01  9.64923880e-01
   9.53660370e-01  9.50673709e-01]
 [ 9.89006822e-01  9.94336174e-01  9.91945885e-01  9.88496090e-01
   9.92085321e-01  9.90785344e-01  9.93520525e-01  9.96330882e-01
   9.94798183e-01  9.97197611e-01  9.94566408e-01  9.93561253e-01
   9.96720043e-01  9.98174303e-01  9.97652569e-01  9.98254318e-01
   9.99630355e-01  9.99336354e-01  0.00000000e+00  9.99295854e-01
   9.90990739e-01  9.90690544e-01  9.85982188e-01  9.91651913e-01
   9.95947322e-01  9.62464332e-01  9.91959958e-01  9.67424266e-01
   9.56404400e-01  9.53770038e-01]
 [ 9.89935102e-01  9.94473865e-01  9.91843544e-01  9.89969365e-01
   9.92911554e-01  9.91227847e-01  9.94360409e-01  9.96151802e-01
   9.94030550e-01  9.97542015e-01  9.95314054e-01  9.93032826e-01
   9.96454754e-01  9.98393725e-01  9.97177656e-01  9.98579616e-01
   9.99342960e-01  9.98989371e-01  9.99295854e-01  0.00000000e+00
   9.90397833e-01  9.90754699e-01  9.85308428e-01  9.90848040e-01
   9.95829806e-01  9.61616680e-01  9.92257005e-01  9.68263820e-01
   9.56497389e-01  9.54694369e-01]
 [ 9.79768494e-01  9.83436180e-01  9.86515204e-01  9.82078126e-01
   9.88534929e-01  9.79651821e-01  9.82193093e-01  9.88277499e-01
   9.88168433e-01  9.89624445e-01  9.83865075e-01  9.87455476e-01
   9.89818674e-01  9.90131244e-01  9.88527692e-01  9.87779952e-01
   9.91094207e-01  9.88961024e-01  9.90990739e-01  9.90397833e-01
   2.22044605e-16  9.85574546e-01  9.72821426e-01  9.83816697e-01
   9.85360363e-01  9.58841688e-01  9.79126843e-01  9.64005802e-01
   9.52623853e-01  9.53092322e-01]
 [ 9.86347115e-01  9.87117813e-01  9.85895122e-01  9.83110551e-01
   9.86531018e-01  9.83902452e-01  9.85427895e-01  9.89187702e-01
   9.88532726e-01  9.89928456e-01  9.86016132e-01  9.86944409e-01
   9.88284795e-01  9.89841081e-01  9.91162532e-01  9.90717461e-01
   9.90578205e-01  9.90270889e-01  9.90690544e-01  9.90754699e-01
   9.85574546e-01  4.44089210e-16  9.76768042e-01  9.84273593e-01
   9.84684632e-01  9.51906469e-01  9.89234821e-01  9.54158847e-01
   9.49987832e-01  9.44845673e-01]
 [ 9.73645836e-01  9.84721080e-01  9.80813840e-01  9.72587292e-01
   9.71102727e-01  9.78532318e-01  9.83629941e-01  9.80231140e-01
   9.83289964e-01  9.82535069e-01  9.85631016e-01  9.83362810e-01
   9.78453008e-01  9.84087395e-01  9.85717215e-01  9.87580897e-01
   9.85420480e-01  9.87751173e-01  9.85982188e-01  9.85308428e-01
   9.72821426e-01  9.76768042e-01 -2.22044605e-16  9.78140799e-01
   9.84445037e-01  9.29190140e-01  9.86945332e-01  9.42683419e-01
   9.28766829e-01  9.18295085e-01]
 [ 9.75201740e-01  9.88867577e-01  9.86390470e-01  9.81116438e-01
   9.82589190e-01  9.82124254e-01  9.83520540e-01  9.87688811e-01
   9.85164225e-01  9.89635390e-01  9.89359082e-01  9.87728155e-01
   9.84260059e-01  9.89252114e-01  9.89913361e-01  9.91238392e-01
   9.90858175e-01  9.91708638e-01  9.91651913e-01  9.90848040e-01
   9.83816697e-01  9.84273593e-01  9.78140799e-01  0.00000000e+00
   9.88399106e-01  9.50512194e-01  9.84423664e-01  9.56639757e-01
   9.38134634e-01  9.40256761e-01]
 [ 9.85359131e-01  9.92449701e-01  9.86844895e-01  9.84354128e-01
   9.87499455e-01  9.87752059e-01  9.88459487e-01  9.92072221e-01
