###############################################################################################################################################################                   Begin dba_10_sybils_fg Simulation              ###############################################################################################################################################################Starting Machine:
Loading Data...

Data Distributions:
normal (0) abnormal(1)
attack
0     9490
1    14400
dtype: int64
Data Proto Distributions:
normal (0) abnormal(1)
proto
arp            467
icmp            12
igmp             2
ipv6-icmp       88
rarp             1
tcp           8447
udp          14873
dtype: int64

Pre-Processing DataHead of Data Frame
   pkSeqID  flgs  proto  sport  ...  TnPPerProto  TnPPerDport      avgPD  attack
0     4340     1      2    0.0  ...      5525931      1322674  10.933030       0
1    24313     1      2    0.0  ...      4994350      1045163  10.965459       0
2    29744     1      2    0.0  ...      4407386      1131789  11.010636       0
3    65173     1      2    0.0  ...      4472728       972058  11.960652       0
4    93800     1      2    0.0  ...      3608282       845792  12.280588       0

[5 rows x 30 columns]
Check Data is CleanNull ValuespkSeqID        0
flgs           0
proto          0
sport          0
dport          0
pkts           0
bytes          0
state          0
seq            0
dur            0
mean           0
stddev         0
sum            0
min            0
max            0
spkts          0
dpkts          0
sbytes         0
dbytes         0
rate           0
srate          0
drate          0
TnBPsrcIP      0
TnBPDstIP      0
TnPPSrcIP      0
TnPPDstIP      0
TnPPerProto    0
TnPPerDport    0
avgPD          0
attack         0
dtype: int64

Backdooring DoS / DDoS, proto : TCP, pkts : 1, dport: 80, bytes >= 201 size of df is 12720

DBA DoS / DDoS, proto : TCP, pkts : 1, dport: 80, bytes >= 201 size of proto is 253410 : pkts : 32490 : dport : 462810 : bytes : 716700

Head of Poison Data Frame
       pkSeqID  flgs  proto    sport  ...  TnPPerProto  TnPPerDport  avgPD  attack
9511  11328126     1      2  10080.0  ...        46388        81338    0.0       0
9540  53563130     1      2  10350.0  ...        22949        25569    0.0       0
9555  39790096     1      2  10446.0  ...        11813        37974    0.0       0
9574  46379101     1      2   1057.0  ...        19113        31594    0.0       0
9616   8058153     1      2  10855.0  ...        43629        83238    0.0       0

[5 rows x 30 columns]
Check Poison Data is Clean
Poison Null ValuespkSeqID        0
flgs           0
proto          0
sport          0
dport          0
pkts           0
bytes          0
state          0
seq            0
dur            0
mean           0
stddev         0
sum            0
min            0
max            0
spkts          0
dpkts          0
sbytes         0
dbytes         0
rate           0
srate          0
drate          0
TnBPsrcIP      0
TnBPDstIP      0
TnPPSrcIP      0
TnPPDstIP      0
TnPPerProto    0
TnPPerDport    0
avgPD          0
attack         0
dtype: int64

Head of dbaProto Data Frame
   pkSeqID  flgs  proto  sport  ...  TnPPerProto  TnPPerDport      avgPD  attack
0     4340     1      2    0.0  ...      5525931      1322674  10.933030       0
1    24313     1      2    0.0  ...      4994350      1045163  10.965459       0
2    29744     1      2    0.0  ...      4407386      1131789  11.010636       0
3    65173     1      2    0.0  ...      4472728       972058  11.960652       0
4    93800     1      2    0.0  ...      3608282       845792  12.280588       0

[5 rows x 30 columns]
Check dbaProto Data is CleandbaProto Null ValuespkSeqID        0
flgs           0
proto          0
sport          0
dport          0
pkts           0
bytes          0
state          0
seq            0
dur            0
mean           0
stddev         0
sum            0
min            0
max            0
spkts          0
dpkts          0
sbytes         0
dbytes         0
rate           0
srate          0
drate          0
TnBPsrcIP      0
TnBPDstIP      0
TnPPSrcIP      0
TnPPDstIP      0
TnPPerProto    0
TnPPerDport    0
avgPD          0
attack         0
dtype: int64

Head of dbaDport Data Frame
     pkSeqID  flgs  proto  sport  ...  TnPPerProto  TnPPerDport      avgPD  attack
326     4335     1      1   80.0  ...     11859844      4284267  17.634145       0
327     4336     1      2   80.0  ...      6064055      3985226  17.889824       0
328     4337     1      2   80.0  ...      6425553      4066934   5.963981       0
331    24317     1      2   80.0  ...      5326760      4130150   5.981577       0
332    24334     1      1   80.0  ...     12249365      4486587  17.943359       0

[5 rows x 30 columns]
Check dbaDport Data is Clean

dbaDport Null Values
pkSeqID        0
flgs           0
proto          0
sport          0
dport          0
pkts           0
bytes          0
state          0
seq            0
dur            0
mean           0
stddev         0
sum            0
min            0
max            0
spkts          0
dpkts          0
sbytes         0
dbytes         0
rate           0
srate          0
drate          0
TnBPsrcIP      0
TnBPDstIP      0
TnPPSrcIP      0
TnPPDstIP      0
TnPPerProto    0
TnPPerDport    0
avgPD          0
attack         0
dtype: int64

Head of dbaBytes Data Frame
   pkSeqID  flgs  proto  sport  ...  TnPPerProto  TnPPerDport      avgPD  attack
0     4340     1      2    0.0  ...      5525931      1322674  10.933030       0
1    24313     1      2    0.0  ...      4994350      1045163  10.965459       0
2    29744     1      2    0.0  ...      4407386      1131789  11.010636       0
3    65173     1      2    0.0  ...      4472728       972058  11.960652       0
4    93800     1      2    0.0  ...      3608282       845792  12.280588       0

[5 rows x 30 columns]
Check dbaBytes Data is Clean

dbaBytes Null Values
pkSeqID        0
flgs           0
proto          0
sport          0
dport          0
pkts           0
bytes          0
state          0
seq            0
dur            0
mean           0
stddev         0
sum            0
min            0
max            0
spkts          0
dpkts          0
sbytes         0
dbytes         0
rate           0
srate          0
drate          0
TnBPsrcIP      0
TnBPDstIP      0
TnPPSrcIP      0
TnPPDstIP      0
TnPPerProto    0
TnPPerDport    0
avgPD          0
attack         0
dtype: int64

Head of dbaPkts Data Frame
      pkSeqID  flgs  proto  sport  ...  TnPPerProto  TnPPerDport  avgPD  attack
1374    12070     1      4  133.0  ...       220968       965050    0.0       0
1375    25176     1      4  133.0  ...       142271      1154097    0.0       0
1376    25566     1      4  133.0  ...       178007      1380563    0.0       0
1377    27533     1      4  133.0  ...       167280      1050013    0.0       0
1378    51757     1      4  133.0  ...       168450       941884    0.0       0

[5 rows x 30 columns]
Check dbaPkts Data is Clean

dbaPkts Null Values
pkSeqID        0
flgs           0
proto          0
sport          0
dport          0
pkts           0
bytes          0
state          0
seq            0
dur            0
mean           0
stddev         0
sum            0
min            0
max            0
spkts          0
dpkts          0
sbytes         0
dbytes         0
rate           0
srate          0
drate          0
TnBPsrcIP      0
TnBPDstIP      0
TnPPSrcIP      0
TnPPDstIP      0
TnPPerProto    0
TnPPerDport    0
avgPD          0
attack         0
dtype: int64

Data Features: 29 | LSTM Timesteps: 80
Create Clients: 10

Create DBA Sybils 10

Create Proto DBA Sybils: 10

Create Pkts DBA Sybils: 10

Create Dport DBA Sybils: 10

Create Bytes DBA Sybils: 10

Number of total clients and sybils 50

Simulate Models Sent to Clients

Total time for client_1 : local training was 11.483284000016283
Total time for client_2 : local training was 10.706530099996598
Total time for client_3 : local training was 10.704708100005519
Total time for client_4 : local training was 11.629415100003826
Total time for client_5 : local training was 10.328357599995798
Total time for client_6 : local training was 10.365738699998474
Total time for client_7 : local training was 10.508982700004708
Total time for client_8 : local training was 11.643936600012239
Total time for client_9 : local training was 10.401639299991075
Total time for client_10 : local training was 10.478947399999015
Total time for client_11 : local training was 8.725822999986121
Total time for client_12 : local training was 9.787195100012468
Total time for client_13 : local training was 8.525443099992117
Total time for client_14 : local training was 8.722058800020022
Total time for client_15 : local training was 9.42268210000475
Total time for client_16 : local training was 8.548508699983358
Total time for client_17 : local training was 8.65436850002152
Total time for client_18 : local training was 8.761209699994652
Total time for client_19 : local training was 9.676100499986205
Total time for client_20 : local training was 8.526006900006905
Total time for client_21 : local training was 7.654754499992123
Total time for client_22 : local training was 8.624083500006236
Total time for client_23 : local training was 7.439999099995475
Total time for client_24 : local training was 7.581997200002661
Total time for client_25 : local training was 7.712675499991747
Total time for client_26 : local training was 8.602183600014541
Total time for client_27 : local training was 7.461491499998374
Total time for client_28 : local training was 7.553802699985681
Total time for client_29 : local training was 8.618285500007914
Total time for client_30 : local training was 7.50429169999552
Total time for client_31 : local training was 9.455431899987161
Total time for client_32 : local training was 9.533230000000913
Total time for client_33 : local training was 10.638216399995144
Total time for client_34 : local training was 9.420528600021498
Total time for client_35 : local training was 9.387101000000257
Total time for client_36 : local training was 9.520294999994803
Total time for client_37 : local training was 10.483185799996136
Total time for client_38 : local training was 9.382437299995217
Total time for client_39 : local training was 9.417847599979723
Total time for client_40 : local training was 10.601440500002354
Total time for client_41 : local training was 10.48621329999878
Total time for client_42 : local training was 10.514070200006245
Total time for client_43 : local training was 10.53333350000321
Total time for client_44 : local training was 11.709230800013756
Total time for client_45 : local training was 10.458726799988654
Total time for client_46 : local training was 10.530913700000383
Total time for client_47 : local training was 10.47287990001496
Total time for client_48 : local training was 11.820045000000391
Total time for client_49 : local training was 10.359668700024486
Total time for client_50 : local training was 10.591620199993486

Total Client Grads Scaled : 50 unscaled 50

aggregate_gradients Total Client Grads: 50

CS Similarity is
 [[ 2.22044605e-16  9.98322751e-01  9.98781946e-01 ...  9.98200044e-01
   9.98228827e-01  9.98409739e-01]
 [ 9.98322751e-01  0.00000000e+00  9.98784833e-01 ...  9.98838701e-01
   9.98323727e-01  9.98779671e-01]
 [ 9.98781946e-01  9.98784833e-01 -1.11022302e-16 ...  9.98905836e-01
   9.98392091e-01  9.98662813e-01]
 ...
 [ 9.98200044e-01  9.98838701e-01  9.98905836e-01 ...  0.00000000e+00
   9.98249116e-01  9.98463289e-01]
 [ 9.98228827e-01  9.98323727e-01  9.98392091e-01 ...  9.98249116e-01
   2.22044605e-16  9.98814179e-01]
 [ 9.98409739e-01  9.98779671e-01  9.98662813e-01 ...  9.98463289e-01
   9.98814179e-01  2.22044605e-16]]

Maxcs is 
 [0.99878195 0.99913903 0.99914174 0.99909408 0.99886311 0.99935218
 0.99927471 0.99910759 0.99868279 0.99904996 0.99961042 0.99951193
 0.9996614  0.99968635 0.9996147  0.99934713 0.99952843 0.99965264
 0.9995778  0.9994771  0.99992662 0.99990189 0.99994498 0.99993759
 0.99991167 0.99994498 0.99993493 0.99993759 0.9999071  0.99990836
 0.9986963  0.99897753 0.99881762 0.99929044 0.99933314 0.99912989
 0.99938598 0.99921218 0.99932668 0.99913918 0.99900274 0.99898711
 0.99883375 0.99905877 0.99915457 0.99889531 0.99874458 0.99920229
 0.99907094 0.99932351]

FG wv is [1.         1.         1.         1.         1.         0.34037674
 0.58750474 1.         1.         1.         0.         0.02757319
 0.         0.         0.         0.34910909 0.         0.
 0.         0.04011273 0.         0.         0.         0.
 0.         0.         0.         0.         0.         0.
 1.         1.         1.         0.84249998 0.63213145 1.
 0.32163665 0.82869174 0.62875601 1.         1.         1.
 1.         1.         1.         1.         1.         0.7774283
 1.         0.74496295]

FG wv sum weight % is 0.5424156715785291

############################################################################################

############################################################################################

comm_round: 0 | global_acc: 59.131% | global_f1: 0.7431713373536716 | global_precision: 0.5913068021450748 | global bin 0.5913068056106567

Simulate Models Sent to Clients

Total time for client_1 : local training was 11.612315799982753
Total time for client_2 : local training was 10.49255070000072
Total time for client_3 : local training was 10.462381100020139
Total time for client_4 : local training was 10.563777500006836
Total time for client_5 : local training was 11.589591800002381
Total time for client_6 : local training was 10.650549700018018
Total time for client_7 : local training was 10.682740499993088
Total time for client_8 : local training was 10.669699699996272
Total time for client_9 : local training was 10.51840989998891
Total time for client_10 : local training was 10.517350300011458
Total time for client_11 : local training was 8.731732200016268
Total time for client_12 : local training was 10.01037990002078
Total time for client_13 : local training was 8.488921900017885
Total time for client_14 : local training was 8.543782499997178
Total time for client_15 : local training was 8.74760219999007
Total time for client_16 : local training was 9.671788000006927
Total time for client_17 : local training was 8.505668700003298
Total time for client_18 : local training was 8.542155800008914
Total time for client_19 : local training was 8.65811659998144
Total time for client_20 : local training was 9.381963699997868
Total time for client_21 : local training was 7.50769830000354
Total time for client_22 : local training was 7.5734034999914
Total time for client_23 : local training was 8.587425200006692
Total time for client_24 : local training was 7.503469900024356
Total time for client_25 : local training was 7.349685199995292
Total time for client_26 : local training was 7.708210599987069
Total time for client_27 : local training was 8.60698609999963
Total time for client_28 : local training was 7.524619900010293
Total time for client_29 : local training was 7.536407300009159
Total time for client_30 : local training was 7.558956900000339
Total time for client_31 : local training was 9.325192699994659
Total time for client_32 : local training was 9.331332000001566
Total time for client_33 : local training was 9.480305500008399
Total time for client_34 : local training was 10.803372399997897
Total time for client_35 : local training was 9.266210800007684
Total time for client_36 : local training was 9.437632600020152
Total time for client_37 : local training was 9.509076700021978
Total time for client_38 : local training was 10.415154400019674
Total time for client_39 : local training was 9.293989700003294
Total time for client_40 : local training was 9.45318809998571
Total time for client_41 : local training was 10.64744519998203
Total time for client_42 : local training was 10.47003520000726
Total time for client_43 : local training was 10.604989499988733
Total time for client_44 : local training was 10.664289400010603
Total time for client_45 : local training was 11.877345900022192
Total time for client_46 : local training was 10.55866840001545
Total time for client_47 : local training was 10.461814299982507
Total time for client_48 : local training was 10.47233160000178
Total time for client_49 : local training was 11.67219149999437
Total time for client_50 : local training was 10.514049099991098

Total Client Grads Scaled : 50 unscaled 50

aggregate_gradients Total Client Grads: 50

CS Similarity is
 [[ 4.44089210e-16  9.92527297e-01  9.94359546e-01 ...  9.92468423e-01
   9.92322043e-01  9.93601556e-01]
 [ 9.92527297e-01  2.22044605e-16  9.94927127e-01 ...  9.92706238e-01
   9.95356532e-01  9.95469754e-01]
 [ 9.94359546e-01  9.94927127e-01  2.22044605e-16 ...  9.94447398e-01
   9.95557727e-01  9.95482822e-01]
 ...
 [ 9.92468423e-01  9.92706238e-01  9.94447398e-01 ... -2.22044605e-16
   9.93520437e-01  9.93293174e-01]
 [ 9.92322043e-01  9.95356532e-01  9.95557727e-01 ...  9.93520437e-01
   2.22044605e-16  9.94999864e-01]
 [ 9.93601556e-01  9.95469754e-01  9.95482822e-01 ...  9.93293174e-01
   9.94999864e-01  4.44089210e-16]]

Maxcs is 
 [0.99627064 0.99728813 0.99705893 0.9961984  0.99694605 0.99841858
 0.99449759 0.99632485 0.99716539 0.99634914 0.99815321 0.99861624
 0.99708949 0.99885928 0.99783223 0.998149   0.99892855 0.99864624
 0.99854393 0.99886427 0.99964465 0.9997531  0.99977013 0.99949999
 0.99942515 0.99943806 0.99977214 0.99960248 0.99950001 0.99977214
 0.99775256 0.99656431 0.99293465 0.9968703  0.99792328 0.99820679
 0.99653939 0.99819204 0.99870369 0.99644752 0.99690739 0.9969505
 0.99758889 0.99760485 0.99730489 0.99443693 0.99732953 0.99622926
 0.99622664 0.99727724]

FG wv is [0.32141343 0.         0.         0.34680534 0.         0.
 1.         0.2825157  0.         0.0264219  0.         0.
 0.         0.         0.         0.         0.         0.
 0.         0.         0.         0.         0.         0.
 0.         0.         0.         0.         0.         0.
 0.         0.47099264 1.         0.         0.         0.
 0.28192739 0.         0.         0.46287252 0.17064887 0.
 0.         0.         0.         1.         0.         0.58976171
 0.34335639 0.        ]

FG wv sum weight % is 0.1259343180758821

############################################################################################

############################################################################################

comm_round: 1 | global_acc: 59.131% | global_f1: 0.7431713373536716 | global_precision: 0.5913068021450748 | global bin 0.5913068056106567

Simulate Models Sent to Clients

Total time for client_1 : local training was 10.467487599991728
Total time for client_2 : local training was 10.53359740000451
Total time for client_3 : local training was 11.74591950001195
Total time for client_4 : local training was 10.594459800020559
Total time for client_5 : local training was 10.504065999994054
Total time for client_6 : local training was 11.47972960001789
Total time for client_7 : local training was 10.484220299986191
Total time for client_8 : local training was 10.589179000002332
Total time for client_9 : local training was 10.645600399991963
Total time for client_10 : local training was 11.771291900018696
Total time for client_11 : local training was 8.685588699998334
Total time for client_12 : local training was 8.758494700014126
Total time for client_13 : local training was 9.580944399989676
Total time for client_14 : local training was 8.499766900000395
Total time for client_15 : local training was 8.25677460001316
Total time for client_16 : local training was 8.700285600003554
Total time for client_17 : local training was 9.762139099999331
Total time for client_18 : local training was 8.477375999995274
Total time for client_19 : local training was 8.555929199996172
Total time for client_20 : local training was 8.726462100021308
Total time for client_21 : local training was 8.614920699998038
Total time for client_22 : local training was 7.49112670001341
Total time for client_23 : local training was 7.57967410000856
Total time for client_24 : local training was 8.53582560000359
Total time for client_25 : local training was 7.513128999999026
Total time for client_26 : local training was 7.615903600002639
Total time for client_27 : local training was 7.6651797000085935
Total time for client_28 : local training was 8.61342280000099
Total time for client_29 : local training was 7.466080399986822
Total time for client_30 : local training was 7.521462499978952
Total time for client_31 : local training was 9.598035400005756
Total time for client_32 : local training was 10.537447399983648
Total time for client_33 : local training was 9.408559100003913
Total time for client_34 : local training was 9.454590299981646
Total time for client_35 : local training was 10.514944900001865
Total time for client_36 : local training was 9.369280700018862
Total time for client_37 : local training was 9.423163700004807
Total time for client_38 : local training was 9.51223399999435
Total time for client_39 : local training was 10.494338899996364
Total time for client_40 : local training was 9.382030200009467
Total time for client_41 : local training was 10.523952899995493
Total time for client_42 : local training was 10.563814099994488
Total time for client_43 : local training was 11.71110879999469
Total time for client_44 : local training was 10.5275867000164
Total time for client_45 : local training was 10.795576800010167
Total time for client_46 : local training was 11.76225020000129
Total time for client_47 : local training was 10.538732899993192
Total time for client_48 : local training was 10.534734700020636
Total time for client_49 : local training was 10.725869099987904
Total time for client_50 : local training was 11.755666999990353

Total Client Grads Scaled : 50 unscaled 50

aggregate_gradients Total Client Grads: 50

CS Similarity is
 [[ 1.11022302e-15  9.87852985e-01  9.84957094e-01 ...  9.88221179e-01
   9.87137329e-01  9.89461906e-01]
 [ 9.87852985e-01  0.00000000e+00  9.86541111e-01 ...  9.88439926e-01
   9.87335088e-01  9.84524963e-01]
 [ 9.84957094e-01  9.86541111e-01  2.22044605e-16 ...  9.87111983e-01
   9.84479661e-01  9.85387623e-01]
 ...
 [ 9.88221179e-01  9.88439926e-01  9.87111983e-01 ...  6.66133815e-16
   9.87974354e-01  9.89498551e-01]
 [ 9.87137329e-01  9.87335088e-01  9.84479661e-01 ...  9.87974354e-01
  -2.22044605e-16  9.88028574e-01]
 [ 9.89461906e-01  9.84524963e-01  9.85387623e-01 ...  9.89498551e-01
   9.88028574e-01  2.22044605e-16]]

Maxcs is 
 [0.99361588 0.99181699 0.99119073 0.99530939 0.99051144 0.99158445
 0.99244249 0.98982447 0.99158612 0.99217899 0.99545577 0.99443655
 0.99762141 0.9935674  0.99497255 0.99520013 0.9973421  0.99551226
 0.99685337 0.99455551 0.9997021  0.99962462 0.99977275 0.99937466
 0.99937343 0.99972988 0.99977275 0.99948285 0.99944888 0.99901401
 0.99515939 0.99771624 0.98937392 0.99291849 0.99153232 0.99639505
 0.99302234 0.99450132 0.99548953 0.99090214 0.98571407 0.99235928
 0.99205132 0.99279956 0.99435277 0.99406882 0.99453566 0.99550139
 0.99327637 0.9951933 ]

FG wv is [0.22858644 0.52569198 0.78408638 0.         1.         1.
 0.81913388 1.         0.81514691 0.6141795  0.         0.
 0.         0.         0.10998277 0.         0.         0.
 0.         0.         0.         0.         0.         0.
 0.         0.         0.         0.         0.         0.
 0.0735722  0.         1.         0.31365247 0.94495777 0.
 0.65069519 0.         0.         1.         1.         0.86320657
 0.79113803 0.49801687 0.19215483 0.29859558 0.15531216 0.
 0.22902692 0.06929569]

FG wv sum weight % is 0.29952864259034767

############################################################################################

############################################################################################

comm_round: 2 | global_acc: 59.131% | global_f1: 0.7431713373536716 | global_precision: 0.5913068021450748 | global bin 0.5913068056106567

Simulate Models Sent to Clients

Total time for client_1 : local training was 10.470093499985524
Total time for client_2 : local training was 10.558493499993347
Total time for client_3 : local training was 10.662304900004528
Total time for client_4 : local training was 10.567955099977553
Total time for client_5 : local training was 10.483917400008067
Total time for client_6 : local training was 10.501164699991932
Total time for client_7 : local training was 12.135227999999188
Total time for client_8 : local training was 10.420388400001684
Total time for client_9 : local training was 10.602806600014446
Total time for client_10 : local training was 10.590742400003364
Total time for client_11 : local training was 9.634062500001164
Total time for client_12 : local training was 8.483503900002688
Total time for client_13 : local training was 8.431113200000254
Total time for client_14 : local training was 8.476519200019538
Total time for client_15 : local training was 9.60356370001682
Total time for client_16 : local training was 8.231855999998515
Total time for client_17 : local training was 8.59676670000772
Total time for client_18 : local training was 9.794626399991103
Total time for client_19 : local training was 8.507017099997029
Total time for client_20 : local training was 8.590636300010374
Total time for client_21 : local training was 7.673560600000201
Total time for client_22 : local training was 8.617869499983499
Total time for client_23 : local training was 7.47492149999016
Total time for client_24 : local training was 7.622053099999903
Total time for client_25 : local training was 7.63743980001891
Total time for client_26 : local training was 7.441817799990531
Total time for client_27 : local training was 7.521673200011719
Total time for client_28 : local training was 7.508281400019769
Total time for client_29 : local training was 8.696429000003263
Total time for client_30 : local training was 7.472294000006514
Total time for client_31 : local training was 9.391537799994694
Total time for client_32 : local training was 9.478516100003617
Total time for client_33 : local training was 10.715518600016367
Total time for client_34 : local training was 9.352106599981198
Total time for client_35 : local training was 9.48268570000073
Total time for client_36 : local training was 9.481095399998594
Total time for client_37 : local training was 9.445075399999041
Total time for client_38 : local training was 9.350406199984718
Total time for client_39 : local training was 9.509703999996418
Total time for client_40 : local training was 10.77725559999817
Total time for client_41 : local training was 10.463541000004625
Total time for client_42 : local training was 10.549845399975311
Total time for client_43 : local training was 10.735023499990348
Total time for client_44 : local training was 11.690337500011083
Total time for client_45 : local training was 10.542168099986156
Total time for client_46 : local training was 10.550422100001015
Total time for client_47 : local training was 10.469614000001457
Total time for client_48 : local training was 11.736629599996377
Total time for client_49 : local training was 10.512927299976582
Total time for client_50 : local training was 10.681408599979477

Total Client Grads Scaled : 50 unscaled 50

aggregate_gradients Total Client Grads: 50

CS Similarity is
 [[-3.33066907e-16  9.60997699e-01  9.38567359e-01 ...  9.59024419e-01
   9.64630908e-01  9.54449651e-01]
 [ 9.60997699e-01 -3.33066907e-16  9.60100859e-01 ...  9.67467545e-01
   9.76583139e-01  9.64502784e-01]
 [ 9.38567359e-01  9.60100859e-01  4.44089210e-16 ...  9.58079582e-01
   9.52617487e-01  9.51206328e-01]
 ...
 [ 9.59024419e-01  9.67467545e-01  9.58079582e-01 ...  2.22044605e-16
   9.75435419e-01  9.67844082e-01]
 [ 9.64630908e-01  9.76583139e-01  9.52617487e-01 ...  9.75435419e-01
   8.88178420e-16  9.68409551e-01]
 [ 9.54449651e-01  9.64502784e-01  9.51206328e-01 ...  9.67844082e-01
   9.68409551e-01  0.00000000e+00]]

Maxcs is 
 [0.97219318 0.98834379 0.97445204 0.9818397  0.98804385 0.98074181
 0.9831703  0.98947357 0.97882115 0.98206907 0.99154042 0.99158336
 0.99407218 0.99439848 0.99203781 0.99130495 0.99223251 0.99583775
 0.99517045 0.99500321 0.99880394 0.99847533 0.99865438 0.99594449
 0.99830331 0.99881654 0.99734173 0.99880394 0.99515039 0.99881654
 0.99242448 0.98977771 0.97940946 0.98898707 0.98801995 0.98815863
 0.99088224 0.98740158 0.98871232 0.99010478 0.98991206 0.99189654
 0.98202574 0.99034045 0.97961365 0.96937919 0.97489278 0.98334665
 0.98882589 0.98238333]

FG wv is [1.         0.         1.         0.69696737 0.         0.9656115
 0.55645009 0.         0.94843384 0.85969115 0.         0.
 0.         0.         0.         0.         0.         0.
 0.         0.         0.         0.         0.         0.
 0.         0.         0.         0.         0.         0.
 0.         0.         0.93428354 0.         0.         0.
 0.         0.04559186 0.         0.         0.         0.
 0.43821041 0.         0.98818645 1.         1.         0.54732453
 0.         0.52856789]

FG wv sum weight % is 0.2301863727192452

############################################################################################

############################################################################################

comm_round: 3 | global_acc: 59.131% | global_f1: 0.7431713373536716 | global_precision: 0.5913068021450748 | global bin 0.5913068056106567

Simulate Models Sent to Clients

Total time for client_1 : local training was 11.433503899985226
Total time for client_2 : local training was 10.560135800013086
Total time for client_3 : local training was 10.530554199998733
Total time for client_4 : local training was 10.710338200005936
Total time for client_5 : local training was 11.833516900020186
Total time for client_6 : local training was 10.391656399995554
Total time for client_7 : local training was 10.619424600008642
Total time for client_8 : local training was 11.691779799992219
Total time for client_9 : local training was 10.551748300000327
Total time for client_10 : local training was 10.502175200002966
Total time for client_11 : local training was 8.771746500016889
Total time for client_12 : local training was 9.734421200002544
Total time for client_13 : local training was 8.439222299988614
Total time for client_14 : local training was 8.503225699998438
Total time for client_15 : local training was 8.522352800006047
Total time for client_16 : local training was 9.640706200007116
Total time for client_17 : local training was 8.340866000013193
Total time for client_18 : local training was 8.65213900001254
Total time for client_19 : local training was 9.752540499990573
Total time for client_20 : local training was 8.430567799980054
Total time for client_21 : local training was 7.560133699997095
Total time for client_22 : local training was 7.683351500018034
Total time for client_23 : local training was 8.649315499991644
Total time for client_24 : local training was 7.437946499994723
Total time for client_25 : local training was 7.539277000003494
Total time for client_26 : local training was 7.523597099992912
Total time for client_27 : local training was 8.627877099992475
Total time for client_28 : local training was 7.487874699989334
Total time for client_29 : local training was 7.56887870002538
Total time for client_30 : local training was 8.654729500005487
Total time for client_31 : local training was 9.24979600001825
Total time for client_32 : local training was 9.448499000020092
Total time for client_33 : local training was 9.661595699988538
Total time for client_34 : local training was 10.56579839999904
Total time for client_35 : local training was 9.348018499993486
Total time for client_36 : local training was 9.41215019999072
Total time for client_37 : local training was 9.523109400004614
Total time for client_38 : local training was 10.48929169998155
Total time for client_39 : local training was 9.313472600013483
Total time for client_40 : local training was 9.673827099992195
Total time for client_41 : local training was 11.706472199992277
Total time for client_42 : local training was 10.452174400008516
Total time for client_43 : local training was 10.481475099979434
Total time for client_44 : local training was 10.692051499994704
Total time for client_45 : local training was 11.723536799981957
Total time for client_46 : local training was 10.43983349998598
Total time for client_47 : local training was 10.55724470000132
Total time for client_48 : local training was 10.54905349999899
Total time for client_49 : local training was 11.654309900011867
Total time for client_50 : local training was 10.424795600003563

Total Client Grads Scaled : 50 unscaled 50

aggregate_gradients Total Client Grads: 50

CS Similarity is
 [[ 0.00000000e+00  9.32630639e-01  8.92882939e-01 ...  9.38658903e-01
   9.20109666e-01  9.22965869e-01]
 [ 9.32630639e-01 -3.33066907e-16  9.06868904e-01 ...  9.29527736e-01
   8.97617225e-01  9.25041701e-01]
 [ 8.92882939e-01  9.06868904e-01  2.22044605e-16 ...  9.07174771e-01
   9.05281746e-01  9.16550390e-01]
 ...
 [ 9.38658903e-01  9.29527736e-01  9.07174771e-01 ...  4.44089210e-16
   9.26558676e-01  9.35889056e-01]
 [ 9.20109666e-01  8.97617225e-01  9.05281746e-01 ...  9.26558676e-01
   0.00000000e+00  9.20916550e-01]
 [ 9.22965869e-01  9.25041701e-01  9.16550390e-01 ...  9.35889056e-01
   9.20916550e-01  0.00000000e+00]]

Maxcs is 
 [0.96615488 0.96751731 0.95413714 0.96261805 0.95826257 0.95200651
 0.95677376 0.96043613 0.96305025 0.92124468 0.98548495 0.98819977
 0.9837117  0.99285876 0.98866443 0.98901975 0.98990989 0.98548793
 0.98962589 0.98654539 0.99559405 0.99775592 0.99602132 0.9975646
 0.9952447  0.99775592 0.99565224 0.9963356  0.98772803 0.99247776
 0.9724058  0.9767948  0.97010991 0.96460147 0.96326117 0.97956564
 0.98452094 0.97722888 0.96821198 0.98208872 0.93948607 0.94422354
 0.96569063 0.96995953 0.9657515  0.93413988 0.97263309 0.96561468
 0.95101396 0.96519082]

FG wv is [0.3105185  0.33597434 0.40267234 0.60428107 0.67299752 0.76404484
 0.63348551 0.26655872 0.1153107  1.         0.         0.
 0.         0.         0.         0.         0.         0.
 0.         0.         0.         0.         0.         0.
 0.         0.         0.         0.         0.         0.
 0.         0.         0.00788433 0.09875839 0.39283131 0.
 0.         0.         0.00562925 0.         1.         1.
 0.04205733 0.15568696 0.15182799 1.         0.         0.23111688
 0.79584374 0.05872109]

FG wv sum weight % is 0.20092401617078182

############################################################################################

############################################################################################

comm_round: 4 | global_acc: 59.131% | global_f1: 0.7431713373536716 | global_precision: 0.5913068021450748 | global bin 0.5913068056106567

Simulate Models Sent to Clients

Total time for client_1 : local training was 10.569594199972926
Total time for client_2 : local training was 11.809516300010728
Total time for client_3 : local training was 10.456509299983736
Total time for client_4 : local training was 10.505445699993288
Total time for client_5 : local training was 10.845064699999057
Total time for client_6 : local training was 11.693470800004434
Total time for client_7 : local training was 10.57616379999672
Total time for client_8 : local training was 10.741271799983224
Total time for client_9 : local training was 10.73886310000671
Total time for client_10 : local training was 11.882308200001717
Total time for client_11 : local training was 8.513633900001878
Total time for client_12 : local training was 8.673880400019698
Total time for client_13 : local training was 9.785932499973569
Total time for client_14 : local training was 8.53267440001946
Total time for client_15 : local training was 8.520254500006558
Total time for client_16 : local training was 8.822004999994533
Total time for client_17 : local training was 9.641917800006922
Total time for client_18 : local training was 8.445443300006445
Total time for client_19 : local training was 8.592224199994234
Total time for client_20 : local training was 8.63534670000081
Total time for client_21 : local training was 8.662145000009332
Total time for client_22 : local training was 7.523958300007507
Total time for client_23 : local training was 7.681952100014314
Total time for client_24 : local training was 8.50638499998604
Total time for client_25 : local training was 7.4522736000071745
Total time for client_26 : local training was 7.410133700002916
Total time for client_27 : local training was 7.6540338000049815
Total time for client_28 : local training was 8.48182519999682
Total time for client_29 : local training was 7.313741100020707
Total time for client_30 : local training was 7.638689300016267
Total time for client_31 : local training was 9.538739299983718
Total time for client_32 : local training was 10.573691500001587
Total time for client_33 : local training was 9.482449799979804
Total time for client_34 : local training was 9.552185600012308
Total time for client_35 : local training was 10.289831000001868
Total time for client_36 : local training was 9.304704899986973
Total time for client_37 : local training was 9.35534949999419
Total time for client_38 : local training was 9.459397099999478
Total time for client_39 : local training was 10.498923300008755
Total time for client_40 : local training was 9.499763100000564
Total time for client_41 : local training was 10.63625859998865
Total time for client_42 : local training was 11.713631499995245
Total time for client_43 : local training was 10.435888199979672
Total time for client_44 : local training was 10.444012799998745
Total time for client_45 : local training was 10.619403699995019
Total time for client_46 : local training was 12.062840099999448
Total time for client_47 : local training was 10.515742999996291
Total time for client_48 : local training was 10.41464389997418
Total time for client_49 : local training was 10.605479000019841
Total time for client_50 : local training was 11.71852900000522

Total Client Grads Scaled : 50 unscaled 50

aggregate_gradients Total Client Grads: 50

CS Similarity is
 [[2.22044605e-16 7.94853970e-01 8.13273450e-01 ... 8.51319324e-01
  8.10560618e-01 8.35846129e-01]
 [7.94853970e-01 0.00000000e+00 8.32702562e-01 ... 8.44573756e-01
  8.13441025e-01 8.35979469e-01]
 [8.13273450e-01 8.32702562e-01 0.00000000e+00 ... 8.64103703e-01
  8.29943915e-01 8.26315633e-01]
 ...
 [8.51319324e-01 8.44573756e-01 8.64103703e-01 ... 2.22044605e-16
  8.63557750e-01 8.53206689e-01]
 [8.10560618e-01 8.13441025e-01 8.29943915e-01 ... 8.63557750e-01
  0.00000000e+00 8.47801567e-01]
 [8.35846129e-01 8.35979469e-01 8.26315633e-01 ... 8.53206689e-01
  8.47801567e-01 2.22044605e-16]]

Maxcs is 
 [0.92337647 0.8954922  0.90813937 0.94725186 0.92256676 0.92103399
 0.95352455 0.920324   0.93908407 0.93910473 0.97888076 0.96977032
 0.97748882 0.9686962  0.9558271  0.96774387 0.96829319 0.9525759
 0.98231201 0.97498015 0.99736426 0.99370047 0.98678868 0.99417981
 0.99689467 0.99736426 0.99120873 0.99053188 0.99675663 0.99675663
 0.93342636 0.93501391 0.94616398 0.95026456 0.92718393 0.94419884
 0.76386252 0.96205811 0.95543467 0.95118883 0.92729228 0.90559635
 0.85628902 0.93500151 0.92058138 0.88051456 0.94194729 0.9380902
 0.93429469 0.92614743]

FG wv is [0.         0.24849328 0.         0.         0.         0.
 0.         0.         0.         0.         0.         0.
 0.         0.         0.         0.         0.         0.
 0.         0.         0.         0.         0.         0.
 0.         0.         0.         0.         0.         0.
 0.         0.         0.         0.         0.         0.
 1.         0.         0.         0.         0.         0.
