###############################################################################################################################################################                   Begin label_5_sybils_sim Simulation              ###############################################################################################################################################################Starting Machine:
Loading Data...

Data Distributions:
normal (0) abnormal(1)
attack
0     9490
1    14400
dtype: int64
Data Proto Distributions:
normal (0) abnormal(1)
proto
arp            467
icmp            12
igmp             2
ipv6-icmp       88
rarp             1
tcp           8447
udp          14873
dtype: int64

Pre-Processing DataHead of Data Frame
   pkSeqID  flgs  proto  sport  ...  TnPPerProto  TnPPerDport      avgPD  attack
0     4340     1      2    0.0  ...      5525931      1322674  10.933030       0
1    24313     1      2    0.0  ...      4994350      1045163  10.965459       0
2    29744     1      2    0.0  ...      4407386      1131789  11.010636       0
3    65173     1      2    0.0  ...      4472728       972058  11.960652       0
4    93800     1      2    0.0  ...      3608282       845792  12.280588       0

[5 rows x 30 columns]
Check Data is CleanNull ValuespkSeqID        0
flgs           0
proto          0
sport          0
dport          0
pkts           0
bytes          0
state          0
seq            0
dur            0
mean           0
stddev         0
sum            0
min            0
max            0
spkts          0
dpkts          0
sbytes         0
dbytes         0
rate           0
srate          0
drate          0
TnBPsrcIP      0
TnBPDstIP      0
TnPPSrcIP      0
TnPPDstIP      0
TnPPerProto    0
TnPPerDport    0
avgPD          0
attack         0
dtype: int64

Data Features: 29 | LSTM Timesteps: 80
Create Clients: 10

Create Label Flip Sybils: 5

Flipping Labels

Flipping Labels

Flipping Labels

Flipping Labels

Flipping Labels

Number of total clients and sybils 15

Simulate Models Sent to Clients

Total time for client_1 : local training was 10.798603600007482
Total time for client_2 : local training was 10.889136499987217
Total time for client_3 : local training was 10.53222310001729
Total time for client_4 : local training was 10.682727600011276
Total time for client_5 : local training was 10.406555699999444
Total time for client_6 : local training was 10.44413610000629
Total time for client_7 : local training was 10.722330699994927
Total time for client_8 : local training was 10.308101700007683
Total time for client_9 : local training was 10.927559200004907
Total time for client_10 : local training was 10.72944439999992
Total time for client_11 : local training was 13.474038099986501
Total time for client_12 : local training was 13.23894450001535
Total time for client_13 : local training was 13.657115699985297
Total time for client_14 : local training was 13.7290635999816
Total time for client_15 : local training was 13.696421299973736

Total Client Grads Scaled : 15 unscaled 15

aggregate_gradients Total Client Grads: 15

TS-SS Similarity is
 [[-2.         -0.24531154 -0.30131141 -0.15658953 -0.39003814 -0.26215141
   0.11707239  0.15811443 -0.67076701 -0.43605976 -0.14464249 -0.45089711
   0.25241725 -0.67091636 -0.56746452]
 [-0.24531154 -2.         -0.39618002 -0.3930437   0.56603987 -0.47790762
  -0.48513096 -0.7078778  -0.4833741  -0.07107251 -0.34796934 -0.04022948
  -0.40536791 -0.05932701  0.12563478]
 [-0.30131141 -0.39618002 -2.         -0.55367457  0.48483789 -0.67559917
   0.65590108  0.2813472  -0.29998924  0.0514656   0.38653005 -0.75891374
   0.540639   -0.01233056  0.23963667]
 [-0.15658953 -0.3930437  -0.55367457 -2.          0.31575456 -0.65287909
   0.47642872 -0.11410336  0.02524769 -0.0816545   0.63748158 -0.38312817
   0.09808018  0.22517736  0.75665153]
 [-0.39003814  0.56603987  0.48483789  0.31575456 -2.          0.12002242
   0.86761119  0.78580292  0.00718081  0.28639025  0.77114176  0.51429372
   1.          0.07494424  0.64160282]
 [-0.26215141 -0.47790762 -0.67559917 -0.65287909  0.12002242 -2.
   0.50739167 -0.06089317 -0.23257409 -0.07735754  0.43001592 -0.46096613
   0.08010458  0.0151173   0.45591014]
 [ 0.11707239 -0.48513096  0.65590108  0.47642872  0.86761119  0.50739167
  -2.         -0.74094125 -0.5362419   0.10724    -0.62345549  0.78525534
  -0.45994595  0.1485812   0.39322676]
 [ 0.15811443 -0.7078778   0.2813472  -0.11410336  0.78580292 -0.06089317
  -0.74094125 -2.         -0.2961066   0.18929128 -0.59063648  0.64138108
  -0.56360956  0.45138959  0.72899481]
 [-0.67076701 -0.4833741  -0.29998924  0.02524769  0.00718081 -0.23257409
  -0.5362419  -0.2961066  -2.         -0.36028647 -0.57252628 -0.36612037
  -0.28901952 -0.54259903 -0.55611079]
 [-0.43605976 -0.07107251  0.0514656  -0.0816545   0.28639025 -0.07735754
   0.10724     0.18929128 -0.36028647 -2.          0.50171118 -0.10231178
  -0.37005678 -0.58952802 -0.03471322]
 [-0.14464249 -0.34796934  0.38653005  0.63748158  0.77114176  0.43001592
  -0.62345549 -0.59063648 -0.57252628  0.50171118 -2.          0.4208222
  -0.03336647  0.25777937  0.03264992]
 [-0.45089711 -0.04022948 -0.75891374 -0.38312817  0.51429372 -0.46096613
   0.78525534  0.64138108 -0.36612037 -0.10231178  0.4208222  -2.
   0.58085501 -0.16583598  0.01209927]
 [ 0.25241725 -0.40536791  0.540639    0.09808018  1.          0.08010458
  -0.45994595 -0.56360956 -0.28901952 -0.37005678 -0.03336647  0.58085501
  -2.         -0.01721964  0.59855638]
 [-0.67091636 -0.05932701 -0.01233056  0.22517736  0.07494424  0.0151173
   0.1485812   0.45138959 -0.54259903 -0.58952802  0.25777937 -0.16583598
  -0.01721964 -2.         -0.43285863]
 [-0.56746452  0.12563478  0.23963667  0.75665153  0.64160282  0.45591014
   0.39322676  0.72899481 -0.55611079 -0.03471322  0.03264992  0.01209927
   0.59855638 -0.43285863 -2.        ]]

Maxsm is
 [0.25241725 0.56603987 0.65590108 0.75665153 1.         0.50739167
 0.86761119 0.78580292 0.02524769 0.50171118 0.77114176 0.78525534
 1.         0.45138959 0.75665153]


TS-SS wv is [1.         1.         1.         0.         0.         1.
 0.         0.         1.         1.         0.         0.81949919
 0.         1.         0.        ]

TS-SS wv sum weight % is
 0.5212999462648745

############################################################################################

############################################################################################

comm_round: 0 | global_acc: 59.131% | global_f1: 0.7431713373536716 | global_precision: 0.5913068021450748 | global bin 0.5913068056106567

Simulate Models Sent to Clients

Total time for client_1 : local training was 10.787210699985735
Total time for client_2 : local training was 10.895831899979385
Total time for client_3 : local training was 10.340764099993976
Total time for client_4 : local training was 10.905183900002157
Total time for client_5 : local training was 10.42264589999104
Total time for client_6 : local training was 10.853329200006556
Total time for client_7 : local training was 10.786865999980364
Total time for client_8 : local training was 10.481703400000697
Total time for client_9 : local training was 10.730882699979702
Total time for client_10 : local training was 10.756141100020614
Total time for client_11 : local training was 13.336369800003013
Total time for client_12 : local training was 13.507343800010858
Total time for client_13 : local training was 13.877274200000102
Total time for client_14 : local training was 13.389715600002091
Total time for client_15 : local training was 13.449163799989037

Total Client Grads Scaled : 15 unscaled 15

aggregate_gradients Total Client Grads: 15

TS-SS Similarity is
 [[-2.         -0.92440142 -0.4178081  -0.96902762 -0.97917918 -0.93651122
  -0.97691282 -0.97823498 -0.96725027 -0.98739383 -0.69738734 -0.46055204
  -0.54521172 -0.68736426 -0.02578297]
 [-0.92440142 -2.         -0.75353078 -0.94500853 -0.95520482 -0.86918859
  -0.95441427 -0.97150945 -0.92711607 -0.95179654 -0.73466691 -0.42684186
  -0.56986805 -0.60327888 -0.48019238]
 [-0.4178081  -0.75353078 -2.         -0.41641686 -0.47519235 -0.56005699
  -0.41560443 -0.54439309 -0.43762308 -0.51408057  0.30259357  1.
   0.31391153 -0.05405456  0.03961838]
 [-0.96902762 -0.94500853 -0.41641686 -2.         -0.97418429 -0.88963608
  -0.98381833 -0.98416888 -0.92844784 -0.97212058 -0.64911232 -0.41475755
  -0.42864652 -0.52019453 -0.08161614]
 [-0.97917918 -0.95520482 -0.47519235 -0.97418429 -2.         -0.88205497
  -0.99030947 -0.99010406 -0.9734147  -0.98965194 -0.76429551 -0.5940642
  -0.62160945 -0.64524343 -0.28689994]
 [-0.93651122 -0.86918859 -0.56005699 -0.88963608 -0.88205497 -2.
  -0.89254677 -0.90286553 -0.89410081 -0.91970921 -0.43627023 -0.08644774
  -0.42440024 -0.65789645  0.27806206]
 [-0.97691282 -0.95441427 -0.41560443 -0.98381833 -0.99030947 -0.89254677
  -2.         -0.98932383 -0.95415697 -0.98538099 -0.7443494  -0.56852949
  -0.57586662 -0.61306322 -0.19069096]
 [-0.97823498 -0.97150945 -0.54439309 -0.98416888 -0.99010406 -0.90286553
  -0.98932383 -2.         -0.96591425 -0.98882206 -0.73518421 -0.51762892
  -0.57102372 -0.60686019 -0.26819602]
 [-0.96725027 -0.92711607 -0.43762308 -0.92844784 -0.9734147  -0.89410081
  -0.95415697 -0.96591425 -2.         -0.98012415 -0.74761055 -0.46745702
  -0.59978539 -0.64561875 -0.15289264]
 [-0.98739383 -0.95179654 -0.51408057 -0.97212058 -0.98965194 -0.91970921
  -0.98538099 -0.98882206 -0.98012415 -2.         -0.74318516 -0.52833176
  -0.60913211 -0.68735307 -0.21827677]
 [-0.69738734 -0.73466691  0.30259357 -0.64911232 -0.76429551 -0.43627023
  -0.7443494  -0.73518421 -0.74761055 -0.74318516 -2.         -0.89653951
  -0.87291756 -0.78026492 -0.67482469]
 [-0.46055204 -0.42684186  1.         -0.41475755 -0.5940642  -0.08644774
  -0.56852949 -0.51762892 -0.46745702 -0.52833176 -0.89653951 -2.
  -0.92585859 -0.70612451 -0.76953711]
 [-0.54521172 -0.56986805  0.31391153 -0.42864652 -0.62160945 -0.42440024
  -0.57586662 -0.57102372 -0.59978539 -0.60913211 -0.87291756 -0.92585859
  -2.         -0.84945155 -0.80547734]
 [-0.68736426 -0.60327888 -0.05405456 -0.52019453 -0.64524343 -0.65789645
  -0.61306322 -0.60686019 -0.64561875 -0.68735307 -0.78026492 -0.70612451
  -0.84945155 -2.         -0.59218279]
 [-0.02578297 -0.48019238  0.03961838 -0.08161614 -0.28689994  0.27806206
  -0.19069096 -0.26819602 -0.15289264 -0.21827677 -0.67482469 -0.76953711
  -0.80547734 -0.59218279 -2.        ]]

Maxsm is
 [-0.02578297 -0.42684186  1.         -0.08161614 -0.28689994  0.27806206
 -0.19069096 -0.26819602 -0.15289264 -0.21827677  0.30259357  1.
  0.31391153 -0.05405456  0.27806206]


TS-SS wv is [1. 1. 0. 1. 1. 1. 1. 1. 1. 1. 1. 0. 1. 1. 1.]

TS-SS wv sum weight % is
 0.8666666666666667

CS Similarity is
 [[ 2.22044605e-16  9.98607184e-01  9.93065837e-01  9.99492253e-01
   9.99506194e-01  9.98854533e-01  9.99526694e-01  9.99539786e-01
   9.99355420e-01  9.99685791e-01  9.97410516e-01  9.96462919e-01
   9.96880029e-01  9.97369967e-01  9.93564355e-01]
 [ 9.98607184e-01  0.00000000e+00  9.96335394e-01  9.99004762e-01
   9.99125967e-01  9.97755281e-01  9.99030845e-01  9.99337315e-01
   9.98784415e-01  9.99032745e-01  9.97879498e-01  9.96402475e-01
   9.97219920e-01  9.96824741e-01  9.96645704e-01]
 [ 9.93065837e-01  9.96335394e-01 -2.22044605e-16  9.93385337e-01
   9.93599508e-01  9.94450748e-01  9.93104672e-01  9.94214394e-01
   9.93508931e-01  9.93868800e-01  9.90681543e-01  9.88502470e-01
   9.91644170e-01  9.92871459e-01  9.93260779e-01]
 [ 9.99492253e-01  9.99004762e-01  9.93385337e-01  2.22044605e-16
   9.99593885e-01  9.98098675e-01  9.99680427e-01  9.99699383e-01
   9.98980964e-01  9.99529652e-01  9.97432391e-01  9.96643301e-01
   9.96542498e-01  9.96484623e-01  9.94447631e-01]
 [ 9.99506194e-01  9.99125967e-01  9.93599508e-01  9.99593885e-01
   2.22044605e-16  9.98077966e-01  9.99807518e-01  9.99793813e-01
   9.99457363e-01  9.99745690e-01  9.97985621e-01  9.97387098e-01
   9.97424342e-01  9.96987854e-01  9.95145724e-01]
 [ 9.98854533e-01  9.97755281e-01  9.94450748e-01  9.98098675e-01
   9.98077966e-01  6.66133815e-16  9.98052128e-01  9.98227291e-01
   9.98378531e-01  9.98571848e-01  9.95602361e-01  9.94380544e-01
   9.96300075e-01  9.97363206e-01  9.92180669e-01]
 [ 9.99526694e-01  9.99030845e-01  9.93104672e-01  9.99680427e-01
   9.99807518e-01  9.98052128e-01  2.22044605e-16  9.99726765e-01
   9.99227317e-01  9.99683420e-01  9.98000695e-01  9.97425558e-01
   9.97304252e-01  9.96942821e-01  9.94798120e-01]
 [ 9.99539786e-01  9.99337315e-01  9.94214394e-01  9.99699383e-01
   9.99793813e-01  9.98227291e-01  9.99726765e-01  2.22044605e-16
   9.99407575e-01  9.99746826e-01  9.97891202e-01  9.97032958e-01
   9.97236459e-01  9.96861341e-01  9.95246243e-01]
 [ 9.99355420e-01  9.98784415e-01  9.93508931e-01  9.98980964e-01
   9.99457363e-01  9.98378531e-01  9.99227317e-01  9.99407575e-01
   6.66133815e-16  9.99610090e-01  9.97677383e-01  9.96292960e-01
   9.97082829e-01  9.96820753e-01  9.94087288e-01]
 [ 9.99685791e-01  9.99032745e-01  9.93868800e-01  9.99529652e-01
   9.99745690e-01  9.98571848e-01  9.99683420e-01  9.99746826e-01
   9.99610090e-01  6.66133815e-16  9.97846908e-01  9.96973457e-01
   9.97389784e-01  9.97401971e-01  9.94778795e-01]
 [ 9.97410516e-01  9.97879498e-01  9.90681543e-01  9.97432391e-01
   9.97985621e-01  9.95602361e-01  9.98000695e-01  9.97891202e-01
   9.97677383e-01  9.97846908e-01  4.44089210e-16  9.98760505e-01
   9.98372638e-01  9.96849988e-01  9.96411350e-01]
 [ 9.96462919e-01  9.96402475e-01  9.88502470e-01  9.96643301e-01
   9.97387098e-01  9.94380544e-01  9.97425558e-01  9.97032958e-01
   9.96292960e-01  9.96973457e-01  9.98760505e-01 -2.22044605e-16
   9.98773212e-01  9.96759110e-01  9.96872815e-01]
 [ 9.96880029e-01  9.97219920e-01  9.91644170e-01  9.96542498e-01
   9.97424342e-01  9.96300075e-01  9.97304252e-01  9.97236459e-01
   9.97082829e-01  9.97389784e-01  9.98372638e-01  9.98773212e-01
  -2.22044605e-16  9.98073563e-01  9.97215419e-01]
 [ 9.97369967e-01  9.96824741e-01  9.92871459e-01  9.96484623e-01
   9.96987854e-01  9.97363206e-01  9.96942821e-01  9.96861341e-01
   9.96820753e-01  9.97401971e-01  9.96849988e-01  9.96759110e-01
   9.98073563e-01  0.00000000e+00  9.95647091e-01]
 [ 9.93564355e-01  9.96645704e-01  9.93260779e-01  9.94447631e-01
   9.95145724e-01  9.92180669e-01  9.94798120e-01  9.95246243e-01
   9.94087288e-01  9.94778795e-01  9.96411350e-01  9.96872815e-01
   9.97215419e-01  9.95647091e-01  4.44089210e-16]]

Maxcs is 
 [0.99968579 0.99933732 0.99633539 0.99969938 0.99980752 0.99885453
 0.99980752 0.99979381 0.99961009 0.99974683 0.9987605  0.99877321
 0.99877321 0.99807356 0.99721542]

FG wv is [0.         0.         1.         0.         0.         0.
 0.         0.         0.         0.         0.         0.
 0.         0.07106714 1.        ]

FG wv sum weight % is 0.13807114233626389

############################################################################################

############################################################################################

comm_round: 1 | global_acc: 59.131% | global_f1: 0.7431713373536716 | global_precision: 0.5913068021450748 | global bin 0.5913068056106567

Simulate Models Sent to Clients

Total time for client_1 : local training was 10.87734899998759
Total time for client_2 : local training was 10.526613800000632
Total time for client_3 : local training was 10.90138670001761
Total time for client_4 : local training was 10.765690899977926
Total time for client_5 : local training was 10.293722100002924
Total time for client_6 : local training was 10.729802099987864
Total time for client_7 : local training was 10.636547600006452
Total time for client_8 : local training was 10.54057810001541
Total time for client_9 : local training was 10.916195500001777
Total time for client_10 : local training was 10.685532699979376
Total time for client_11 : local training was 13.350740299996687
Total time for client_12 : local training was 13.77931029998581
Total time for client_13 : local training was 13.474207199993543
Total time for client_14 : local training was 13.023509599996032
Total time for client_15 : local training was 13.814257799996994

Total Client Grads Scaled : 15 unscaled 15

aggregate_gradients Total Client Grads: 15

TS-SS Similarity is
 [[-2.         -0.96051726 -0.94903208 -0.95716745 -0.95921785 -0.92367475
  -0.88377914 -0.79457722 -0.96337717 -0.80469786 -0.37161226 -0.23912327
  -0.39024816 -0.48294567 -0.61459154]
 [-0.96051726 -2.         -0.94968182 -0.94203203 -0.94027551 -0.90357852
  -0.91809877 -0.84188046 -0.95365939 -0.83584146 -0.11265456  0.03039894
  -0.1445941  -0.31349399 -0.44506082]
 [-0.94903208 -0.94968182 -2.         -0.96740327 -0.9503757  -0.87908735
  -0.83875048 -0.70829459 -0.96682031 -0.76764514 -0.34262161 -0.20273484
  -0.32773411 -0.45989556 -0.54550626]
 [-0.95716745 -0.94203203 -0.96740327 -2.         -0.9722644  -0.91040548
  -0.88368146 -0.7673667  -0.9684187  -0.83941779 -0.36382754 -0.21995197
  -0.32888979 -0.45456959 -0.57020152]
 [-0.95921785 -0.94027551 -0.9503757  -0.9722644  -2.         -0.92667203
  -0.90481044 -0.79248526 -0.96893579 -0.86739703 -0.33350517 -0.19762331
  -0.29822903 -0.42159116 -0.51598131]
 [-0.92367475 -0.90357852 -0.87908735 -0.91040548 -0.92667203 -2.
  -0.92327855 -0.90582052 -0.89735045 -0.92741594 -0.01813445  0.15494306
   0.05576169 -0.18713333 -0.40346362]
 [-0.88377914 -0.91809877 -0.83875048 -0.88368146 -0.90481044 -0.92327855
  -2.         -0.95569082 -0.8553916  -0.95546301  0.33282846  0.57738865
   0.35877452  0.16164168 -0.13537402]
 [-0.79457722 -0.84188046 -0.70829459 -0.7673667  -0.79248526 -0.90582052
  -0.95569082 -2.         -0.74140872 -0.93602615  0.72415841  1.
   0.80741004  0.52398017  0.10924385]
 [-0.96337717 -0.95365939 -0.96682031 -0.9684187  -0.96893579 -0.89735045
  -0.8553916  -0.74140872 -2.         -0.76639199 -0.46391759 -0.37125432
  -0.47087492 -0.58388101 -0.61452115]
 [-0.80469786 -0.83584146 -0.76764514 -0.83941779 -0.86739703 -0.92741594
  -0.95546301 -0.93602615 -0.76639199 -2.          0.64160592  0.93538304
   0.69228104  0.4377211   0.07937089]
 [-0.37161226 -0.11265456 -0.34262161 -0.36382754 -0.33350517 -0.01813445
   0.33282846  0.72415841 -0.46391759  0.64160592 -2.         -0.9625538
  -0.95427635 -0.92365912 -0.91608748]
 [-0.23912327  0.03039894 -0.20273484 -0.21995197 -0.19762331  0.15494306
   0.57738865  1.         -0.37125432  0.93538304 -0.9625538  -2.
  -0.95322928 -0.92493447 -0.88529951]
 [-0.39024816 -0.1445941  -0.32773411 -0.32888979 -0.29822903  0.05576169
   0.35877452  0.80741004 -0.47087492  0.69228104 -0.95427635 -0.95322928
  -2.         -0.94159899 -0.90029464]
 [-0.48294567 -0.31349399 -0.45989556 -0.45456959 -0.42159116 -0.18713333
   0.16164168  0.52398017 -0.58388101  0.4377211  -0.92365912 -0.92493447
  -0.94159899 -2.         -0.92672205]
 [-0.61459154 -0.44506082 -0.54550626 -0.57020152 -0.51598131 -0.40346362
  -0.13537402  0.10924385 -0.61452115  0.07937089 -0.91608748 -0.88529951
  -0.90029464 -0.92672205 -2.        ]]

Maxsm is
 [-0.23912327  0.03039894 -0.20273484 -0.21995197 -0.19762331  0.15494306
  0.57738865  1.         -0.37125432  0.93538304  0.72415841  1.
  0.80741004  0.52398017  0.10924385]


TS-SS wv is [0.99910563 1.         1.         1.         1.         1.
 1.         0.         0.16769421 0.         1.         0.
 1.         1.         1.        ]

TS-SS wv sum weight % is
 0.7444533222536168

############################################################################################

############################################################################################

comm_round: 2 | global_acc: 59.131% | global_f1: 0.7431713373536716 | global_precision: 0.5913068021450748 | global bin 0.5913068056106567

Simulate Models Sent to Clients

Total time for client_1 : local training was 10.670427999983076
Total time for client_2 : local training was 10.518528400018113
Total time for client_3 : local training was 10.899323000019649
Total time for client_4 : local training was 10.703129100002116
Total time for client_5 : local training was 10.319000699993921
Total time for client_6 : local training was 10.839029700000538
Total time for client_7 : local training was 10.833815199992387
Total time for client_8 : local training was 10.701420299999882
Total time for client_9 : local training was 10.819286800018745
Total time for client_10 : local training was 10.29166129999794
Total time for client_11 : local training was 13.484313299995847
Total time for client_12 : local training was 13.62042439999641
Total time for client_13 : local training was 13.209825300000375
Total time for client_14 : local training was 13.956623800011585
Total time for client_15 : local training was 13.57450260000769

Total Client Grads Scaled : 15 unscaled 15

aggregate_gradients Total Client Grads: 15

TS-SS Similarity is
 [[-2.         -0.96225213 -0.92316446 -0.93093489 -0.89442058 -0.9111675
  -0.89508374 -0.93355243 -0.87569207 -0.93284477  0.77979249  0.46032335
   0.65695675  0.59662413  0.32818165]
 [-0.96225213 -2.         -0.94956278 -0.95453842 -0.94111165 -0.95730184
  -0.94250926 -0.95391308 -0.92330169 -0.94516362  0.54032505  0.24542002
   0.37620521  0.35603773  0.08926469]
 [-0.92316446 -0.94956278 -2.         -0.94682422 -0.8940259  -0.91336983
  -0.90369097 -0.91818628 -0.83820743 -0.95117614  0.91925002  0.65185722
   0.81638434  0.67487684  0.38930153]
 [-0.93093489 -0.95453842 -0.94682422 -2.         -0.88125892 -0.91733317
  -0.91718893 -0.92448839 -0.83680912 -0.93177771  0.80857186  0.48126744
   0.65883319  0.62396379  0.32149832]
 [-0.89442058 -0.94111165 -0.8940259  -0.88125892 -2.         -0.91535114
  -0.91123668 -0.92822454 -0.89274144 -0.90604049  0.68850751  0.51094903
   0.57601982  0.4956792   0.24306402]
 [-0.9111675  -0.95730184 -0.91336983 -0.91733317 -0.91535114 -2.
  -0.95320394 -0.91341408 -0.9425918  -0.92874997  0.38595844  0.13408581
   0.24404356  0.17415282 -0.00424167]
 [-0.89508374 -0.94250926 -0.90369097 -0.91718893 -0.91123668 -0.95320394
  -2.         -0.8881043  -0.92601906 -0.89868291  0.3700439   0.17370132
   0.29031631  0.1932654  -0.00417377]
 [-0.93355243 -0.95391308 -0.91818628 -0.92448839 -0.92822454 -0.91341408
  -0.8881043  -2.         -0.86605059 -0.90965582  0.69657485  0.37625885
   0.53484152  0.49150187  0.25437459]
 [-0.87569207 -0.92330169 -0.83820743 -0.83680912 -0.89274144 -0.9425918
  -0.92601906 -0.86605059 -2.         -0.83972277  0.02151643 -0.11198198
  -0.06438195 -0.09528598 -0.22200384]
 [-0.93284477 -0.94516362 -0.95117614 -0.93177771 -0.90604049 -0.92874997
  -0.89868291 -0.90965582 -0.83972277 -2.          1.          0.73944215
   0.85304678  0.76161464  0.49941052]
 [ 0.77979249  0.54032505  0.91925002  0.80857186  0.68850751  0.38595844
   0.3700439   0.69657485  0.02151643  1.         -2.         -0.90346072
  -0.9285767  -0.94193602 -0.86307093]
 [ 0.46032335  0.24542002  0.65185722  0.48126744  0.51094903  0.13408581
   0.17370132  0.37625885 -0.11198198  0.73944215 -0.90346072 -2.
  -0.93377637 -0.91178923 -0.88750092]
 [ 0.65695675  0.37620521  0.81638434  0.65883319  0.57601982  0.24404356
   0.29031631  0.53484152 -0.06438195  0.85304678 -0.9285767  -0.93377637
  -2.         -0.94495566 -0.88263092]
 [ 0.59662413  0.35603773  0.67487684  0.62396379  0.4956792   0.17415282
   0.1932654   0.49150187 -0.09528598  0.76161464 -0.94193602 -0.91178923
  -0.94495566 -2.         -0.88709923]
 [ 0.32818165  0.08926469  0.38930153  0.32149832  0.24306402 -0.00424167
  -0.00417377  0.25437459 -0.22200384  0.49941052 -0.86307093 -0.88750092
  -0.88263092 -0.88709923 -2.        ]]

Maxsm is
 [0.77979249 0.54032505 0.91925002 0.80857186 0.68850751 0.38595844
 0.3700439  0.69657485 0.02151643 1.         1.         0.73944215
 0.85304678 0.76161464 0.49941052]


TS-SS wv is [0.1086203  1.         0.         0.         1.         1.
 1.         1.         1.         0.         0.         0.45624218
 0.         0.51733035 1.        ]

TS-SS wv sum weight % is
 0.5388128551196598

############################################################################################

############################################################################################

comm_round: 3 | global_acc: 59.131% | global_f1: 0.7431713373536716 | global_precision: 0.5913068021450748 | global bin 0.5913068056106567

Simulate Models Sent to Clients

Total time for client_1 : local training was 10.440192400012165
Total time for client_2 : local training was 10.327972700004466
Total time for client_3 : local training was 10.688508800027194
Total time for client_4 : local training was 10.195366400002968
Total time for client_5 : local training was 10.64116759999888
Total time for client_6 : local training was 10.515019299986307
Total time for client_7 : local training was 10.332745699997758
Total time for client_8 : local training was 10.70893629998318
Total time for client_9 : local training was 10.642676999996183
Total time for client_10 : local training was 10.48904409998795
Total time for client_11 : local training was 14.002774299995508
Total time for client_12 : local training was 13.74867689999519
Total time for client_13 : local training was 13.295156499982113
Total time for client_14 : local training was 14.208150199992815
Total time for client_15 : local training was 13.29357790001086

Total Client Grads Scaled : 15 unscaled 15

aggregate_gradients Total Client Grads: 15

TS-SS Similarity is
 [[-2.         -0.97911311 -0.95367634 -0.96348638 -0.97502451 -0.97990409
  -0.95637749 -0.9807125  -0.95075126 -0.97613002  0.24300845  0.54523648
   0.72088343  0.4682682   0.62893561]
 [-0.97911311 -2.         -0.96234034 -0.96566993 -0.97890624 -0.98113757
  -0.95488212 -0.9754959  -0.96399022 -0.97111775  0.26261801  0.59594604
   0.69931373  0.48686964  0.67951584]
 [-0.95367634 -0.96234034 -2.         -0.93813529 -0.95191631 -0.95988336
  -0.90044001 -0.95292562 -0.97841909 -0.94063903  0.50488545  0.85152966
   1.          0.75473559  0.92882336]
 [-0.96348638 -0.96566993 -0.93813529 -2.         -0.97907034 -0.97197177
  -0.94607998 -0.97356838 -0.95102223 -0.95894546  0.06854103  0.28942943
   0.39714132  0.23668047  0.43811278]
 [-0.97502451 -0.97890624 -0.95191631 -0.97907034 -2.         -0.98101853
  -0.95446705 -0.97704062 -0.96405751 -0.96551114  0.14277898  0.36611595
   0.50228433  0.2761805   0.40754081]
 [-0.97990409 -0.98113757 -0.95988336 -0.97197177 -0.98101853 -2.
  -0.95184972 -0.97524887 -0.95831975 -0.96238897  0.11843429  0.374605
   0.4804092   0.28788444  0.50707634]
 [-0.95637749 -0.95488212 -0.90044001 -0.94607998 -0.95446705 -0.95184972
  -2.         -0.96301697 -0.90576744 -0.95967729 -0.06178311  0.2362792
   0.29358513  0.13296816  0.29611329]
 [-0.9807125  -0.9754959  -0.95292562 -0.97356838 -0.97704062 -0.97524887
  -0.96301697 -2.         -0.96255001 -0.97171259  0.11006863  0.3790218
   0.53341213  0.26506442  0.42836817]
 [-0.95075126 -0.96399022 -0.97841909 -0.95102223 -0.96405751 -0.95831975
  -0.90576744 -0.96255001 -2.         -0.93956299  0.35353537  0.61607195
   0.81595091  0.52828706  0.745767  ]
 [-0.97613002 -0.97111775 -0.94063903 -0.95894546 -0.96551114 -0.96238897
  -0.95967729 -0.97171259 -0.93956299 -2.          0.28339234  0.61752791
   0.70260379  0.51676601  0.68198994]
 [ 0.24300845  0.26261801  0.50488545  0.06854103  0.14277898  0.11843429
  -0.06178311  0.11006863  0.35353537  0.28339234 -2.         -0.94713474
  -0.92776702 -0.95037125 -0.84732448]
 [ 0.54523648  0.59594604  0.85152966  0.28942943  0.36611595  0.374605
   0.2362792   0.3790218   0.61607195  0.61752791 -0.94713474 -2.
  -0.94250778 -0.97033811 -0.88976306]
 [ 0.72088343  0.69931373  1.          0.39714132  0.50228433  0.4804092
   0.29358513  0.53341213  0.81595091  0.70260379 -0.92776702 -0.94250778
  -2.         -0.93495524 -0.84021011]
 [ 0.4682682   0.48686964  0.75473559  0.23668047  0.2761805   0.28788444
   0.13296816  0.26506442  0.52828706  0.51676601 -0.95037125 -0.97033811
  -0.93495524 -2.         -0.88940704]
 [ 0.62893561  0.67951584  0.92882336  0.43811278  0.40754081  0.50707634
   0.29611329  0.42836817  0.745767    0.68198994 -0.84732448 -0.88976306
  -0.84021011 -0.88940704 -2.        ]]

Maxsm is
 [0.72088343 0.69931373 1.         0.43811278 0.50228433 0.50707634
 0.29611329 0.53341213 0.81595091 0.70260379 0.50488545 0.85152966
 1.         0.75473559 0.92882336]


TS-SS wv is [1.         1.         0.         1.         1.         1.
 1.         1.         0.39570573 1.         1.         0.02860434
 0.         0.44208675 0.        ]

TS-SS wv sum weight % is
 0.6577597877188629

############################################################################################

############################################################################################

comm_round: 4 | global_acc: 59.131% | global_f1: 0.7431713373536716 | global_precision: 0.5913068021450748 | global bin 0.5913068056106567

Simulate Models Sent to Clients

Total time for client_1 : local training was 10.852831099997275
Total time for client_2 : local training was 10.749463799991645
Total time for client_3 : local training was 10.440807399980258
Total time for client_4 : local training was 10.567153199983295
Total time for client_5 : local training was 10.903717299981508
Total time for client_6 : local training was 10.343432499998016
Total time for client_7 : local training was 10.986882700002752
Total time for client_8 : local training was 10.681357699999353
Total time for client_9 : local training was 10.449482099997113
Total time for client_10 : local training was 10.870677300001262
Total time for client_11 : local training was 13.771573099977104
Total time for client_12 : local training was 13.508340400003362
Total time for client_13 : local training was 13.758284699986689
Total time for client_14 : local training was 13.972592300007818
Total time for client_15 : local training was 13.108007100003306

Total Client Grads Scaled : 15 unscaled 15

aggregate_gradients Total Client Grads: 15

TS-SS Similarity is
 [[-2.         -0.95476576 -0.95756873 -0.98931194 -0.68616548 -0.96518304
  -0.95144271 -0.96045735 -0.93408218 -0.98109346 -0.5622784  -0.55101372
  -0.52661638 -0.32099308 -0.4102372 ]
 [-0.95476576 -2.         -0.96975408 -0.96160982 -0.77000478 -0.97057961
  -0.96976253 -0.97317619 -0.95489602 -0.97055833 -0.32591743 -0.30131173
  -0.30655002 -0.09112928 -0.15456691]
 [-0.95756873 -0.96975408 -2.         -0.95920068 -0.74669515 -0.95410773
  -0.95675812 -0.9604966  -0.94509238 -0.9609818  -0.40189715 -0.37288483
  -0.33080525 -0.08153881 -0.13641916]
 [-0.98931194 -0.96160982 -0.95920068 -2.         -0.6881113  -0.96549459
  -0.95481719 -0.95648641 -0.94138568 -0.98137924 -0.53938559 -0.52894196
  -0.49924527 -0.31362852 -0.38148093]
 [-0.68616548 -0.77000478 -0.74669515 -0.6881113  -2.         -0.77985164
  -0.77793407 -0.78743297 -0.7888921  -0.70550687  0.56053255  0.57610238
   0.60429995  1.          0.83279311]
 [-0.96518304 -0.97057961 -0.95410773 -0.96549459 -0.77985164 -2.
  -0.97879163 -0.97167899 -0.97085806 -0.9678072  -0.32949292 -0.32236908
  -0.31548794 -0.08834492 -0.14268757]
 [-0.95144271 -0.96976253 -0.95675812 -0.95481719 -0.77793407 -0.97879163
  -2.         -0.96449159 -0.96400603 -0.95988727 -0.30700005 -0.31000093
  -0.26278746 -0.00576987 -0.09709573]
 [-0.96045735 -0.97317619 -0.9604966  -0.95648641 -0.78743297 -0.97167899
  -0.96449159 -2.         -0.94890926 -0.96136259 -0.34753243 -0.33615471
  -0.33889736 -0.06383648 -0.14009311]
 [-0.93408218 -0.95489602 -0.94509238 -0.94138568 -0.7888921  -0.97085806
  -0.96400603 -0.94890926 -2.         -0.94127986 -0.21467609 -0.2161293
  -0.22337178  0.09390398  0.05257521]
 [-0.98109346 -0.97055833 -0.9609818  -0.98137924 -0.70550687 -0.9678072
  -0.95988727 -0.96136259 -0.94127986 -2.         -0.49157533 -0.4632052
  -0.46178213 -0.22879067 -0.32714432]
 [-0.5622784  -0.32591743 -0.40189715 -0.53938559  0.56053255 -0.32949292
  -0.30700005 -0.34753243 -0.21467609 -0.49157533 -2.         -0.93583095
  -0.92521385 -0.87930142 -0.89685844]
 [-0.55101372 -0.30131173 -0.37288483 -0.52894196  0.57610238 -0.32236908
  -0.31000093 -0.33615471 -0.2161293  -0.4632052  -0.93583095 -2.
  -0.94977556 -0.90417827 -0.93313834]
 [-0.52661638 -0.30655002 -0.33080525 -0.49924527  0.60429995 -0.31548794
  -0.26278746 -0.33889736 -0.22337178 -0.46178213 -0.92521385 -0.94977556
  -2.         -0.90407371 -0.92640287]
 [-0.32099308 -0.09112928 -0.08153881 -0.31362852  1.         -0.08834492
  -0.00576987 -0.06383648  0.09390398 -0.22879067 -0.87930142 -0.90417827
  -0.90407371 -2.         -0.95795437]
 [-0.4102372  -0.15456691 -0.13641916 -0.38148093  0.83279311 -0.14268757
  -0.09709573 -0.14009311  0.05257521 -0.32714432 -0.89685844 -0.93313834
  -0.92640287 -0.95795437 -2.        ]]

Maxsm is
 [-0.32099308 -0.09112928 -0.08153881 -0.31362852  1.         -0.08834492
 -0.00576987 -0.06383648  0.09390398 -0.22879067  0.56053255  0.57610238
  0.60429995  1.          0.83279311]


TS-SS wv is [1. 1. 1. 1. 0. 1. 1. 1. 1. 1. 1. 1. 1. 0. 1.]

TS-SS wv sum weight % is
 0.8666666666666667

CS Similarity is
 [[ 6.66133815e-16  9.99743628e-01  9.99705679e-01  9.99875218e-01
   9.98863192e-01  9.99849863e-01  9.99809063e-01  9.99747975e-01
   9.99727118e-01  9.99831765e-01  9.99619249e-01  9.99715644e-01
   9.99650472e-01  9.99688133e-01  9.99766285e-01]
 [ 9.99743628e-01  6.66133815e-16  9.99681841e-01  9.99767249e-01
   9.98776498e-01  9.99659824e-01  9.99702461e-01  9.99700294e-01
   9.99593395e-01  9.99778344e-01  9.99417151e-01  9.99501894e-01
   9.99519379e-01  9.99632019e-01  9.99629041e-01]
 [ 9.99705679e-01  9.99681841e-01 -2.22044605e-16  9.99689162e-01
   9.98764410e-01  9.99556175e-01  9.99639968e-01  9.99550889e-01
   9.99574872e-01  9.99636201e-01  9.99510165e-01  9.99574910e-01
   9.99468655e-01  9.99506959e-01  9.99482491e-01]
 [ 9.99875218e-01  9.99767249e-01  9.99689162e-01  4.44089210e-16
   9.98808412e-01  9.99824042e-01  9.99801366e-01  9.99684927e-01
   9.99741936e-01  9.99812979e-01  9.99601890e-01  9.99702884e-01
   9.99623816e-01  9.99719263e-01  9.99747357e-01]
 [ 9.98863192e-01  9.98776498e-01  9.98764410e-01  9.98808412e-01
   8.88178420e-16  9.98780428e-01  9.98651278e-01  9.98960109e-01
   9.98653491e-01  9.98749050e-01  9.98251437e-01  9.98426632e-01
   9.98369926e-01  9.98450742e-01  9.98571005e-01]
 [ 9.99849863e-01  9.99659824e-01  9.99556175e-01  9.99824042e-01
   9.98780428e-01  2.22044605e-16  9.99771682e-01  9.99707801e-01
   9.99717658e-01  9.99778490e-01  9.99480144e-01  9.99604642e-01
   9.99591832e-01  9.99671603e-01  9.99650847e-01]
 [ 9.99809063e-01  9.99702461e-01  9.99639968e-01  9.99801366e-01
   9.98651278e-01  9.99771682e-01  4.44089210e-16  9.99690778e-01
   9.99592450e-01  9.99768665e-01  9.99533237e-01  9.99676686e-01
   9.99570959e-01  9.99613068e-01  9.99658077e-01]
 [ 9.99747975e-01  9.99700294e-01  9.99550889e-01  9.99684927e-01
   9.98960109e-01  9.99707801e-01  9.99690778e-01  1.33226763e-15
   9.99585540e-01  9.99657798e-01  9.99395707e-01  9.99514570e-01
   9.99525839e-01  9.99504396e-01  9.99525970e-01]
 [ 9.99727118e-01  9.99593395e-01  9.99574872e-01  9.99741936e-01
   9.98653491e-01  9.99717658e-01  9.99592450e-01  9.99585540e-01
   1.11022302e-15  9.99660239e-01  9.99363376e-01  9.99518225e-01
   9.99539424e-01  9.99481515e-01  9.99417157e-01]
 [ 9.99831765e-01  9.99778344e-01  9.99636201e-01  9.99812979e-01
   9.98749050e-01  9.99778490e-01  9.99768665e-01  9.99657798e-01
   9.99660239e-01  4.44089210e-16  9.99582857e-01  9.99639325e-01
   9.99639311e-01  9.99648675e-01  9.99734535e-01]
 [ 9.99619249e-01  9.99417151e-01  9.99510165e-01  9.99601890e-01
   9.98251437e-01  9.99480144e-01  9.99533237e-01  9.99395707e-01
   9.99363376e-01  9.99582857e-01  4.44089210e-16  9.99482900e-01
   9.99406899e-01  9.99507628e-01  9.99510791e-01]
 [ 9.99715644e-01  9.99501894e-01  9.99574910e-01  9.99702884e-01
   9.98426632e-01  9.99604642e-01  9.99676686e-01  9.99514570e-01
   9.99518225e-01  9.99639325e-01  9.99482900e-01  8.88178420e-16
   9.99525635e-01  9.99557368e-01  9.99648378e-01]
 [ 9.99650472e-01  9.99519379e-01  9.99468655e-01  9.99623816e-01
   9.98369926e-01  9.99591832e-01  9.99570959e-01  9.99525839e-01
   9.99539424e-01  9.99639311e-01  9.99406899e-01  9.99525635e-01
  -1.11022302e-16  9.99554357e-01  9.99603852e-01]
 [ 9.99688133e-01  9.99632019e-01  9.99506959e-01  9.99719263e-01
   9.98450742e-01  9.99671603e-01  9.99613068e-01  9.99504396e-01
   9.99481515e-01  9.99648675e-01  9.99507628e-01  9.99557368e-01
   9.99554357e-01  4.44089210e-16  9.99666698e-01]
 [ 9.99766285e-01  9.99629041e-01  9.99482491e-01  9.99747357e-01
   9.98571005e-01  9.99650847e-01  9.99658077e-01  9.99525970e-01
   9.99417157e-01  9.99734535e-01  9.99510791e-01  9.99648378e-01
   9.99603852e-01  9.99666698e-01  6.66133815e-16]]

Maxcs is 
 [0.99987522 0.99977834 0.99970568 0.99987522 0.99896011 0.99984986
 0.99980906 0.99974798 0.99974194 0.99983176 0.99961925 0.99971564
 0.99965047 0.99971926 0.99976629]

FG wv is [0. 0. 0. 0. 1. 0. 0. 0. 0. 0. 0. 0. 0. 0. 0.]

FG wv sum weight % is 0.06666666666666667

############################################################################################

############################################################################################

comm_round: 5 | global_acc: 59.131% | global_f1: 0.7431713373536716 | global_precision: 0.5913068021450748 | global bin 0.5913068056106567

Simulate Models Sent to Clients

Total time for client_1 : local training was 10.768696700019063
Total time for client_2 : local training was 10.284310299990466
Total time for client_3 : local training was 10.268276799994055
Total time for client_4 : local training was 10.710148400015896
Total time for client_5 : local training was 10.370638899999904
Total time for client_6 : local training was 10.705133300012676
Total time for client_7 : local training was 10.638402400014456
Total time for client_8 : local training was 10.420799399988027
Total time for client_9 : local training was 10.92627949998132
Total time for client_10 : local training was 10.745899800007464
Total time for client_11 : local training was 13.3105403999798
Total time for client_12 : local training was 13.98948129999917
Total time for client_13 : local training was 13.817819199990481
Total time for client_14 : local training was 13.245142400002806
Total time for client_15 : local training was 13.855819899996277

Total Client Grads Scaled : 15 unscaled 15

aggregate_gradients Total Client Grads: 15

TS-SS Similarity is
 [[-2.         -0.95476904 -0.96694448 -0.9153289  -0.93041836 -0.85913173
  -0.957833   -0.96320444 -0.94428345 -0.9367153   0.25102171  0.04318135
   0.813959    0.43565601  1.        ]
 [-0.95476904 -2.         -0.9291988  -0.9290054  -0.94384326 -0.89560437
  -0.96285951 -0.95055008 -0.95783819 -0.95550974  0.17222752 -0.0112765
   0.70280377  0.32605008  0.90006823]
 [-0.96694448 -0.9291988  -2.         -0.88698362 -0.91823913 -0.84683973
  -0.95498973 -0.94651531 -0.95229744 -0.93655387  0.30042218  0.09547017
   0.86779715  0.54690091  0.96550685]
 [-0.9153289  -0.9290054  -0.88698362 -2.         -0.94382728 -0.94457076
  -0.92238368 -0.90161472 -0.93733718 -0.93699281 -0.09867892 -0.28389338
   0.26296879  0.07868852  0.39389128]
 [-0.93041836 -0.94384326 -0.91823913 -0.94382728 -2.         -0.92885459
  -0.94072306 -0.93025967 -0.9581263  -0.94788987  0.04989793 -0.1108484
   0.53292088  0.22975404  0.71845698]
 [-0.85913173 -0.89560437 -0.84683973 -0.94457076 -0.92885459 -2.
  -0.88807136 -0.87951225 -0.90607817 -0.9141603  -0.19011302 -0.41979373
   0.12404223 -0.05849917  0.30990026]
