###############################################################################################################################################################                   Begin label_5_sybils_asf Simulation              ###############################################################################################################################################################Starting Machine:
Loading Data...

Data Distributions:
normal (0) abnormal(1)
attack
0     9490
1    14400
dtype: int64
Data Proto Distributions:
normal (0) abnormal(1)
proto
arp            467
icmp            12
igmp             2
ipv6-icmp       88
rarp             1
tcp           8447
udp          14873
dtype: int64

Pre-Processing DataHead of Data Frame
   pkSeqID  flgs  proto  sport  ...  TnPPerProto  TnPPerDport      avgPD  attack
0     4340     1      2    0.0  ...      5525931      1322674  10.933030       0
1    24313     1      2    0.0  ...      4994350      1045163  10.965459       0
2    29744     1      2    0.0  ...      4407386      1131789  11.010636       0
3    65173     1      2    0.0  ...      4472728       972058  11.960652       0
4    93800     1      2    0.0  ...      3608282       845792  12.280588       0

[5 rows x 30 columns]
Check Data is CleanNull ValuespkSeqID        0
flgs           0
proto          0
sport          0
dport          0
pkts           0
bytes          0
state          0
seq            0
dur            0
mean           0
stddev         0
sum            0
min            0
max            0
spkts          0
dpkts          0
sbytes         0
dbytes         0
rate           0
srate          0
drate          0
TnBPsrcIP      0
TnBPDstIP      0
TnPPSrcIP      0
TnPPDstIP      0
TnPPerProto    0
TnPPerDport    0
avgPD          0
attack         0
dtype: int64

Data Features: 29 | LSTM Timesteps: 80
Create Clients: 10

Create Label Flip Sybils: 5

Flipping Labels

Flipping Labels

Flipping Labels

Flipping Labels

Flipping Labels

Number of total clients and sybils 15

Simulate Models Sent to Clients

Total time for client_1 : local training was 10.684311899996828
Total time for client_2 : local training was 10.698849600012181
Total time for client_3 : local training was 10.879683600011049
Total time for client_4 : local training was 10.416391899998416
Total time for client_5 : local training was 10.707814399997005
Total time for client_6 : local training was 10.574189999999362
Total time for client_7 : local training was 10.744970500003546
Total time for client_8 : local training was 10.538303299996187
Total time for client_9 : local training was 10.558372300001793
Total time for client_10 : local training was 10.784666600011406
Total time for client_11 : local training was 13.751739400002407
Total time for client_12 : local training was 13.802545200000168
Total time for client_13 : local training was 13.47878559998935
Total time for client_14 : local training was 13.474598600005265
Total time for client_15 : local training was 13.387486499996157

Total Client Grads Scaled : 15 unscaled 15

aggregate_gradients Total Client Grads: 15

ASF Similarity is
 [[-2.         -0.7649416  -0.47598205 -0.90104726 -0.81617973 -0.42594469
  -0.73158083 -0.44789223 -0.72801493 -0.18376927 -0.00493776 -0.73507549
  -0.633027   -0.79081014 -0.49850375]
 [-0.7649416  -2.         -0.39428501 -0.77948837 -0.61850964 -0.72233669
  -0.83586273 -0.65449289 -0.69445655 -0.10645128  0.28204954 -0.63455353
  -0.48758181 -0.7827889  -0.64255482]
 [-0.47598205 -0.39428501 -2.         -0.6329835  -0.44686571  0.03252405
  -0.60519758  0.45131306 -0.00358123 -0.87312699  0.16730664 -0.49016326
  -0.79082183 -0.39695286  0.2248517 ]
 [-0.90104726 -0.77948837 -0.6329835  -2.         -0.61370002 -0.43091378
  -0.65990224 -0.4002008  -0.72967887 -0.35819884  0.23755466 -0.5692851
  -0.60883526 -0.85436999 -0.4986401 ]
 [-0.81617973 -0.61850964 -0.44686571 -0.61370002 -2.         -0.56956302
  -0.82391999 -0.0302132  -0.46250182 -0.13534068  0.02201315 -0.87665844
  -0.78155852 -0.56859504 -0.41074845]
 [-0.42594469 -0.72233669  0.03252405 -0.43091378 -0.56956302 -2.
  -0.66001545 -0.14485675 -0.43300775  0.37762963  0.87902097 -0.44437393
  -0.325433   -0.48555685 -0.63206938]
 [-0.73158083 -0.83586273 -0.60519758 -0.65990224 -0.82391999 -0.66001545
  -2.         -0.21202945 -0.59937266 -0.32314389  0.13036532 -0.86465005
  -0.76321416 -0.65983832 -0.54055596]
 [-0.44789223 -0.65449289  0.45131306 -0.4002008  -0.0302132  -0.14485675
  -0.21202945 -2.         -0.33584703  0.70935147 -0.06459263  0.03933018
   0.41544274 -0.48374177 -0.22456439]
 [-0.72801493 -0.69445655 -0.00358123 -0.72967887 -0.46250182 -0.43300775
  -0.59937266 -0.33584703 -2.          0.34328883  0.77300725 -0.4717484
  -0.31437095 -0.61706117 -0.56023642]
 [-0.18376927 -0.10645128 -0.87312699 -0.35819884 -0.13534068  0.37762963
  -0.32314389  0.70935147  0.34328883 -2.          0.28334564 -0.24056009
  -0.58153923 -0.01291207  0.74377329]
 [-0.00493776  0.28204954  0.16730664  0.23755466  0.02201315  0.87902097
   0.13036532 -0.06459263  0.77300725  0.28334564 -2.          0.02355046
   0.07618526  0.16852636  1.        ]
 [-0.73507549 -0.63455353 -0.49016326 -0.5692851  -0.87665844 -0.44437393
  -0.86465005  0.03933018 -0.4717484  -0.24056009  0.02355046 -2.
  -0.86233756 -0.60204398 -0.38384619]
 [-0.633027   -0.48758181 -0.79082183 -0.60883526 -0.78155852 -0.325433
  -0.76321416  0.41544274 -0.31437095 -0.58153923  0.07618526 -0.86233756
  -2.         -0.51781863 -0.06398762]
 [-0.79081014 -0.7827889  -0.39695286 -0.85436999 -0.56859504 -0.48555685
  -0.65983832 -0.48374177 -0.61706117 -0.01291207  0.16852636 -0.60204398
  -0.51781863 -2.         -0.65992093]
 [-0.49850375 -0.64255482  0.2248517  -0.4986401  -0.41074845 -0.63206938
  -0.54055596 -0.22456439 -0.56023642  0.74377329  1.         -0.38384619
  -0.06398762 -0.65992093 -2.        ]]

Maxsm is
 [-0.00493776  0.28204954  0.45131306  0.23755466  0.02201315  0.87902097
  0.13036532  0.70935147  0.77300725  0.74377329  1.          0.03933018
  0.41544274  0.16852636  1.        ]

ASF wv is [1.         1.         1.         1.         1.         0.99968561
 1.         0.69542048 1.         0.         0.         1.
 1.         1.         0.        ]

############################################################################################

############################################################################################

comm_round: 0 | global_acc: 59.131% | global_f1: 0.7431713373536716 | global_precision: 0.5913068021450748 | global bin 0.5913068056106567

Simulate Models Sent to Clients

Total time for client_1 : local training was 10.413456299997051
Total time for client_2 : local training was 10.435885300001246
Total time for client_3 : local training was 10.247034799991525
Total time for client_4 : local training was 10.690829599989229
Total time for client_5 : local training was 10.47949769999832
Total time for client_6 : local training was 10.447360300007858
Total time for client_7 : local training was 10.47921609999321
Total time for client_8 : local training was 10.926555199999711
Total time for client_9 : local training was 10.699761000010767
Total time for client_10 : local training was 10.3684135999938
Total time for client_11 : local training was 13.268148999995901
Total time for client_12 : local training was 13.861566499996115
Total time for client_13 : local training was 13.681071500002872
Total time for client_14 : local training was 13.423786800005473
Total time for client_15 : local training was 13.640545400005067

Total Client Grads Scaled : 15 unscaled 15

aggregate_gradients Total Client Grads: 15

ASF Similarity is
 [[-2.         -0.96526381 -0.95280302 -0.91027534 -0.97957741 -0.94950902
  -0.8894993  -0.90766729 -0.92905019 -0.93785699 -0.06138375  0.55229234
   0.25143964 -0.56476121  0.24740602]
 [-0.96526381 -2.         -0.93931891 -0.90147511 -0.95520694 -0.90931522
  -0.81652592 -0.89615616 -0.91333657 -0.91413332  0.03849801  0.7566791
   0.35411376 -0.55748028  0.36539382]
 [-0.95280302 -0.93931891 -2.         -0.81893583 -0.96113181 -0.95549135
  -0.83628116 -0.89973496 -0.89642587 -0.89013938 -0.06549582  0.58718153
   0.32967764 -0.33590181  0.54240301]
 [-0.91027534 -0.90147511 -0.81893583 -2.         -0.91107455 -0.83203284
  -0.88784602 -0.93391337 -0.86488513 -0.97576361  0.42671581  1.
   0.57048064 -0.53833037  0.38474757]
 [-0.97957741 -0.95520694 -0.96113181 -0.91107455 -2.         -0.96584928
  -0.91853593 -0.89713463 -0.91915633 -0.93790302 -0.14262774  0.37141661
   0.15890791 -0.57629637  0.1538789 ]
 [-0.94950902 -0.90931522 -0.95549135 -0.83203284 -0.96584928 -2.
  -0.83662425 -0.86564005 -0.94796255 -0.89698174 -0.3445265   0.12561201
  -0.06820319 -0.57521726  0.01047949]
 [-0.8894993  -0.81652592 -0.83628116 -0.88784602 -0.91853593 -0.83662425
  -2.         -0.81166038 -0.72039273 -0.90260256  0.20473093  0.61954979
   0.55959072 -0.38787662  0.34616604]
 [-0.90766729 -0.89615616 -0.89973496 -0.93391337 -0.89713463 -0.86564005
  -0.81166038 -2.         -0.85855777 -0.96652004  0.13904469  0.85664901
   0.33747221 -0.3216283   0.49227199]
 [-0.92905019 -0.91333657 -0.89642587 -0.86488513 -0.91915633 -0.94796255
  -0.72039273 -0.85855777 -2.         -0.85934956 -0.1271964   0.42170684
   0.053978   -0.64222725  0.10989577]
 [-0.93785699 -0.91413332 -0.89013938 -0.97576361 -0.93790302 -0.89698174
  -0.90260256 -0.96652004 -0.85934956 -2.          0.10665428  0.67943626
   0.31012536 -0.48030525  0.2683031 ]
 [-0.06138375  0.03849801 -0.06549582  0.42671581 -0.14262774 -0.3445265
   0.20473093  0.13904469 -0.1271964   0.10665428 -2.         -0.84242444
  -0.90312156 -0.16457176 -0.75800643]
 [ 0.55229234  0.7566791   0.58718153  1.          0.37141661  0.12561201
   0.61954979  0.85664901  0.42170684  0.67943626 -0.84242444 -2.
  -0.89413678  0.01198492 -0.84529041]
 [ 0.25143964  0.35411376  0.32967764  0.57048064  0.15890791 -0.06820319
   0.55959072  0.33747221  0.053978    0.31012536 -0.90312156 -0.89413678
  -2.         -0.24326766 -0.89323794]
 [-0.56476121 -0.55748028 -0.33590181 -0.53833037 -0.57629637 -0.57521726
  -0.38787662 -0.3216283  -0.64222725 -0.48030525 -0.16457176  0.01198492
  -0.24326766 -2.         -0.45558416]
 [ 0.24740602  0.36539382  0.54240301  0.38474757  0.1538789   0.01047949
   0.34616604  0.49227199  0.10989577  0.2683031  -0.75800643 -0.84529041
  -0.89323794 -0.45558416 -2.        ]]

Maxsm is
 [0.55229234 0.7566791  0.58718153 1.         0.37141661 0.12561201
 0.61954979 0.85664901 0.42170684 0.67943626 0.42671581 1.
 0.57048064 0.01198492 0.54240301]

ASF wv is [1.         1.         0.32999284 0.         1.         1.
 0.26051164 0.5309291  1.         1.         1.         0.
 1.         1.         1.        ]

############################################################################################

############################################################################################

comm_round: 1 | global_acc: 59.131% | global_f1: 0.7431713373536716 | global_precision: 0.5913068021450748 | global bin 0.5913068056106567

Simulate Models Sent to Clients

Total time for client_1 : local training was 10.64705819998926
Total time for client_2 : local training was 10.656158500001766
Total time for client_3 : local training was 10.433193799995934
Total time for client_4 : local training was 10.424655900002108
Total time for client_5 : local training was 10.739164699989487
Total time for client_6 : local training was 10.741197200011811
Total time for client_7 : local training was 10.487810200007516
Total time for client_8 : local training was 10.770566999999573
Total time for client_9 : local training was 10.745865099990624
Total time for client_10 : local training was 10.767045400003553
Total time for client_11 : local training was 13.383935799996834
Total time for client_12 : local training was 13.733726099992055
Total time for client_13 : local training was 13.70427610000479
Total time for client_14 : local training was 13.651968999998644
Total time for client_15 : local training was 13.76218040000822

Total Client Grads Scaled : 15 unscaled 15

aggregate_gradients Total Client Grads: 15

ASF Similarity is
 [[-2.         -0.86751991 -0.82113189 -0.90240572 -0.88674714 -0.78035876
  -0.87139216 -0.93986815 -0.86925086 -0.85192825  0.28269038  0.33591014
   0.07537295  0.4916756   0.27866308]
 [-0.86751991 -2.         -0.92397235 -0.96007382 -0.92904503 -0.92160175
  -0.74316976 -0.92912827 -0.96204627 -0.93161482 -0.04674616 -0.18061524
  -0.35928185 -0.11567241 -0.23149204]
 [-0.82113189 -0.92397235 -2.         -0.94174126 -0.89605383 -0.96218084
  -0.67708579 -0.88726953 -0.9690974  -0.91329899 -0.34713292 -0.33487626
  -0.48553997 -0.27682835 -0.42152406]
 [-0.90240572 -0.96007382 -0.94174126 -2.         -0.96187424 -0.93680283
  -0.77522519 -0.95583417 -0.96564612 -0.96085682 -0.08814268 -0.18405689
  -0.36016811 -0.10407384 -0.23001864]
 [-0.88674714 -0.92904503 -0.89605383 -0.96187424 -2.         -0.88177541
  -0.7665045  -0.94824781 -0.92739389 -0.94004111  0.10393585  0.06605952
  -0.17774732  0.06892718 -0.07925728]
 [-0.78035876 -0.92160175 -0.96218084 -0.93680283 -0.88177541 -2.
  -0.56226376 -0.85752792 -0.96446315 -0.88578184 -0.36219495 -0.48654792
  -0.61183164 -0.46537597 -0.56743296]
 [-0.87139216 -0.74316976 -0.67708579 -0.77522519 -0.7665045  -0.56226376
  -2.         -0.85587334 -0.71584134 -0.79144459  0.81860086  0.89345459
   0.54567047  1.          0.72187306]
 [-0.93986815 -0.92912827 -0.88726953 -0.95583417 -0.94824781 -0.85752792
  -0.85587334 -2.         -0.9321192  -0.92746136  0.18384677  0.10307745
  -0.08463173  0.16003125  0.00854568]
 [-0.86925086 -0.96204627 -0.9690974  -0.96564612 -0.92739389 -0.96446315
  -0.71584134 -0.9321192  -2.         -0.92707684 -0.24666076 -0.31530634
  -0.4558233  -0.27078774 -0.39427404]
 [-0.85192825 -0.93161482 -0.91329899 -0.96085682 -0.94004111 -0.88578184
  -0.79144459 -0.92746136 -0.92707684 -2.          0.09022192  0.00305363
  -0.16710148  0.05861922 -0.08432351]
 [ 0.28269038 -0.04674616 -0.34713292 -0.08814268  0.10393585 -0.36219495
   0.81860086  0.18384677 -0.24666076  0.09022192 -2.         -0.45025838
  -0.52125802 -0.3931486  -0.51915975]
 [ 0.33591014 -0.18061524 -0.33487626 -0.18405689  0.06605952 -0.48654792
   0.89345459  0.10307745 -0.31530634  0.00305363 -0.45025838 -2.
  -0.83526325 -0.92435739 -0.92028238]
 [ 0.07537295 -0.35928185 -0.48553997 -0.36016811 -0.17774732 -0.61183164
   0.54567047 -0.08463173 -0.4558233  -0.16710148 -0.52125802 -0.83526325
  -2.         -0.83064563 -0.84029937]
 [ 0.4916756  -0.11567241 -0.27682835 -0.10407384  0.06892718 -0.46537597
   1.          0.16003125 -0.27078774  0.05861922 -0.3931486  -0.92435739
  -0.83064563 -2.         -0.93869476]
 [ 0.27866308 -0.23149204 -0.42152406 -0.23001864 -0.07925728 -0.56743296
   0.72187306  0.00854568 -0.39427404 -0.08432351 -0.51915975 -0.92028238
  -0.84029937 -0.93869476 -2.        ]]

Maxsm is
 [ 0.4916756  -0.04674616 -0.27682835 -0.08814268  0.10393585 -0.36219495
  1.          0.18384677 -0.24666076  0.09022192  0.81860086  0.89345459
  0.54567047  1.          0.72187306]

ASF wv is [1. 1. 1. 1. 1. 1. 0. 1. 1. 1. 1. 1. 1. 0. 1.]

############################################################################################

############################################################################################

comm_round: 2 | global_acc: 59.131% | global_f1: 0.7431713373536716 | global_precision: 0.5913068021450748 | global bin 0.5913068056106567

Simulate Models Sent to Clients

Total time for client_1 : local training was 10.58082750000176
Total time for client_2 : local training was 10.895045199999004
Total time for client_3 : local training was 10.70813939999789
Total time for client_4 : local training was 10.729427600002964
Total time for client_5 : local training was 10.495741599996109
Total time for client_6 : local training was 10.798020300004282
Total time for client_7 : local training was 10.858516000007512
Total time for client_8 : local training was 10.320560499996645
Total time for client_9 : local training was 10.758677699996042
Total time for client_10 : local training was 10.698614299995825
Total time for client_11 : local training was 13.575850399996853
Total time for client_12 : local training was 13.765967200000887
Total time for client_13 : local training was 13.554608599995845
Total time for client_14 : local training was 13.77497929999663
Total time for client_15 : local training was 13.59994660000666

Total Client Grads Scaled : 15 unscaled 15

aggregate_gradients Total Client Grads: 15

ASF Similarity is
 [[-2.         -0.96063    -0.97987418 -0.97483655 -0.95595561 -0.9663445
  -0.97385031 -0.9481287  -0.97157942 -0.9727059   0.37627914 -0.05308628
   0.11140883  0.19530123  0.69173965]
 [-0.96063    -2.         -0.95309301 -0.96464079 -0.92506747 -0.91707671
  -0.96766755 -0.97908303 -0.97412013 -0.9664283   0.05533879 -0.31852916
  -0.15508217 -0.09080043  0.34209329]
 [-0.97987418 -0.95309301 -2.         -0.96415082 -0.96748556 -0.96287905
  -0.96145007 -0.93284608 -0.96150983 -0.96832633  0.44676722 -0.0165186
   0.18923534  0.26412243  0.77617376]
 [-0.97483655 -0.96464079 -0.96415082 -2.         -0.94717562 -0.94036439
  -0.97710897 -0.95185867 -0.97069591 -0.97246692  0.31366831 -0.09852025
   0.0371284   0.12860018  0.58502435]
 [-0.95595561 -0.92506747 -0.96748556 -0.94717562 -2.         -0.96593925
  -0.94429741 -0.90113821 -0.93510357 -0.94635605  0.5888082   0.13415497
   0.30632828  0.42328918  0.90497817]
 [-0.9663445  -0.91707671 -0.96287905 -0.94036439 -0.96593925 -2.
  -0.94654828 -0.89414373 -0.94540203 -0.94474162  0.68246904  0.20158625
   0.36189771  0.47701404  1.        ]
 [-0.97385031 -0.96766755 -0.96145007 -0.97710897 -0.94429741 -0.94654828
  -2.         -0.95064443 -0.96937895 -0.97415923  0.27838684 -0.11702876
   0.04137003  0.11846152  0.56661199]
 [-0.9481287  -0.97908303 -0.93284608 -0.95185867 -0.90113821 -0.89414373
  -0.95064443 -2.         -0.96478933 -0.9559999  -0.08595076 -0.39686934
  -0.29899099 -0.22322582  0.15453404]
 [-0.97157942 -0.97412013 -0.96150983 -0.97069591 -0.93510357 -0.94540203
  -0.96937895 -0.96478933 -2.         -0.97770177  0.23505328 -0.17092689
  -0.01032289  0.05649419  0.4899079 ]
 [-0.9727059  -0.9664283  -0.96832633 -0.97246692 -0.94635605 -0.94474162
  -0.97415923 -0.9559999  -0.97770177 -2.          0.24893119 -0.15161176
   0.01255882  0.08372725  0.55035082]
 [ 0.37627914  0.05533879  0.44676722  0.31366831  0.5888082   0.68246904
   0.27838684 -0.08595076  0.23505328  0.24893119 -2.         -0.93339646
  -0.92255946 -0.96717722 -0.93830362]
 [-0.05308628 -0.31852916 -0.0165186  -0.09852025  0.13415497  0.20158625
  -0.11702876 -0.39686934 -0.17092689 -0.15161176 -0.93339646 -2.
  -0.94247785 -0.96321992 -0.85562723]
 [ 0.11140883 -0.15508217  0.18923534  0.0371284   0.30632828  0.36189771
   0.04137003 -0.29899099 -0.01032289  0.01255882 -0.92255946 -0.94247785
  -2.         -0.93960148 -0.84368246]
 [ 0.19530123 -0.09080043  0.26412243  0.12860018  0.42328918  0.47701404
   0.11846152 -0.22322582  0.05649419  0.08372725 -0.96717722 -0.96321992
  -0.93960148 -2.         -0.91866536]
 [ 0.69173965  0.34209329  0.77617376  0.58502435  0.90497817  1.
   0.56661199  0.15453404  0.4899079   0.55035082 -0.93830362 -0.85562723
  -0.84368246 -0.91866536 -2.        ]]

Maxsm is
 [0.69173965 0.34209329 0.77617376 0.58502435 0.90497817 1.
 0.56661199 0.15453404 0.4899079  0.55035082 0.68246904 0.20158625
 0.36189771 0.47701404 1.        ]

ASF wv is [1.         1.         0.71641734 1.         0.14298923 0.
 1.         1.         1.         1.         1.         1.
 1.         1.         0.        ]

############################################################################################

############################################################################################

comm_round: 3 | global_acc: 59.131% | global_f1: 0.7431713373536716 | global_precision: 0.5913068021450748 | global bin 0.5913068056106567

Simulate Models Sent to Clients

Total time for client_1 : local training was 10.477749099998618
Total time for client_2 : local training was 10.716438400006155
Total time for client_3 : local training was 10.751759000006132
Total time for client_4 : local training was 10.783534999995027
Total time for client_5 : local training was 10.555511899990961
Total time for client_6 : local training was 10.386556800003746
Total time for client_7 : local training was 10.631837299995823
Total time for client_8 : local training was 10.703867400006857
Total time for client_9 : local training was 10.517616299999645
Total time for client_10 : local training was 10.457025399999111
Total time for client_11 : local training was 13.546738499993808
Total time for client_12 : local training was 13.614316300008795
Total time for client_13 : local training was 13.463675699997111
Total time for client_14 : local training was 13.804385300012655
Total time for client_15 : local training was 13.727749799989397

Total Client Grads Scaled : 15 unscaled 15

aggregate_gradients Total Client Grads: 15

ASF Similarity is
 [[-2.         -0.98616144 -0.975006   -0.99077225 -0.95580939 -0.97268245
  -0.97936676 -0.97062388 -0.96037027 -0.98802305  0.53646145 -0.10715555
  -0.04283927  0.29283813  0.34065958]
 [-0.98616144 -2.         -0.98345911 -0.97992188 -0.94018304 -0.98285295
  -0.9866417  -0.95364562 -0.94169129 -0.9826431   0.42605201 -0.19676497
  -0.12713458  0.15216598  0.24069061]
 [-0.975006   -0.98345911 -2.         -0.96672361 -0.91752134 -0.99276922
  -0.99040646 -0.93468113 -0.91212892 -0.97770164  0.22477664 -0.32511544
  -0.27409744  0.01574315  0.06113377]
 [-0.99077225 -0.97992188 -0.96672361 -2.         -0.96786163 -0.96465883
  -0.97194763 -0.97633583 -0.96218375 -0.98090287  0.57639576 -0.06893497
  -0.02143433  0.3209186   0.3880845 ]
 [-0.95580939 -0.94018304 -0.91752134 -0.96786163 -2.         -0.91064357
  -0.92122212 -0.95304003 -0.97010508 -0.9512749   0.88401446  0.17988346
   0.22604597  0.60504948  0.67676504]
 [-0.97268245 -0.98285295 -0.99276922 -0.96465883 -0.91064357 -2.
  -0.9922179  -0.93321087 -0.90751384 -0.9700076   0.20031119 -0.34460414
  -0.29273275 -0.01686902  0.04008627]
 [-0.97936676 -0.9866417  -0.99040646 -0.97194763 -0.92122212 -0.9922179
  -2.         -0.9425204  -0.92574073 -0.97583177  0.29976674 -0.27698512
  -0.2352427   0.068584    0.12854538]
 [-0.97062388 -0.95364562 -0.93468113 -0.97633583 -0.95304003 -0.93321087
  -0.9425204  -2.         -0.95871739 -0.95992471  0.78812095  0.0637011
   0.10554313  0.51704366  0.56228503]
 [-0.96037027 -0.94169129 -0.91212892 -0.96218375 -0.97010508 -0.90751384
  -0.92574073 -0.95871739 -2.         -0.95663662  1.          0.2143877
   0.26500716  0.68713796  0.76051991]
 [-0.98802305 -0.9826431  -0.97770164 -0.98090287 -0.9512749  -0.9700076
  -0.97583177 -0.95992471 -0.95663662 -2.          0.5053874  -0.13741805
  -0.09442985  0.2697533   0.31525274]
 [ 0.53646145  0.42605201  0.22477664  0.57639576  0.88401446  0.20031119
   0.29976674  0.78812095  1.          0.5053874  -2.         -0.87779861
  -0.83691481 -0.94373011 -0.97404577]
 [-0.10715555 -0.19676497 -0.32511544 -0.06893497  0.17988346 -0.34460414
  -0.27698512  0.0637011   0.2143877  -0.13741805 -0.87779861 -2.
  -0.95574177 -0.92167887 -0.91675418]
 [-0.04283927 -0.12713458 -0.27409744 -0.02143433  0.22604597 -0.29273275
  -0.2352427   0.10554313  0.26500716 -0.09442985 -0.83691481 -0.95574177
  -2.         -0.88603008 -0.88703872]
 [ 0.29283813  0.15216598  0.01574315  0.3209186   0.60504948 -0.01686902
   0.068584    0.51704366  0.68713796  0.2697533  -0.94373011 -0.92167887
  -0.88603008 -2.         -0.96641473]
 [ 0.34065958  0.24069061  0.06113377  0.3880845   0.67676504  0.04008627
   0.12854538  0.56228503  0.76051991  0.31525274 -0.97404577 -0.91675418
  -0.88703872 -0.96641473 -2.        ]]

Maxsm is
 [0.53646145 0.42605201 0.22477664 0.57639576 0.88401446 0.20031119
 0.29976674 0.78812095 1.         0.5053874  1.         0.2143877
 0.26500716 0.68713796 0.76051991]

ASF wv is [1.         1.         1.         1.         0.         1.
 1.         0.25313341 0.         1.         0.         1.
 1.         1.         0.96055409]

############################################################################################

############################################################################################

comm_round: 4 | global_acc: 59.131% | global_f1: 0.7431713373536716 | global_precision: 0.5913068021450748 | global bin 0.5913068056106567

Simulate Models Sent to Clients

Total time for client_1 : local training was 10.626142099994468
Total time for client_2 : local training was 10.51126880000811
Total time for client_3 : local training was 10.821393899997929
Total time for client_4 : local training was 10.674712100008037
Total time for client_5 : local training was 10.65820459999668
Total time for client_6 : local training was 10.389710799994646
Total time for client_7 : local training was 10.823788599998807
Total time for client_8 : local training was 10.490759699998307
Total time for client_9 : local training was 10.673472000009497
Total time for client_10 : local training was 10.632969400001457
Total time for client_11 : local training was 13.297816299993428
Total time for client_12 : local training was 13.739832000006572
Total time for client_13 : local training was 13.506286899995757
Total time for client_14 : local training was 13.180057000005036
Total time for client_15 : local training was 13.218739300005836

Total Client Grads Scaled : 15 unscaled 15

aggregate_gradients Total Client Grads: 15

ASF Similarity is
 [[-2.         -0.96590909 -0.95871395 -0.9672981  -0.95064467 -0.85815001
  -0.97756317 -0.97072644 -0.96282039  0.54292457 -0.83088791 -0.8455172
  -0.86020099 -0.8387748  -0.51591166]
 [-0.96590909 -2.         -0.98095888 -0.98736948 -0.98316999 -0.78428135
  -0.98574436 -0.98843795 -0.99017581  0.8403345  -0.72263236 -0.74477763
  -0.75155178 -0.73238428 -0.33750539]
 [-0.95871395 -0.98095888 -2.         -0.98327438 -0.98767772 -0.7506546
  -0.97993865 -0.9810018  -0.98811746  0.90375392 -0.68389849 -0.71510431
  -0.72212671 -0.69960966 -0.30622231]
 [-0.9672981  -0.98736948 -0.98327438 -2.         -0.98667592 -0.78442429
  -0.98717006 -0.98839666 -0.99179335  0.84248264 -0.72417876 -0.74322622
  -0.74951697 -0.72239099 -0.32390255]
 [-0.95064467 -0.98316999 -0.98767772 -0.98667592 -2.         -0.7332593
  -0.97762794 -0.98397725 -0.98969692  1.         -0.66774533 -0.69104524
  -0.70468548 -0.67470528 -0.25289568]
 [-0.85815001 -0.78428135 -0.7506546  -0.78442429 -0.7332593  -2.
  -0.79446952 -0.77014447 -0.76366021  0.20530772 -0.9149684  -0.90074161
  -0.91307672 -0.90397801 -0.69527745]
 [-0.97756317 -0.98574436 -0.97993865 -0.98717006 -0.97762794 -0.79446952
  -2.         -0.98601002 -0.98839446  0.7663852  -0.75174959 -0.77286726
  -0.78041639 -0.75020492 -0.38899914]
 [-0.97072644 -0.98843795 -0.9810018  -0.98839666 -0.98397725 -0.77014447
  -0.98601002 -2.         -0.98841782  0.83128574 -0.72691003 -0.74451188
  -0.75209053 -0.73287303 -0.3426823 ]
 [-0.96282039 -0.99017581 -0.98811746 -0.99179335 -0.98969692 -0.76366021
  -0.98839446 -0.98841782 -2.          0.89093877 -0.70454393 -0.72488052
  -0.73104849 -0.7081262  -0.31252383]
 [ 0.54292457  0.8403345   0.90375392  0.84248264  1.          0.20530772
   0.7663852   0.83128574  0.89093877 -2.         -0.10149609 -0.09449337
  -0.03589402 -0.12670655 -0.40254053]
 [-0.83088791 -0.72263236 -0.68389849 -0.72417876 -0.66774533 -0.9149684
  -0.75174959 -0.72691003 -0.70454393 -0.10149609 -2.         -0.97216728
  -0.96471741 -0.97392149 -0.8258953 ]
 [-0.8455172  -0.74477763 -0.71510431 -0.74322622 -0.69104524 -0.90074161
  -0.77286726 -0.74451188 -0.72488052 -0.09449337 -0.97216728 -2.
  -0.97401838 -0.97598322 -0.82938048]
 [-0.86020099 -0.75155178 -0.72212671 -0.74951697 -0.70468548 -0.91307672
  -0.78041639 -0.75209053 -0.73104849 -0.03589402 -0.96471741 -0.97401838
  -2.         -0.97107219 -0.83435608]
 [-0.8387748  -0.73238428 -0.69960966 -0.72239099 -0.67470528 -0.90397801
  -0.75020492 -0.73287303 -0.7081262  -0.12670655 -0.97392149 -0.97598322
  -0.97107219 -2.         -0.84998222]
 [-0.51591166 -0.33750539 -0.30622231 -0.32390255 -0.25289568 -0.69527745
  -0.38899914 -0.3426823  -0.31252383 -0.40254053 -0.8258953  -0.82938048
  -0.83435608 -0.84998222 -2.        ]]

Maxsm is
 [ 0.54292457  0.8403345   0.90375392  0.84248264  1.          0.20530772
  0.7663852   0.83128574  0.89093877  1.         -0.10149609 -0.09449337
 -0.03589402 -0.12670655 -0.25289568]

ASF wv is [1. 1. 1. 1. 0. 1. 1. 1. 1. 0. 1. 1. 1. 1. 1.]

############################################################################################

############################################################################################

comm_round: 5 | global_acc: 59.131% | global_f1: 0.7431713373536716 | global_precision: 0.5913068021450748 | global bin 0.5913068056106567

Simulate Models Sent to Clients

Total time for client_1 : local training was 10.854052499998943
Total time for client_2 : local training was 10.687447899996187
Total time for client_3 : local training was 10.45348520000698
Total time for client_4 : local training was 10.869802999994135
Total time for client_5 : local training was 10.612884599991958
Total time for client_6 : local training was 10.60727149999002
Total time for client_7 : local training was 10.415569600008894
Total time for client_8 : local training was 10.750691200009896
Total time for client_9 : local training was 10.542360499995993
Total time for client_10 : local training was 10.536991000000853
Total time for client_11 : local training was 13.454389200007427
Total time for client_12 : local training was 13.552470399998128
Total time for client_13 : local training was 13.779270800005179
Total time for client_14 : local training was 13.673061399997096
Total time for client_15 : local training was 13.236366699988139

Total Client Grads Scaled : 15 unscaled 15

aggregate_gradients Total Client Grads: 15

ASF Similarity is
 [[-2.         -0.9299122  -0.91940548 -0.91833125 -0.9362905  -0.92720863
  -0.94738254 -0.94193906 -0.93616209 -0.89820198  0.8033193  -0.04405546
  -0.24384286 -0.33179164 -0.26539223]
 [-0.9299122  -2.         -0.93945734 -0.94375902 -0.95903316 -0.94913081
  -0.97145435 -0.97037709 -0.96712042 -0.93100382  0.93996214 -0.103865
  -0.21030566 -0.34973602 -0.29598379]
 [-0.91940548 -0.93945734 -2.         -0.97708386 -0.98511802 -0.99004824
  -0.93908797 -0.97725743 -0.983849   -0.98904148  0.56149158 -0.47861109
  -0.55786819 -0.64384529 -0.60700179]
 [-0.91833125 -0.94375902 -0.97708386 -2.         -0.98331982 -0.98081296
  -0.94760708 -0.97986441 -0.98430262 -0.9732323   0.70451404 -0.3734796
  -0.48019322 -0.57545918 -0.5170201 ]
 [-0.9362905  -0.95903316 -0.98511802 -0.98331982 -2.         -0.9900487
  -0.95297211 -0.98949818 -0.99194068 -0.98040229  0.55797777 -0.3985271
  -0.49896859 -0.58516969 -0.54654176]
 [-0.92720863 -0.94913081 -0.99004824 -0.98081296 -0.9900487  -2.
  -0.94178615 -0.98716987 -0.98686313 -0.98636025  0.58664189 -0.46678953
  -0.5449044  -0.63952248 -0.5968986 ]
 [-0.94738254 -0.97145435 -0.93908797 -0.94760708 -0.95297211 -0.94178615
  -2.         -0.96377601 -0.95913545 -0.92645737  1.         -0.13305458
  -0.23793131 -0.34745304 -0.30637942]
 [-0.94193906 -0.97037709 -0.97725743 -0.97986441 -0.98949818 -0.98716987
  -0.96377601 -2.         -0.99053103 -0.97404597  0.70868295 -0.34575883
  -0.43811923 -0.544519   -0.49108707]
 [-0.93616209 -0.96712042 -0.983849   -0.98430262 -0.99194068 -0.98686313
  -0.95913545 -0.99053103 -2.         -0.9776984   0.63777004 -0.37747109
  -0.47062079 -0.56221948 -0.51785586]
 [-0.89820198 -0.93100382 -0.98904148 -0.9732323  -0.98040229 -0.98636025
  -0.92645737 -0.97404597 -0.9776984  -2.          0.44769397 -0.520418
  -0.59883451 -0.67766514 -0.63005332]
 [ 0.8033193   0.93996214  0.56149158  0.70451404  0.55797777  0.58664189
   1.          0.70868295  0.63777004  0.44769397 -2.          0.30371531
   0.00297443 -0.01242525 -0.14629202]
 [-0.04405546 -0.103865   -0.47861109 -0.3734796  -0.3985271  -0.46678953
  -0.13305458 -0.34575883 -0.37747109 -0.520418    0.30371531 -2.
  -0.95575259 -0.95032439 -0.94401987]
 [-0.24384286 -0.21030566 -0.55786819 -0.48019322 -0.49896859 -0.5449044
  -0.23793131 -0.43811923 -0.47062079 -0.59883451  0.00297443 -0.95575259
  -2.         -0.97231029 -0.96496806]
 [-0.33179164 -0.34973602 -0.64384529 -0.57545918 -0.58516969 -0.63952248
  -0.34745304 -0.544519   -0.56221948 -0.67766514 -0.01242525 -0.95032439
  -0.97231029 -2.         -0.97008547]
 [-0.26539223 -0.29598379 -0.60700179 -0.5170201  -0.54654176 -0.5968986
  -0.30637942 -0.49108707 -0.51785586 -0.63005332 -0.14629202 -0.94401987
  -0.96496806 -0.97008547 -2.        ]]

Maxsm is
 [ 0.8033193   0.93996214  0.56149158  0.70451404  0.55797777  0.58664189
  1.          0.70868295  0.63777004  0.44769397  1.          0.30371531
  0.00297443 -0.01242525 -0.14629202]

ASF wv is [1. 1. 1. 1. 1. 1. 0. 1. 1. 1. 0. 1. 1. 1. 0.]

############################################################################################

############################################################################################

comm_round: 6 | global_acc: 59.131% | global_f1: 0.7431713373536716 | global_precision: 0.5913068021450748 | global bin 0.5913068056106567

Simulate Models Sent to Clients

Total time for client_1 : local training was 10.666100200003712
Total time for client_2 : local training was 10.606722399999853
Total time for client_3 : local training was 10.709345899987966
Total time for client_4 : local training was 10.423981700005243
Total time for client_5 : local training was 10.738775399993756
Total time for client_6 : local training was 10.520770700008143
Total time for client_7 : local training was 10.478388699993957
Total time for client_8 : local training was 10.366615400009323
Total time for client_9 : local training was 10.894248900003731
Total time for client_10 : local training was 10.68293709999125
Total time for client_11 : local training was 13.461547200000496
Total time for client_12 : local training was 13.762676800004556
Total time for client_13 : local training was 13.617717600005562
Total time for client_14 : local training was 13.516505199993844
Total time for client_15 : local training was 13.425101600005291

Total Client Grads Scaled : 15 unscaled 15

aggregate_gradients Total Client Grads: 15

ASF Similarity is
 [[-2.00000000e+00 -9.82628693e-01 -9.76960453e-01 -9.78746632e-01
  -9.70351283e-01 -9.66880417e-01 -9.86573838e-01 -9.62508183e-01
  -9.78370985e-01 -9.68146726e-01  3.01138168e-01  2.51909110e-01
   7.38794970e-01  6.43738418e-01  3.03324118e-01]
 [-9.82628693e-01 -2.00000000e+00 -9.67895279e-01 -9.76725333e-01
  -9.63134121e-01 -9.61054944e-01 -9.76179752e-01 -9.54678487e-01
  -9.77952074e-01 -9.62489832e-01  3.09081156e-01  2.36642522e-01
   7.15021528e-01  6.46780275e-01  2.74052655e-01]
 [-9.76960453e-01 -9.67895279e-01 -2.00000000e+00 -9.81501567e-01
  -9.59193848e-01 -9.79927158e-01 -9.76365158e-01 -9.49034529e-01
  -9.81047185e-01 -9.54979895e-01  1.57419937e-01  1.68597056e-01
   5.92934335e-01  5.16572778e-01  1.72791735e-01]
 [-9.78746632e-01 -9.76725333e-01 -9.81501567e-01 -2.00000000e+00
  -9.55343456e-01 -9.76399482e-01 -9.73950752e-01 -9.35727808e-01
  -9.82251472e-01 -9.55600962e-01  2.25868430e-01  1.70953708e-01
   6.33136120e-01  5.52514151e-01  1.95542588e-01]
 [-9.70351283e-01 -9.63134121e-01 -9.59193848e-01 -9.55343456e-01
  -2.00000000e+00 -9.35499343e-01 -9.74555944e-01 -9.52669610e-01
  -9.55198952e-01 -9.75540787e-01  5.19016340e-01  4.41325338e-01
   9.90813138e-01  9.08748293e-01  5.21649946e-01]
 [-9.66880417e-01 -9.61054944e-01 -9.79927158e-01 -9.76399482e-01
  -9.35499343e-01 -2.00000000e+00 -9.64491234e-01 -9.30437961e-01
  -9.86858777e-01 -9.41383237e-01  5.08725810e-02 -1.24972685e-03
   4.23660689e-01  3.53316824e-01  2.50891639e-02]
 [-9.86573838e-01 -9.76179752e-01 -9.76365158e-01 -9.73950752e-01
  -9.74555944e-01 -9.64491234e-01 -2.00000000e+00 -9.71930178e-01
  -9.74167787e-01 -9.74383185e-01  3.34829214e-01  3.01733912e-01
   7.68044171e-01  6.80717486e-01  3.36411758e-01]
 [-9.62508183e-01 -9.54678487e-01 -9.49034529e-01 -9.35727808e-01
  -9.52669610e-01 -9.30437961e-01 -9.71930178e-01 -2.00000000e+00
  -9.41913202e-01 -9.52504921e-01  4.56741808e-01  4.30219058e-01
   8.88540574e-01  8.12465820e-01  4.56526633e-01]
 [-9.78370985e-01 -9.77952074e-01 -9.81047185e-01 -9.82251472e-01
  -9.55198952e-01 -9.86858777e-01 -9.74167787e-01 -9.41913202e-01
  -2.00000000e+00 -9.45121328e-01  1.34532560e-01  6.05984444e-02
   5.15649997e-01  4.42077176e-01  1.05000972e-01]
 [-9.68146726e-01 -9.62489832e-01 -9.54979895e-01 -9.55600962e-01
  -9.75540787e-01 -9.41383237e-01 -9.74383185e-01 -9.52504921e-01
  -9.45121328e-01 -2.00000000e+00  4.80404479e-01  4.85200618e-01
   1.00000000e+00  9.07345658e-01  5.00046682e-01]
 [ 3.01138168e-01  3.09081156e-01  1.57419937e-01  2.25868430e-01
   5.19016340e-01  5.08725810e-02  3.34829214e-01  4.56741808e-01
   1.34532560e-01  4.80404479e-01 -2.00000000e+00 -8.30350922e-01
  -7.30398955e-01 -7.71810034e-01 -8.17633277e-01]
 [ 2.51909110e-01  2.36642522e-01  1.68597056e-01  1.70953708e-01
   4.41325338e-01 -1.24972685e-03  3.01733912e-01  4.30219058e-01
   6.05984444e-02  4.85200618e-01 -8.30350922e-01 -2.00000000e+00
  -9.38916050e-01 -9.42227188e-01 -9.67353840e-01]
 [ 7.38794970e-01  7.15021528e-01  5.92934335e-01  6.33136120e-01
   9.90813138e-01  4.23660689e-01  7.68044171e-01  8.88540574e-01
   5.15649997e-01  1.00000000e+00 -7.30398955e-01 -9.38916050e-01
  -2.00000000e+00 -9.83029373e-01 -9.19815860e-01]
 [ 6.43738418e-01  6.46780275e-01  5.16572778e-01  5.52514151e-01
   9.08748293e-01  3.53316824e-01  6.80717486e-01  8.12465820e-01
   4.42077176e-01  9.07345658e-01 -7.71810034e-01 -9.42227188e-01
  -9.83029373e-01 -2.00000000e+00 -9.23456222e-01]
 [ 3.03324118e-01  2.74052655e-01  1.72791735e-01  1.95542588e-01
   5.21649946e-01  2.50891639e-02  3.36411758e-01  4.56526633e-01
   1.05000972e-01  5.00046682e-01 -8.17633277e-01 -9.67353840e-01
  -9.19815860e-01 -9.23456222e-01 -2.00000000e+00]]

Maxsm is
 [0.73879497 0.71502153 0.59293434 0.63313612 0.99081314 0.42366069
 0.76804417 0.88854057 0.51565    1.         0.51901634 0.48520062
 1.         0.90874829 0.52164995]

ASF wv is [1.         1.         1.         1.         0.         1.
 1.         0.69331082 1.         0.         1.         1.
 0.         0.         1.        ]

############################################################################################

############################################################################################

comm_round: 7 | global_acc: 59.131% | global_f1: 0.7431713373536716 | global_precision: 0.5913068021450748 | global bin 0.5913068056106567

Simulate Models Sent to Clients

Total time for client_1 : local training was 10.779214800000773
Total time for client_2 : local training was 10.724399999991874
Total time for client_3 : local training was 10.630254999996396
Total time for client_4 : local training was 10.407978899995214
Total time for client_5 : local training was 10.720867699987139
Total time for client_6 : local training was 10.619627799998852
Total time for client_7 : local training was 10.818728700003703
Total time for client_8 : local training was 10.364317800005665
Total time for client_9 : local training was 10.843287399999099
Total time for client_10 : local training was 10.604937899988727
Total time for client_11 : local training was 13.367293300005258
