###############################################################################################################################################################                   Begin label_10_sybils_asf Simulation              ###############################################################################################################################################################Starting Machine:
Loading Data...

Data Distributions:
normal (0) abnormal(1)
attack
0     9490
1    14400
dtype: int64
Data Proto Distributions:
normal (0) abnormal(1)
proto
arp            467
icmp            12
igmp             2
ipv6-icmp       88
rarp             1
tcp           8447
udp          14873
dtype: int64

Pre-Processing DataHead of Data Frame
   pkSeqID  flgs  proto  sport  ...  TnPPerProto  TnPPerDport      avgPD  attack
0     4340     1      2    0.0  ...      5525931      1322674  10.933030       0
1    24313     1      2    0.0  ...      4994350      1045163  10.965459       0
2    29744     1      2    0.0  ...      4407386      1131789  11.010636       0
3    65173     1      2    0.0  ...      4472728       972058  11.960652       0
4    93800     1      2    0.0  ...      3608282       845792  12.280588       0

[5 rows x 30 columns]
Check Data is CleanNull ValuespkSeqID        0
flgs           0
proto          0
sport          0
dport          0
pkts           0
bytes          0
state          0
seq            0
dur            0
mean           0
stddev         0
sum            0
min            0
max            0
spkts          0
dpkts          0
sbytes         0
dbytes         0
rate           0
srate          0
drate          0
TnBPsrcIP      0
TnBPDstIP      0
TnPPSrcIP      0
TnPPDstIP      0
TnPPerProto    0
TnPPerDport    0
avgPD          0
attack         0
dtype: int64

Data Features: 29 | LSTM Timesteps: 80
Create Clients: 10

Create Label Flip Sybils: 10

Flipping Labels

Flipping Labels

Flipping Labels

Flipping Labels

Flipping Labels

Flipping Labels

Flipping Labels

Flipping Labels

Flipping Labels

Flipping Labels

Number of total clients and sybils 20

Simulate Models Sent to Clients

Total time for client_1 : local training was 10.69921720000275
Total time for client_2 : local training was 10.705289200006519
Total time for client_3 : local training was 10.70067319998634
Total time for client_4 : local training was 10.359920000002603
Total time for client_5 : local training was 10.769365300002391
Total time for client_6 : local training was 10.705916800012346
Total time for client_7 : local training was 10.42477979999967
Total time for client_8 : local training was 10.3376297000068
Total time for client_9 : local training was 10.820565899994108
Total time for client_10 : local training was 10.66588369999954
Total time for client_11 : local training was 10.45043369999621
Total time for client_12 : local training was 10.960833100005402
Total time for client_13 : local training was 10.45625960000325
Total time for client_14 : local training was 10.30649830000766
Total time for client_15 : local training was 10.473388799990062
Total time for client_16 : local training was 10.819488900000579
Total time for client_17 : local training was 10.838347600001725
Total time for client_18 : local training was 10.352537899991148
Total time for client_19 : local training was 10.702564399995026
Total time for client_20 : local training was 10.752277300009155

Total Client Grads Scaled : 20 unscaled 20

aggregate_gradients Total Client Grads: 20

ASF Similarity is
 [[-2.          0.40390844  0.05881723 -0.19893435 -0.03807986  0.8116471
  -0.2043719  -0.33756818  0.73373091  0.2348755  -0.3450391   0.03477505
   0.75386345 -0.11993279 -0.14275233 -0.06146117  0.42661932 -0.05696841
  -0.1533278   0.47594565]
 [ 0.40390844 -2.          0.32852553  0.21858568 -0.45632891 -0.29230636
  -0.44698478 -0.23418445 -0.04591157 -0.02197819 -0.41136658  0.06435433
  -0.41960865 -0.44291765  0.55790034  0.297634   -0.34399238 -0.31724597
  -0.42865135 -0.24591287]
 [ 0.05881723  0.32852553 -2.         -0.55690594  0.76078204  0.04256795
  -0.19998075 -0.50926367  0.40649715 -0.57535802 -0.52488621 -0.21860438
   0.59422445 -0.5770836  -0.54004651 -0.79916237 -0.12778821 -0.34850299
  -0.2065101   0.34782349]
 [-0.19893435  0.21858568 -0.55690594 -2.          0.21428465  0.07847441
  -0.34957418 -0.52857091  0.25681765 -0.41254193 -0.59450216 -0.12205866
   0.39330431 -0.530424   -0.52478596 -0.63779295 -0.11962519 -0.45611657
  -0.44861768  0.14931474]
 [-0.03807986 -0.45632891  0.76078204  0.21428465 -2.          0.2919572
  -0.10339363 -0.14385212  1.          0.37888539 -0.3068752   0.10091466
   0.27262909 -0.22007971  0.63718118  0.58296608  0.26010506 -0.19265034
  -0.28975988  0.39648259]
 [ 0.8116471  -0.29230636  0.04256795  0.07847441  0.2919572  -2.
  -0.26281779  0.0592083   0.13401881 -0.00618209 -0.01203149 -0.4008027
  -0.18714392 -0.35783211  0.18616778  0.00263712 -0.67150293  0.2895586
  -0.33360597 -0.09291259]
 [-0.2043719  -0.44698478 -0.19998075 -0.34957418 -0.10339363 -0.26281779
  -2.         -0.35930316 -0.08760004 -0.12822019 -0.57156584 -0.45086811
  -0.22247073 -0.54528779 -0.3513957  -0.32330474 -0.60660378 -0.33206199
  -0.59571688 -0.53366233]
 [-0.33756818 -0.23418445 -0.50926367 -0.52857091 -0.14385212  0.0592083
  -0.35930316 -2.          0.14512418 -0.50724969 -0.75706979 -0.2826646
   0.03900487 -0.6071805  -0.39431706 -0.5039594  -0.24961665 -0.66728343
  -0.58691878 -0.06150521]
 [ 0.73373091 -0.04591157  0.40649715  0.25681765  1.          0.13401881
  -0.08760004  0.14512418 -2.         -0.15378595 -0.00507151  0.58514613
  -0.26723025  0.22716741  0.56267981  0.07856325  0.08941296 -0.05969706
  -0.25061244 -0.33295066]
 [ 0.2348755  -0.02197819 -0.57535802 -0.41254193  0.37888539 -0.00618209
  -0.12822019 -0.50724969 -0.15378595 -2.         -0.54978183 -0.16282754
   0.1100235  -0.39958965 -0.12162976 -0.70885689  0.05085119 -0.63273611
  -0.52567897  0.13287553]
 [-0.3450391  -0.41136658 -0.52488621 -0.59450216 -0.3068752  -0.01203149
  -0.57156584 -0.75706979 -0.00507151 -0.54978183 -2.         -0.25506351
  -0.0762387  -0.76030253 -0.52273581 -0.57944954 -0.16596185 -0.66345623
  -0.64797905 -0.28940141]
 [ 0.03477505  0.06435433 -0.21860438 -0.12205866  0.10091466 -0.4008027
  -0.45086811 -0.2826646   0.58514613 -0.16282754 -0.25506351 -2.
   0.30749558 -0.52517314 -0.38350457 -0.29095606 -0.50691428  0.11659486
  -0.51321644 -0.09211402]
 [ 0.75386345 -0.41960865  0.59422445  0.39330431  0.27262909 -0.18714392
  -0.22247073  0.03900487 -0.26723025  0.1100235  -0.0762387   0.30749558
  -2.         -0.06497815  0.91349157  0.4736698  -0.32995124  0.07469857
  -0.44596327 -0.2955386 ]
 [-0.11993279 -0.44291765 -0.5770836  -0.530424   -0.22007971 -0.35783211
  -0.54528779 -0.6071805   0.22716741 -0.39958965 -0.76030253 -0.52517314
  -0.06497815 -2.         -0.44800914 -0.48438602 -0.42832473 -0.39856697
  -0.60938262 -0.1611008 ]
 [-0.14275233  0.55790034 -0.54004651 -0.52478596  0.63718118  0.18616778
  -0.3513957  -0.39431706  0.56267981 -0.12162976 -0.52273581 -0.38350457
   0.91349157 -0.44800914 -2.         -0.6144196  -0.02459918 -0.11872366
  -0.30214199  0.07169016]
 [-0.06146117  0.297634   -0.79916237 -0.63779295  0.58296608  0.00263712
  -0.32330474 -0.5039594   0.07856325 -0.70885689 -0.57944954 -0.29095606
   0.4736698  -0.48438602 -0.6144196  -2.         -0.01679432 -0.5473857
  -0.3813088   0.16946843]
 [ 0.42661932 -0.34399238 -0.12778821 -0.11962519  0.26010506 -0.67150293
  -0.60660378 -0.24961665  0.08941296  0.05085119 -0.16596185 -0.50691428
  -0.32995124 -0.42832473 -0.02459918 -0.01679432 -2.          0.07675754
  -0.4940933  -0.4138144 ]
 [-0.05696841 -0.31724597 -0.34850299 -0.45611657 -0.19265034  0.2895586
  -0.33206199 -0.66728343 -0.05969706 -0.63273611 -0.66345623  0.11659486
   0.07469857 -0.39856697 -0.11872366 -0.5473857   0.07675754 -2.
  -0.56150269  0.02521518]
 [-0.1533278  -0.42865135 -0.2065101  -0.44861768 -0.28975988 -0.33360597
  -0.59571688 -0.58691878 -0.25061244 -0.52567897 -0.64797905 -0.51321644
  -0.44596327 -0.60938262 -0.30214199 -0.3813088  -0.4940933  -0.56150269
  -2.         -0.57538433]
 [ 0.47594565 -0.24591287  0.34782349  0.14931474  0.39648259 -0.09291259
  -0.53366233 -0.06150521 -0.33295066  0.13287553 -0.28940141 -0.09211402
  -0.2955386  -0.1611008   0.07169016  0.16946843 -0.4138144   0.02521518
  -0.57538433 -2.        ]]

Maxsm is
 [ 0.8116471   0.55790034  0.76078204  0.39330431  1.          0.8116471
 -0.08760004  0.14512418  1.          0.37888539 -0.00507151  0.58514613
  0.91349157  0.22716741  0.91349157  0.58296608  0.42661932  0.2895586
 -0.1533278   0.47594565]

ASF wv is [0. 1. 1. 1. 0. 0. 1. 1. 0. 1. 1. 1. 0. 1. 0. 1. 1. 1. 1. 1.]

############################################################################################

############################################################################################

comm_round: 0 | global_acc: 59.131% | global_f1: 0.7431713373536716 | global_precision: 0.5913068021450748 | global bin 0.5913068056106567

Simulate Models Sent to Clients

Total time for client_1 : local training was 10.823406099996646
Total time for client_2 : local training was 10.438205900005414
Total time for client_3 : local training was 10.842079999987618
Total time for client_4 : local training was 10.622495099989465
Total time for client_5 : local training was 10.32384969999839
Total time for client_6 : local training was 10.905311200011056
Total time for client_7 : local training was 10.689196300008916
Total time for client_8 : local training was 10.352054500006489
Total time for client_9 : local training was 10.236845999999787
Total time for client_10 : local training was 10.716528299992206
Total time for client_11 : local training was 10.674193700004253
Total time for client_12 : local training was 10.433602099990821
Total time for client_13 : local training was 10.789736699996865
Total time for client_14 : local training was 10.683001299999887
Total time for client_15 : local training was 10.522651999999653
Total time for client_16 : local training was 10.926453299995046
Total time for client_17 : local training was 10.719295300004887
Total time for client_18 : local training was 10.755150900004082
Total time for client_19 : local training was 10.404808599996613
Total time for client_20 : local training was 10.89369200001238

Total Client Grads Scaled : 20 unscaled 20

aggregate_gradients Total Client Grads: 20

ASF Similarity is
 [[-2.         -0.89214221 -0.80497958 -0.86080271 -0.74193336 -0.4312381
  -0.58009027 -0.94074033 -0.81791772 -0.86270818 -0.41694933 -0.7458924
  -0.62459532  0.09911747 -0.95643316 -0.93009087 -0.87254815 -0.95799522
  -0.82783434 -0.84187307]
 [-0.89214221 -2.         -0.8599179  -0.86873929 -0.71610975 -0.64666146
  -0.37000862 -0.87649871 -0.82588602 -0.86359577 -0.22040161 -0.57129953
  -0.76063785  0.56555634 -0.91949463 -0.93750935 -0.82079338 -0.93245897
  -0.90510594 -0.94378804]
 [-0.80497958 -0.8599179  -2.         -0.78595333 -0.81082528 -0.75469641
  -0.7894441  -0.80901912 -0.90824039 -0.59928712 -0.58569755 -0.81696462
  -0.93820153 -0.16429939 -0.84339465 -0.9109576  -0.85035025 -0.88895852
  -0.80977744 -0.81931498]
 [-0.86080271 -0.86873929 -0.78595333 -2.         -0.45353696 -0.22187358
  -0.31197846 -0.81527441 -0.69070869 -0.89735526  0.14908293 -0.65658974
  -0.62509666  0.75464703 -0.85242182 -0.86572635 -0.75668495 -0.85910849
  -0.72721906 -0.84544522]
 [-0.74193336 -0.71610975 -0.81082528 -0.45353696 -2.         -0.87164924
  -0.67705757 -0.84759637 -0.78913304 -0.46361333 -0.86787084 -0.55615129
  -0.72882701 -0.42361496 -0.78529087 -0.82976059 -0.63252362 -0.86654948
  -0.79770279 -0.62898525]
 [-0.4312381  -0.64666146 -0.75469641 -0.22187358 -0.87164924 -2.
  -0.60909188 -0.56318409 -0.72573436 -0.12836898 -0.82703255 -0.38423262
  -0.79942569 -0.28040405 -0.54166175 -0.70032242 -0.51698741 -0.65760474
  -0.72547379 -0.57874212]
 [-0.58009027 -0.37000862 -0.7894441  -0.31197846 -0.67705757 -0.60909188
  -2.         -0.54477292 -0.75122231  0.02173888 -0.74220445 -0.81897224
  -0.76041353 -0.65247403 -0.58475578 -0.64063533 -0.76835013 -0.58528226
  -0.37203991 -0.35762973]
 [-0.94074033 -0.87649871 -0.80901912 -0.81527441 -0.84759637 -0.56318409
  -0.54477292 -2.         -0.78406493 -0.84128472 -0.55110403 -0.70689091
  -0.62607916 -0.00313969 -0.94643856 -0.91744316 -0.79849727 -0.9629706
  -0.84228503 -0.8078636 ]
 [-0.81791772 -0.82588602 -0.90824039 -0.69070869 -0.78913304 -0.72573436
  -0.75122231 -0.78406493 -2.         -0.53498724 -0.51086006 -0.73720817
  -0.88352626  0.01912481 -0.86419072 -0.91581667 -0.91536591 -0.86237707
  -0.82606085 -0.79109816]
 [-0.86270818 -0.86359577 -0.59928712 -0.89735526 -0.46361333 -0.12836898
   0.02173888 -0.84128472 -0.53498724 -2.          0.2087083  -0.42787609
  -0.33979252  1.         -0.85426533 -0.83997458 -0.64807479 -0.86417994
  -0.73941027 -0.83313504]
 [-0.41694933 -0.22040161 -0.58569755  0.14908293 -0.86787084 -0.82703255
  -0.74220445 -0.55110403 -0.51086006  0.2087083  -2.         -0.50310976
  -0.54514192 -0.74677661 -0.44811908 -0.49937104 -0.40838504 -0.5338961
  -0.36766692 -0.11075092]
 [-0.7458924  -0.57129953 -0.81696462 -0.65658974 -0.55615129 -0.38423262
  -0.81897224 -0.70689091 -0.73720817 -0.42787609 -0.50310976 -2.
  -0.70780265 -0.32400393 -0.75162089 -0.75826019 -0.82171068 -0.71567184
  -0.41730341 -0.57149189]
 [-0.62459532 -0.76063785 -0.93820153 -0.62509666 -0.72882701 -0.79942569
  -0.76041353 -0.62607916 -0.88352626 -0.33979252 -0.54514192 -0.70780265
  -2.         -0.06027243 -0.6800225  -0.82405194 -0.76486591 -0.75165977
  -0.70500523 -0.72617703]
 [ 0.09911747  0.56555634 -0.16429939  0.75464703 -0.42361496 -0.28040405
  -0.65247403 -0.00313969  0.01912481  1.         -0.74677661 -0.32400393
  -0.06027243 -2.          0.14483894  0.0988029  -0.05850951  0.03283162
   0.48318887  0.67741499]
 [-0.95643316 -0.91949463 -0.84339465 -0.85242182 -0.78529087 -0.54166175
  -0.58475578 -0.94643856 -0.86419072 -0.85426533 -0.44811908 -0.75162089
  -0.6800225   0.14483894 -2.         -0.94440643 -0.87319147 -0.96070143
  -0.87899039 -0.87082659]
 [-0.93009087 -0.93750935 -0.9109576  -0.86572635 -0.82976059 -0.70032242
  -0.64063533 -0.91744316 -0.91581667 -0.83997458 -0.49937104 -0.75826019
  -0.82405194  0.0988029  -0.94440643 -2.         -0.90366158 -0.97307647
  -0.90503398 -0.92006171]
 [-0.87254815 -0.82079338 -0.85035025 -0.75668495 -0.63252362 -0.51698741
  -0.76835013 -0.79849727 -0.91536591 -0.64807479 -0.40838504 -0.82171068
  -0.76486591 -0.05850951 -0.87319147 -0.90366158 -2.         -0.85025966
  -0.73740379 -0.78902905]
 [-0.95799522 -0.93245897 -0.88895852 -0.85910849 -0.86654948 -0.65760474
  -0.58528226 -0.9629706  -0.86237707 -0.86417994 -0.5338961  -0.71567184
  -0.75165977  0.03283162 -0.96070143 -0.97307647 -0.85025966 -2.
  -0.91703691 -0.88961089]
 [-0.82783434 -0.90510594 -0.80977744 -0.72721906 -0.79770279 -0.72547379
  -0.37203991 -0.84228503 -0.82606085 -0.73941027 -0.36766692 -0.41730341
  -0.70500523  0.48318887 -0.87899039 -0.90503398 -0.73740379 -0.91703691
  -2.         -0.84101475]
 [-0.84187307 -0.94378804 -0.81931498 -0.84544522 -0.62898525 -0.57874212
  -0.35762973 -0.8078636  -0.79109816 -0.83313504 -0.11075092 -0.57149189
  -0.72617703  0.67741499 -0.87082659 -0.92006171 -0.78902905 -0.88961089
  -0.84101475 -2.        ]]

Maxsm is
 [ 0.09911747  0.56555634 -0.16429939  0.75464703 -0.42361496 -0.12836898
  0.02173888 -0.00313969  0.01912481  1.          0.2087083  -0.32400393
 -0.06027243  1.          0.14483894  0.0988029  -0.05850951  0.03283162
  0.48318887  0.67741499]

ASF wv is [1.         1.         0.94681148 1.         0.         1.
 1.         1.         1.         0.         1.         0.
 1.         0.         1.         1.         1.         1.
 1.         1.        ]

############################################################################################

############################################################################################

comm_round: 1 | global_acc: 59.131% | global_f1: 0.7431713373536716 | global_precision: 0.5913068021450748 | global bin 0.5913068056106567

Simulate Models Sent to Clients

Total time for client_1 : local training was 10.793169299999136
Total time for client_2 : local training was 10.463712299999315
Total time for client_3 : local training was 10.924890599999344
Total time for client_4 : local training was 10.716874399993685
Total time for client_5 : local training was 10.667482099990593
Total time for client_6 : local training was 10.333939300006023
Total time for client_7 : local training was 10.776514500001213
Total time for client_8 : local training was 10.6940101999935
Total time for client_9 : local training was 10.290450299988152
Total time for client_10 : local training was 10.351404999993974
Total time for client_11 : local training was 10.618149400004768
Total time for client_12 : local training was 10.277528700011317
Total time for client_13 : local training was 10.28736360000039
Total time for client_14 : local training was 10.900947000001906
Total time for client_15 : local training was 10.871390500004054
Total time for client_16 : local training was 10.439292499999283
Total time for client_17 : local training was 10.729538899991894
Total time for client_18 : local training was 10.868325899995398
Total time for client_19 : local training was 10.353307600002154
Total time for client_20 : local training was 10.903101500007324

Total Client Grads Scaled : 20 unscaled 20

aggregate_gradients Total Client Grads: 20

ASF Similarity is
 [[-2.         -0.5005897   0.22195694 -0.38852816 -0.69407075 -0.28629633
  -0.04931653 -0.81517494 -0.52362639 -0.1020474  -0.4695593  -0.74451336
  -0.72763887 -0.19517907 -0.45010511 -0.53327682  0.00231084 -0.1050432
  -0.67978083 -0.7562653 ]
 [-0.5005897  -2.         -0.30351592 -0.69453947 -0.41360349 -0.47470141
  -0.67875779 -0.13362398 -0.63505839 -0.54180472 -0.77561412 -0.0672916
  -0.4407113  -0.78945394 -0.88012906 -0.08110048 -0.72790196 -0.69737205
  -0.63467042 -0.49633783]
 [ 0.22195694 -0.30351592 -2.          0.05501663  0.36937763  0.75815378
  -0.16613768  0.71827344 -0.08608454  0.59466137  0.10450381  1.
   0.54556729 -0.05621728 -0.32210942  0.72341995 -0.56858391 -0.59695789
   0.58433914 -0.23299545]
 [-0.38852816 -0.69453947  0.05501663 -2.         -0.49087182 -0.7944257
  -0.75767053 -0.10921618 -0.62576748 -0.79944428 -0.8532105  -0.11987612
  -0.428864   -0.83808294 -0.76702033 -0.00434436 -0.43565666 -0.39197519
  -0.75367387 -0.42819568]
 [-0.69407075 -0.41360349  0.36937763 -0.49087182 -2.         -0.42128784
  -0.09257101 -0.63137811 -0.4894008  -0.28566551 -0.53327933 -0.62681792
  -0.76394119 -0.24916174 -0.45972089 -0.51889039  0.03451773 -0.04235128
  -0.70135953 -0.61128792]
 [-0.28629633 -0.47470141  0.75815378 -0.7944257  -0.42128784 -2.
  -0.57003285  0.07289862 -0.28535759 -0.86852825 -0.74880787 -0.02954191
  -0.32195463 -0.73625076 -0.56362478  0.09813901 -0.04070942 -0.04234841
  -0.71120128 -0.11320139]
 [-0.04931653 -0.67875779 -0.16613768 -0.75767053 -0.09257101 -0.57003285
  -2.          0.31002415 -0.57869198 -0.71362172 -0.7300055   0.41687829
  -0.05294582 -0.8047532  -0.7651225  -0.03470958 -0.64499274 -0.48312862
  -0.5118546  -0.21989515]
 [-0.81517494 -0.13362398  0.71827344 -0.10921618 -0.63137811  0.07289862
   0.31002415 -2.         -0.29722096  0.24151558 -0.1345492  -0.7505858
  -0.58770687  0.12123209 -0.1633492  -0.51565905  0.42027533  0.31766815
  -0.52690113 -0.58467668]
 [-0.52362639 -0.63505839 -0.08608454 -0.62576748 -0.4894008  -0.28535759
  -0.57869198 -0.29722096 -2.         -0.31503312 -0.54123253 -0.2564115
  -0.44464601 -0.53271669 -0.6527034  -0.25413892 -0.49612864 -0.48322599
  -0.57212327 -0.63044741]
 [-0.1020474  -0.54180472  0.59466137 -0.79944428 -0.28566551 -0.86852825
  -0.71362172  0.24151558 -0.31503312 -2.         -0.73836836  0.12253657
  -0.19771962 -0.71724297 -0.56371863  0.07931151 -0.19377175 -0.04830761
  -0.65405146 -0.09395019]
 [-0.4695593  -0.77561412  0.10450381 -0.8532105  -0.53327933 -0.74880787
  -0.7300055  -0.1345492  -0.54123253 -0.73836836 -2.         -0.10684162
  -0.44238942 -0.81874043 -0.73742618 -0.04625922 -0.43829253 -0.41230017
  -0.75859262 -0.40879975]
 [-0.74451336 -0.0672916   1.         -0.11987612 -0.62681792 -0.02954191
   0.41687829 -0.7505858  -0.2564115   0.12253657 -0.10684162 -2.
  -0.6652177   0.17921346 -0.09460085 -0.61595967  0.64946936  0.60336922
  -0.62624904 -0.52116395]
 [-0.72763887 -0.4407113   0.54556729 -0.428864   -0.76394119 -0.32195463
  -0.05294582 -0.58770687 -0.44464601 -0.19771962 -0.44238942 -0.6652177
  -2.         -0.23127466 -0.38846295 -0.55839608  0.03619718  0.0512246
  -0.69982763 -0.49138018]
 [-0.19517907 -0.78945394 -0.05621728 -0.83808294 -0.24916174 -0.73625076
  -0.8047532   0.12123209 -0.53271669 -0.71724297 -0.81874043  0.17921346
  -0.23127466 -2.         -0.80952862  0.07760535 -0.58793853 -0.53154778
  -0.62326953 -0.29563577]
 [-0.45010511 -0.88012906 -0.32210942 -0.76702033 -0.45972089 -0.56362478
  -0.7651225  -0.1633492  -0.6527034  -0.56371863 -0.73742618 -0.09460085
  -0.38846295 -0.80952862 -2.         -0.21343722 -0.73765192 -0.72328612
  -0.64776637 -0.58138704]
 [-0.53327682 -0.08110048  0.72341995 -0.00434436 -0.51889039  0.09813901
  -0.03470958 -0.51565905 -0.25413892  0.07931151 -0.04625922 -0.61595967
  -0.55839608  0.07760535 -0.21343722 -2.          0.42141448  0.46004369
  -0.40434752 -0.36517871]
 [ 0.00231084 -0.72790196 -0.56858391 -0.43565666  0.03451773 -0.04070942
  -0.64499274  0.42027533 -0.49612864 -0.19377175 -0.43829253  0.64946936
   0.03619718 -0.58793853 -0.73765192  0.42141448 -2.         -0.79778181
  -0.15782442 -0.30563018]
 [-0.1050432  -0.69737205 -0.59695789 -0.39197519 -0.04235128 -0.04234841
  -0.48312862  0.31766815 -0.48322599 -0.04830761 -0.41230017  0.60336922
   0.0512246  -0.53154778 -0.72328612  0.46004369 -0.79778181 -2.
  -0.14748934 -0.3517865 ]
 [-0.67978083 -0.63467042  0.58433914 -0.75367387 -0.70135953 -0.71120128
  -0.5118546  -0.52690113 -0.57212327 -0.65405146 -0.75859262 -0.62624904
  -0.69982763 -0.62326953 -0.64776637 -0.40434752 -0.15782442 -0.14748934
  -2.         -0.52337069]
 [-0.7562653  -0.49633783 -0.23299545 -0.42819568 -0.61128792 -0.11320139
  -0.21989515 -0.58467668 -0.63044741 -0.09395019 -0.40879975 -0.52116395
  -0.49138018 -0.29563577 -0.58138704 -0.36517871 -0.30563018 -0.3517865
  -0.52337069 -2.        ]]

Maxsm is
 [ 0.22195694 -0.0672916   1.          0.05501663  0.36937763  0.75815378
  0.41687829  0.71827344 -0.08608454  0.59466137  0.10450381  1.
  0.54556729  0.17921346 -0.09460085  0.72341995  0.64946936  0.60336922
  0.58433914 -0.09395019]

ASF wv is [1.         1.         0.         1.         1.         1.
 1.         0.8220034  1.         1.         1.         0.
 1.         1.         1.         0.66049579 1.         1.
 1.         1.        ]

############################################################################################

############################################################################################

comm_round: 2 | global_acc: 59.131% | global_f1: 0.7431713373536716 | global_precision: 0.5913068021450748 | global bin 0.5913068056106567

Simulate Models Sent to Clients

Total time for client_1 : local training was 10.742280299993581
Total time for client_2 : local training was 10.463974700003746
Total time for client_3 : local training was 10.753405700001167
Total time for client_4 : local training was 10.70755089999875
Total time for client_5 : local training was 10.648772200001986
Total time for client_6 : local training was 10.482804100000067
Total time for client_7 : local training was 10.910632500002976
Total time for client_8 : local training was 10.587939400007599
Total time for client_9 : local training was 10.537004400001024
Total time for client_10 : local training was 10.899295799987158
Total time for client_11 : local training was 10.700390300000436
Total time for client_12 : local training was 10.288066900000558
Total time for client_13 : local training was 10.40181229999871
Total time for client_14 : local training was 10.866179800010286
Total time for client_15 : local training was 10.72096109999984
Total time for client_16 : local training was 10.370601700007683
Total time for client_17 : local training was 10.768305599995074
Total time for client_18 : local training was 10.615386899997247
Total time for client_19 : local training was 10.440174999996088
Total time for client_20 : local training was 10.738026199993328

Total Client Grads Scaled : 20 unscaled 20

aggregate_gradients Total Client Grads: 20

ASF Similarity is
 [[-2.         -0.74476385 -0.71784936 -0.52445234 -0.79595572  0.13531491
  -0.80016243 -0.80210563 -0.64830871 -0.59389133 -0.71104422 -0.82874741
  -0.81501663 -0.6654598  -0.72864115 -0.76170121 -0.81153656 -0.86155257
  -0.79950572 -0.81371245]
 [-0.74476385 -2.         -0.91166465 -0.17928185 -0.91998548 -0.43532816
  -0.73429526 -0.88679296 -0.89946408 -0.59309047 -0.77992584 -0.87897822
  -0.57812254 -0.79770959 -0.65315098 -0.66010027 -0.87834053 -0.7050399
  -0.92358965 -0.51080363]
 [-0.71784936 -0.91166465 -2.         -0.23013407 -0.90568    -0.47877348
  -0.68948535 -0.88882536 -0.9106392  -0.64792574 -0.76169447 -0.88310669
  -0.57999222 -0.78041263 -0.64207361 -0.58991561 -0.88070761 -0.6881606
  -0.9262929  -0.50866654]
 [-0.52445234 -0.17928185 -0.23013407 -2.         -0.223772    1.
  -0.32534756 -0.26286952 -0.03682966 -0.15993327 -0.10476644 -0.33745851
  -0.49791421 -0.28671281 -0.28631139 -0.34513676 -0.25777188 -0.3909512
  -0.22567523 -0.41615014]
 [-0.79595572 -0.91998548 -0.90568    -0.223772   -2.         -0.38050861
  -0.74021297 -0.90634841 -0.85521312 -0.7059894  -0.79305278 -0.92217122
  -0.65851471 -0.84428146 -0.73522237 -0.68016556 -0.90802576 -0.72760647
  -0.93072666 -0.64612763]
 [ 0.13531491 -0.43532816 -0.47877348  1.         -0.38050861 -2.
   0.10754124 -0.32814177 -0.61833664  0.30860957 -0.05201418 -0.32558355
   0.35778231 -0.19457642  0.10706089  0.1212115  -0.32145293  0.14945189
  -0.45308368  0.58683217]
 [-0.80016243 -0.73429526 -0.68948535 -0.32534756 -0.74021297  0.10754124
  -2.         -0.75960522 -0.68267292 -0.57618826 -0.61171968 -0.77872328
  -0.70682564 -0.63319631 -0.70105998 -0.74692629 -0.78675145 -0.83115718
  -0.78171418 -0.6162448 ]
 [-0.80210563 -0.88679296 -0.88882536 -0.26286952 -0.90634841 -0.32814177
  -0.75960522 -2.         -0.8497158  -0.71124868 -0.77247184 -0.92137025
  -0.67737892 -0.81047009 -0.72623611 -0.69971483 -0.90053396 -0.77702096
  -0.92493484 -0.62592834]
 [-0.64830871 -0.89946408 -0.9106392  -0.03682966 -0.85521312 -0.61833664
  -0.68267292 -0.8497158  -2.         -0.49823249 -0.7060482  -0.86492406
  -0.58996187 -0.75547317 -0.63814048 -0.65923485 -0.87853898 -0.68939566
  -0.91300284 -0.44446369]
 [-0.59389133 -0.59309047 -0.64792574 -0.15993327 -0.7059894   0.30860957
  -0.57618826 -0.71124868 -0.49823249 -2.         -0.65144746 -0.68761286
  -0.57712186 -0.58034645 -0.55361166 -0.44283604 -0.68101771 -0.59535968
  -0.66493219 -0.49856531]
 [-0.71104422 -0.77992584 -0.76169447 -0.10476644 -0.79305278 -0.05201418
  -0.61171968 -0.77247184 -0.7060482  -0.65144746 -2.         -0.78399987
  -0.53932063 -0.69048301 -0.65221263 -0.64935358 -0.81688416 -0.65704007
  -0.81279136 -0.50929323]
 [-0.82874741 -0.87897822 -0.88310669 -0.33745851 -0.92217122 -0.32558355
  -0.77872328 -0.92137025 -0.86492406 -0.68761286 -0.78399987 -2.
  -0.71202835 -0.81651996 -0.74897962 -0.73275457 -0.93067777 -0.80863873
  -0.93105601 -0.65829257]
 [-0.81501663 -0.57812254 -0.57999222 -0.49791421 -0.65851471  0.35778231
  -0.70682564 -0.67737892 -0.58996187 -0.57712186 -0.53932063 -0.71202835
  -2.         -0.39335849 -0.60088772 -0.69679427 -0.67361313 -0.78080102
  -0.7107774  -0.82659242]
 [-0.6654598  -0.79770959 -0.78041263 -0.28671281 -0.84428146 -0.19457642
  -0.63319631 -0.81047009 -0.75547317 -0.58034645 -0.69048301 -0.81651996
  -0.39335849 -2.         -0.62936111 -0.58597019 -0.80029753 -0.62608466
  -0.81853831 -0.37801126]
 [-0.72864115 -0.65315098 -0.64207361 -0.28631139 -0.73522237  0.10706089
  -0.70105998 -0.72623611 -0.63814048 -0.55361166 -0.65221263 -0.74897962
  -0.60088772 -0.62936111 -2.         -0.58621137 -0.76035397 -0.69187024
  -0.73508839 -0.5518516 ]
 [-0.76170121 -0.66010027 -0.58991561 -0.34513676 -0.68016556  0.1212115
  -0.74692629 -0.69971483 -0.65923485 -0.44283604 -0.64935358 -0.73275457
  -0.69679427 -0.58597019 -0.58621137 -2.         -0.70618452 -0.82482485
  -0.7436638  -0.61359685]
 [-0.81153656 -0.87834053 -0.88070761 -0.25777188 -0.90802576 -0.32145293
  -0.78675145 -0.90053396 -0.87853898 -0.68101771 -0.81688416 -0.93067777
  -0.67361313 -0.80029753 -0.76035397 -0.70618452 -2.         -0.75651791
  -0.92142718 -0.6423207 ]
 [-0.86155257 -0.7050399  -0.6881606  -0.3909512  -0.72760647  0.14945189
  -0.83115718 -0.77702096 -0.68939566 -0.59535968 -0.65704007 -0.80863873
  -0.78080102 -0.62608466 -0.69187024 -0.82482485 -0.75651791 -2.
  -0.77415999 -0.75275222]
 [-0.79950572 -0.92358965 -0.9262929  -0.22567523 -0.93072666 -0.45308368
  -0.78171418 -0.92493484 -0.91300284 -0.66493219 -0.81279136 -0.93105601
  -0.7107774  -0.81853831 -0.73508839 -0.7436638  -0.92142718 -0.77415999
  -2.         -0.6101073 ]
 [-0.81371245 -0.51080363 -0.50866654 -0.41615014 -0.64612763  0.58683217
  -0.6162448  -0.62592834 -0.44446369 -0.49856531 -0.50929323 -0.65829257
  -0.82659242 -0.37801126 -0.5518516  -0.61359685 -0.6423207  -0.75275222
  -0.6101073  -2.        ]]

Maxsm is
 [ 0.13531491 -0.17928185 -0.23013407  1.         -0.223772    1.
  0.10754124 -0.26286952 -0.03682966  0.30860957 -0.05201418 -0.32558355
  0.35778231 -0.19457642  0.10706089  0.1212115  -0.25777188  0.14945189
 -0.22567523  0.58683217]

ASF wv is [1. 1. 1. 0. 1. 0. 1. 1. 1. 1. 1. 1. 1. 1. 1. 1. 1. 1. 1. 1.]

############################################################################################

############################################################################################

comm_round: 3 | global_acc: 59.131% | global_f1: 0.7431713373536716 | global_precision: 0.5913068021450748 | global bin 0.5913068056106567

Simulate Models Sent to Clients

Total time for client_1 : local training was 10.683892200002447
Total time for client_2 : local training was 10.672011299990118
Total time for client_3 : local training was 10.41752699999779
Total time for client_4 : local training was 10.946135300007882
Total time for client_5 : local training was 10.663868999996339
Total time for client_6 : local training was 10.436395800003083
Total time for client_7 : local training was 10.854948100008187
Total time for client_8 : local training was 10.6069800999976
Total time for client_9 : local training was 10.603514599992195
Total time for client_10 : local training was 10.927424199995585
Total time for client_11 : local training was 10.627344799999264
Total time for client_12 : local training was 10.58598560000246
Total time for client_13 : local training was 10.252255400002468
Total time for client_14 : local training was 10.74272930000734
Total time for client_15 : local training was 10.578567399992608
Total time for client_16 : local training was 10.590554700000212
Total time for client_17 : local training was 10.455551899998682
Total time for client_18 : local training was 10.745156099990709
Total time for client_19 : local training was 10.685528599991812
Total time for client_20 : local training was 10.470453000001726

Total Client Grads Scaled : 20 unscaled 20

aggregate_gradients Total Client Grads: 20

ASF Similarity is
 [[-2.         -0.73346849 -0.87598941 -0.74189289 -0.83363676 -0.8444427
  -0.90083296 -0.72117002 -0.56241528 -0.62521177 -0.84274104 -0.77530413
  -0.5914413  -0.87865159 -0.33466099 -0.65041907 -0.0870808   0.02873433
  -0.78371982 -0.8281802 ]
 [-0.73346849 -2.         -0.67178826 -0.51642878 -0.88812266 -0.80520047
  -0.78323045 -0.48100699 -0.78898055 -0.32419784 -0.84374235 -0.56877441
  -0.29304215 -0.6996166   0.02681756 -0.29869343  0.4191905   0.53947502
  -0.61380507 -0.66803302]
 [-0.87598941 -0.67178826 -2.         -0.88120486 -0.79787148 -0.81867991
  -0.90357044 -0.88719849 -0.43389205 -0.80377119 -0.79609158 -0.9052195
  -0.81566253 -0.93222977 -0.63745818 -0.79369019 -0.44361081 -0.32307011
  -0.92200298 -0.89742756]
 [-0.74189289 -0.51642878 -0.88120486 -2.         -0.65785698 -0.70337687
  -0.80311591 -0.81867807 -0.26692426 -0.71594203 -0.68885955 -0.83763001
  -0.73461043 -0.8679592  -0.58915579 -0.72136995 -0.35559487 -0.23541627
  -0.82805593 -0.82227165]
 [-0.83363676 -0.88812266 -0.79787148 -0.65785698 -2.         -0.91073524
  -0.86476228 -0.61064546 -0.76034708 -0.53248492 -0.92156228 -0.67226737
  -0.45378902 -0.81806054 -0.15849679 -0.45418826  0.16570632  0.24872367
  -0.71920847 -0.77373157]
 [-0.8444427  -0.80520047 -0.81867991 -0.70337687 -0.91073524 -2.
  -0.88663214 -0.66249184 -0.70755565 -0.55663797 -0.89254918 -0.69010487
  -0.55815626 -0.78404545 -0.20211315 -0.51874051  0.05388047  0.14239366
  -0.75787641 -0.8165266 ]
 [-0.90083296 -0.78323045 -0.90357044 -0.80311591 -0.86476228 -0.88663214
  -2.         -0.80721924 -0.61445167 -0.73688449 -0.87024791 -0.81391212
  -0.71380248 -0.91042238 -0.45340675 -0.70272576 -0.2118895  -0.1144838
  -0.89120847 -0.89311427]
 [-0.72117002 -0.48100699 -0.88719849 -0.81867807 -0.61064546 -0.66249184
  -0.80721924 -2.         -0.17782514 -0.91455671 -0.6350076  -0.8815603
  -0.92292207 -0.85359939 -0.75107426 -0.88182029 -0.63052617 -0.56555464
  -0.92392899 -0.8084032 ]
 [-0.56241528 -0.78898055 -0.43389205 -0.26692426 -0.76034708 -0.70755565
  -0.61445167 -0.17782514 -2.         -0.04277448 -0.70016209 -0.23425452
   0.06050736 -0.43581629  0.52017841  0.02527474  0.95608207  1.
  -0.35139121 -0.43166188]
 [-0.62521177 -0.32419784 -0.80377119 -0.71594203 -0.53248492 -0.55663797
  -0.73688449 -0.91455671 -0.04277448 -2.         -0.53808968 -0.84881128
  -0.89895584 -0.81158375 -0.79862865 -0.90387834 -0.68637566 -0.60447377
  -0.86331088 -0.73814722]
 [-0.84274104 -0.84374235 -0.79609158 -0.68885955 -0.92156228 -0.89254918
  -0.87024791 -0.6350076  -0.70016209 -0.53808968 -2.         -0.69230309
  -0.52258617 -0.8171364  -0.18699778 -0.5173882   0.10565821  0.17007285
  -0.73754009 -0.78664197]
 [-0.77530413 -0.56877441 -0.9052195  -0.83763001 -0.67226737 -0.69010487
  -0.81391212 -0.8815603  -0.23425452 -0.84881128 -0.69230309 -2.
  -0.83604925 -0.87451346 -0.63952509 -0.82319309 -0.50275754 -0.35398985
  -0.91211722 -0.84703975]
 [-0.5914413  -0.29304215 -0.81566253 -0.73461043 -0.45378902 -0.55815626
  -0.71380248 -0.92292207  0.06050736 -0.89895584 -0.52258617 -0.83604925
  -2.         -0.76778248 -0.80955954 -0.9079385  -0.76639022 -0.68631279
  -0.86753508 -0.72441679]
 [-0.87865159 -0.6996166  -0.93222977 -0.8679592  -0.81806054 -0.78404545
  -0.91042238 -0.85359939 -0.43581629 -0.81158375 -0.8171364  -0.87451346
  -0.76778248 -2.         -0.56909668 -0.79482095 -0.38293397 -0.23831661
  -0.88856211 -0.88525812]
 [-0.33466099  0.02681756 -0.63745818 -0.58915579 -0.15849679 -0.20211315
  -0.45340675 -0.75107426  0.52017841 -0.79862865 -0.18699778 -0.63952509
  -0.80955954 -0.56909668 -2.         -0.77224859 -0.78829442 -0.66488852
  -0.68223456 -0.48966533]
 [-0.65041907 -0.29869343 -0.79369019 -0.72136995 -0.45418826 -0.51874051
  -0.70272576 -0.88182029  0.02527474 -0.90387834 -0.5173882  -0.82319309
  -0.9079385  -0.79482095 -0.77224859 -2.         -0.68673656 -0.58055402
  -0.8500245  -0.67589268]
 [-0.0870808   0.4191905  -0.44361081 -0.35559487  0.16570632  0.05388047
  -0.2118895  -0.63052617  0.95608207 -0.68637566  0.10565821 -0.50275754
  -0.76639022 -0.38293397 -0.78829442 -0.68673656 -2.         -0.85318186
  -0.51166192 -0.30661383]
 [ 0.02873433  0.53947502 -0.32307011 -0.23541627  0.24872367  0.14239366
  -0.1144838  -0.56555464  1.         -0.60447377  0.17007285 -0.35398985
  -0.68631279 -0.23831661 -0.66488852 -0.58055402 -0.85318186 -2.
  -0.39801799 -0.19177165]
 [-0.78371982 -0.61380507 -0.92200298 -0.82805593 -0.71920847 -0.75787641
  -0.89120847 -0.92392899 -0.35139121 -0.86331088 -0.73754009 -0.91211722
  -0.86753508 -0.88856211 -0.68223456 -0.8500245  -0.51166192 -0.39801799
  -2.         -0.8737111 ]
 [-0.8281802  -0.66803302 -0.89742756 -0.82227165 -0.77373157 -0.8165266
  -0.89311427 -0.8084032  -0.43166188 -0.73814722 -0.78664197 -0.84703975
  -0.72441679 -0.88525812 -0.48966533 -0.67589268 -0.30661383 -0.19177165
  -0.8737111  -2.        ]]

Maxsm is
 [ 0.02873433  0.53947502 -0.32307011 -0.23541627  0.24872367  0.14239366
 -0.1144838  -0.17782514  1.         -0.04277448  0.17007285 -0.23425452
  0.06050736 -0.23831661  0.52017841  0.02527474  0.95608207  1.
 -0.35139121 -0.19177165]

ASF wv is [1.         1.         0.47101859 1.         1.         1.
 1.         1.         0.         1.         1.         0.98335019
 1.         1.         1.         1.         0.82617357 0.
 0.13241372 1.        ]

############################################################################################

############################################################################################

comm_round: 4 | global_acc: 59.131% | global_f1: 0.7431713373536716 | global_precision: 0.5913068021450748 | global bin 0.5913068056106567

Simulate Models Sent to Clients

Total time for client_1 : local training was 10.451841399990371
Total time for client_2 : local training was 10.883519700000761
Total time for client_3 : local training was 10.795380600000499
Total time for client_4 : local training was 10.518591999993077
Total time for client_5 : local training was 10.863250499998685
Total time for client_6 : local training was 10.626739899991662
Total time for client_7 : local training was 10.478348200005712
Total time for client_8 : local training was 10.72920340001292
Total time for client_9 : local training was 10.796928299998399
Total time for client_10 : local training was 10.484118999986094
Total time for client_11 : local training was 10.42384880001191
Total time for client_12 : local training was 10.785499899997376
Total time for client_13 : local training was 10.853757199991378
Total time for client_14 : local training was 10.447271400000318
Total time for client_15 : local training was 10.901445100011188
Total time for client_16 : local training was 10.563871799997287
Total time for client_17 : local training was 10.496271199997864
Total time for client_18 : local training was 10.80655169999227
Total time for client_19 : local training was 10.658878600006574
Total time for client_20 : local training was 10.321889500002726

Total Client Grads Scaled : 20 unscaled 20

aggregate_gradients Total Client Grads: 20

ASF Similarity is
 [[-2.          0.38707084  0.75159836  0.90133012  0.75352131  0.30572225
  -0.74728213  0.70431929  0.3061993   0.52593792 -0.06507649  0.4050174
   0.66730771  1.          0.53009605  0.29743301  0.82659453  0.47195601
   0.89875643  0.94241693]
 [ 0.38707084 -2.         -0.96339775 -0.93283176 -0.96668521 -0.99172005
   0.12949316 -0.96548535 -0.99195098 -0.983179   -0.85327861 -0.99108664
  -0.96845267 -0.93132303 -0.97477845 -0.99246439 -0.95051374 -0.97863597
  -0.94486719 -0.9341915 ]
 [ 0.75159836 -0.96339775 -2.         -0.98303453 -0.99278279 -0.95233705
   0.54821988 -0.99125267 -0.95814783 -0.98042089 -0.74066176 -0.9719984
  -0.9881892  -0.98320681 -0.9737233  -0.95835264 -0.99247977 -0.95244558
  -0.98825274 -0.98374168]
 [ 0.90133012 -0.93283176 -0.98303453 -2.         -0.98085614 -0.92256112
   0.67778143 -0.97512002 -0.92479592 -0.95762137 -0.67471354 -0.94739062
