###############################################################################################################################################################                   Begin label_1_sybils_asf Simulation              ###############################################################################################################################################################Starting Machine:
Loading Data...

Data Distributions:
normal (0) abnormal(1)
attack
0     9490
1    14400
dtype: int64
Data Proto Distributions:
normal (0) abnormal(1)
proto
arp            467
icmp            12
igmp             2
ipv6-icmp       88
rarp             1
tcp           8447
udp          14873
dtype: int64

Pre-Processing DataHead of Data Frame
   pkSeqID  flgs  proto  sport  ...  TnPPerProto  TnPPerDport      avgPD  attack
0     4340     1      2    0.0  ...      5525931      1322674  10.933030       0
1    24313     1      2    0.0  ...      4994350      1045163  10.965459       0
2    29744     1      2    0.0  ...      4407386      1131789  11.010636       0
3    65173     1      2    0.0  ...      4472728       972058  11.960652       0
4    93800     1      2    0.0  ...      3608282       845792  12.280588       0

[5 rows x 30 columns]
Check Data is CleanNull ValuespkSeqID        0
flgs           0
proto          0
sport          0
dport          0
pkts           0
bytes          0
state          0
seq            0
dur            0
mean           0
stddev         0
sum            0
min            0
max            0
spkts          0
dpkts          0
sbytes         0
dbytes         0
rate           0
srate          0
drate          0
TnBPsrcIP      0
TnBPDstIP      0
TnPPSrcIP      0
TnPPDstIP      0
TnPPerProto    0
TnPPerDport    0
avgPD          0
attack         0
dtype: int64

Data Features: 29 | LSTM Timesteps: 80
Create Clients: 10

Create Label Flip Sybils: 1

Flipping Labels

Number of total clients and sybils 11

Simulate Models Sent to Clients

Total time for client_1 : local training was 10.698296300004586
Total time for client_2 : local training was 10.696275800000876
Total time for client_3 : local training was 10.681290300010005
Total time for client_4 : local training was 10.575832000002265
Total time for client_5 : local training was 10.38025239999115
Total time for client_6 : local training was 10.728059699991718
Total time for client_7 : local training was 10.683977900000173
Total time for client_8 : local training was 10.689132500003325
Total time for client_9 : local training was 10.653077099996153
Total time for client_10 : local training was 10.818028599998797
Total time for client_11 : local training was 34.94526209999458

Total Client Grads Scaled : 11 unscaled 11

aggregate_gradients Total Client Grads: 11

ASF Similarity is
 [[-2.         -0.83745857 -0.91531145 -0.90732945 -0.66791318 -0.82184578
  -0.83892674 -0.89985542 -0.8679887  -0.70058937 -0.01175263]
 [-0.83745857 -2.         -0.86761473 -0.8244515  -0.59329972 -0.87353349
  -0.96943282 -0.89278853 -0.94289484 -0.87009972  0.16029567]
 [-0.91531145 -0.86761473 -2.         -0.81470143 -0.62600483 -0.89042404
  -0.90856678 -0.93288598 -0.9209347  -0.68407878  0.21428091]
 [-0.90732945 -0.8244515  -0.81470143 -2.         -0.51943357 -0.71879322
  -0.82979004 -0.78344467 -0.83608338 -0.76447772  0.04325006]
 [-0.66791318 -0.59329972 -0.62600483 -0.51943357 -2.         -0.39104193
  -0.6335003  -0.71404609 -0.651846   -0.56921239  1.        ]
 [-0.82184578 -0.87353349 -0.89042404 -0.71879322 -0.39104193 -2.
  -0.87739211 -0.78851227 -0.88978504 -0.65071695  0.04527991]
 [-0.83892674 -0.96943282 -0.90856678 -0.82979004 -0.6335003  -0.87739211
  -2.         -0.90905864 -0.96033404 -0.86645984  0.3166102 ]
 [-0.89985542 -0.89278853 -0.93288598 -0.78344467 -0.71404609 -0.78851227
  -0.90905864 -2.         -0.88040088 -0.77666222  0.3434795 ]
 [-0.8679887  -0.94289484 -0.9209347  -0.83608338 -0.651846   -0.88978504
  -0.96033404 -0.88040088 -2.         -0.81941558  0.23069141]
 [-0.70058937 -0.87009972 -0.68407878 -0.76447772 -0.56921239 -0.65071695
  -0.86645984 -0.77666222 -0.81941558 -2.          0.37475512]
 [-0.01175263  0.16029567  0.21428091  0.04325006  1.          0.04527991
   0.3166102   0.3434795   0.23069141  0.37475512 -2.        ]]

Maxsm is
 [-0.01175263  0.16029567  0.21428091  0.04325006  1.          0.04527991
  0.3166102   0.3434795   0.23069141  0.37475512  1.        ]

ASF wv is [1. 1. 1. 1. 0. 1. 1. 1. 1. 1. 0.]

############################################################################################

############################################################################################

comm_round: 0 | global_acc: 59.131% | global_f1: 0.7431713373536716 | global_precision: 0.5913068021450748 | global bin 0.5913068056106567

Simulate Models Sent to Clients

Total time for client_1 : local training was 10.392998900002567
Total time for client_2 : local training was 10.744413799999165
Total time for client_3 : local training was 10.724279100002605
Total time for client_4 : local training was 10.63781050000398
Total time for client_5 : local training was 10.24329410000064
Total time for client_6 : local training was 10.764096300001256
Total time for client_7 : local training was 10.663806900003692
Total time for client_8 : local training was 10.579809599992586
Total time for client_9 : local training was 10.334887399993022
Total time for client_10 : local training was 10.449611900010495
Total time for client_11 : local training was 35.56886630000372

Total Client Grads Scaled : 11 unscaled 11

aggregate_gradients Total Client Grads: 11

ASF Similarity is
 [[-2.         -0.99385533 -0.99768379 -0.99628715 -0.99680548 -0.9957648
  -0.99740904 -0.99192422 -0.99715904 -0.99732333  0.76322904]
 [-0.99385533 -2.         -0.99203151 -0.99618716 -0.99551275 -0.98781568
  -0.9901957  -0.99488141 -0.99170604 -0.99190673  0.79535753]
 [-0.99768379 -0.99203151 -2.         -0.99428728 -0.99428645 -0.99245212
  -0.9972187  -0.99018241 -0.99851295 -0.99485946  0.58617955]
 [-0.99628715 -0.99618716 -0.99428728 -2.         -0.99742842 -0.99429674
  -0.99515677 -0.99583429 -0.99444319 -0.9968442   0.83601932]
 [-0.99680548 -0.99551275 -0.99428645 -0.99742842 -2.         -0.99484141
  -0.99600148 -0.99446363 -0.99490563 -0.99703977  0.82619585]
 [-0.9957648  -0.98781568 -0.99245212 -0.99429674 -0.99484141 -2.
  -0.99773394 -0.98654951 -0.99245087 -0.99756876  1.        ]
 [-0.99740904 -0.9901957  -0.9972187  -0.99515677 -0.99600148 -0.99773394
  -2.         -0.98952603 -0.99719957 -0.99760189  0.71723081]
 [-0.99192422 -0.99488141 -0.99018241 -0.99583429 -0.99446363 -0.98654951
  -0.98952603 -2.         -0.98986604 -0.99230061  0.8231498 ]
 [-0.99715904 -0.99170604 -0.99851295 -0.99444319 -0.99490563 -0.99245087
  -0.99719957 -0.98986604 -2.         -0.99365928  0.50990181]
 [-0.99732333 -0.99190673 -0.99485946 -0.9968442  -0.99703977 -0.99756876
  -0.99760189 -0.99230061 -0.99365928 -2.          0.93464532]
 [ 0.76322904  0.79535753  0.58617955  0.83601932  0.82619585  1.
   0.71723081  0.8231498   0.50990181  0.93464532 -2.        ]]

Maxsm is
 [0.76322904 0.79535753 0.58617955 0.83601932 0.82619585 1.
 0.71723081 0.8231498  0.50990181 0.93464532 1.        ]

ASF wv is [1. 1. 1. 1. 1. 0. 1. 1. 1. 1. 0.]

############################################################################################

############################################################################################

comm_round: 1 | global_acc: 59.131% | global_f1: 0.7431713373536716 | global_precision: 0.5913068021450748 | global bin 0.5913068056106567

Simulate Models Sent to Clients

Total time for client_1 : local training was 10.495615199994063
Total time for client_2 : local training was 10.57242640000186
Total time for client_3 : local training was 10.29538440000033
Total time for client_4 : local training was 10.95713350000733
Total time for client_5 : local training was 10.637529500003438
Total time for client_6 : local training was 10.581130999999004
Total time for client_7 : local training was 10.60025940000196
Total time for client_8 : local training was 10.53533349999634
Total time for client_9 : local training was 10.412898399998085
Total time for client_10 : local training was 10.751447000002372
Total time for client_11 : local training was 35.84256799999275

Total Client Grads Scaled : 11 unscaled 11

aggregate_gradients Total Client Grads: 11

ASF Similarity is
 [[-2.         -0.98579744 -0.99080571 -0.98593708 -0.98383694 -0.99129471
  -0.98803574 -0.98839524 -0.96848129 -0.9873612   0.87181822]
 [-0.98579744 -2.         -0.99787865 -0.99883203 -0.98858042 -0.99826606
  -0.99916498 -0.99883767 -0.98012194 -0.99916326  0.56488503]
 [-0.99080571 -0.99787865 -2.         -0.99712205 -0.99306756 -0.99927317
  -0.998447   -0.99823844 -0.98658891 -0.9981405   0.69164456]
 [-0.98593708 -0.99883203 -0.99712205 -2.         -0.98851567 -0.99733134
  -0.9985695  -0.99854622 -0.97843927 -0.99830435  0.55792591]
 [-0.98383694 -0.98858042 -0.99306756 -0.98851567 -2.         -0.99261877
  -0.98916328 -0.98974215 -0.98394156 -0.98907725  1.        ]
 [-0.99129471 -0.99826606 -0.99927317 -0.99733134 -0.99261877 -2.
  -0.99870817 -0.99864859 -0.98429741 -0.99802465  0.68739997]
 [-0.98803574 -0.99916498 -0.998447   -0.9985695  -0.98916328 -0.99870817
  -2.         -0.99925223 -0.98137752 -0.99918909  0.58692182]
 [-0.98839524 -0.99883767 -0.99823844 -0.99854622 -0.98974215 -0.99864859
  -0.99925223 -2.         -0.98061695 -0.99892027  0.58852203]
 [-0.96848129 -0.98012194 -0.98658891 -0.97843927 -0.98394156 -0.98429741
  -0.98137752 -0.98061695 -2.         -0.98168768  0.89346637]
 [-0.9873612  -0.99916326 -0.9981405  -0.99830435 -0.98907725 -0.99802465
  -0.99918909 -0.99892027 -0.98168768 -2.          0.57578305]
 [ 0.87181822  0.56488503  0.69164456  0.55792591  1.          0.68739997
   0.58692182  0.58852203  0.89346637  0.57578305 -2.        ]]

Maxsm is
 [0.87181822 0.56488503 0.69164456 0.55792591 1.         0.68739997
 0.58692182 0.58852203 0.89346637 0.57578305 1.        ]

ASF wv is [1. 1. 1. 1. 0. 1. 1. 1. 1. 1. 0.]

############################################################################################

############################################################################################

comm_round: 2 | global_acc: 59.131% | global_f1: 0.7431713373536716 | global_precision: 0.5913068021450748 | global bin 0.5913068056106567

Simulate Models Sent to Clients

Total time for client_1 : local training was 10.923445199994603
Total time for client_2 : local training was 10.517960299999686
Total time for client_3 : local training was 10.881068299990147
Total time for client_4 : local training was 10.576326299997163
Total time for client_5 : local training was 10.770087500000955
Total time for client_6 : local training was 10.702652299994952
Total time for client_7 : local training was 10.327650800012634
Total time for client_8 : local training was 10.706730799996876
Total time for client_9 : local training was 10.78545040001336
Total time for client_10 : local training was 10.714211600003182
Total time for client_11 : local training was 35.22800859999552

Total Client Grads Scaled : 11 unscaled 11

aggregate_gradients Total Client Grads: 11

ASF Similarity is
 [[-2.         -0.99870975 -0.998806   -0.99844817 -0.99824441 -0.9984078
  -0.99930536 -0.99860454 -0.99910483 -0.99902538  0.92274204]
 [-0.99870975 -2.         -0.99819971 -0.99753017 -0.99788603 -0.99759184
  -0.99943626 -0.99830068 -0.9986321  -0.99854551  1.        ]
 [-0.998806   -0.99819971 -2.         -0.99950203 -0.99939175 -0.99942318
  -0.99895474 -0.99942072 -0.99957671 -0.99937318  0.83013198]
 [-0.99844817 -0.99753017 -0.99950203 -2.         -0.99936352 -0.9996234
  -0.99871083 -0.99947594 -0.99940347 -0.99918801  0.80682281]
 [-0.99824441 -0.99788603 -0.99939175 -0.99936352 -2.         -0.99935841
  -0.99864876 -0.99937534 -0.99938015 -0.99899644  0.80629476]
 [-0.9984078  -0.99759184 -0.99942318 -0.9996234  -0.99935841 -2.
  -0.99844231 -0.99930595 -0.99931661 -0.99909577  0.80443167]
 [-0.99930536 -0.99943626 -0.99895474 -0.99871083 -0.99864876 -0.99844231
  -2.         -0.99895743 -0.99927498 -0.99919332  0.93016561]
 [-0.99860454 -0.99830068 -0.99942072 -0.99947594 -0.99937534 -0.99930595
  -0.99895743 -2.         -0.99947765 -0.99941248  0.84049247]
 [-0.99910483 -0.9986321  -0.99957671 -0.99940347 -0.99938015 -0.99931661
  -0.99927498 -0.99947765 -2.         -0.99952617  0.8634427 ]
 [-0.99902538 -0.99854551 -0.99937318 -0.99918801 -0.99899644 -0.99909577
  -0.99919332 -0.99941248 -0.99952617 -2.          0.86811006]
 [ 0.92274204  1.          0.83013198  0.80682281  0.80629476  0.80443167
   0.93016561  0.84049247  0.8634427   0.86811006 -2.        ]]

Maxsm is
 [0.92274204 1.         0.83013198 0.80682281 0.80629476 0.80443167
 0.93016561 0.84049247 0.8634427  0.86811006 1.        ]

ASF wv is [1. 0. 1. 1. 1. 1. 1. 1. 1. 1. 0.]

############################################################################################

############################################################################################

comm_round: 3 | global_acc: 59.131% | global_f1: 0.7431713373536716 | global_precision: 0.5913068021450748 | global bin 0.5913068056106567

Simulate Models Sent to Clients

Total time for client_1 : local training was 10.334211300010793
Total time for client_2 : local training was 10.71236369998951
Total time for client_3 : local training was 10.432036899990635
Total time for client_4 : local training was 10.547568900001352
Total time for client_5 : local training was 10.609400100001949
Total time for client_6 : local training was 10.454878599994117
Total time for client_7 : local training was 10.35184709999885
Total time for client_8 : local training was 10.738675000000512
Total time for client_9 : local training was 10.513047100001131
Total time for client_10 : local training was 10.826747900006012
Total time for client_11 : local training was 35.04856349999318

Total Client Grads Scaled : 11 unscaled 11

aggregate_gradients Total Client Grads: 11

ASF Similarity is
 [[-2.         -0.99877377 -0.99832797 -0.99707387 -0.99959515 -0.99871018
  -0.99903515 -0.99965499 -0.99906075 -0.99953972  0.80340657]
 [-0.99877377 -2.         -0.99953082 -0.99450196 -0.99907266 -0.99967415
  -0.99964971 -0.99875054 -0.9996534  -0.99929639  0.69493858]
 [-0.99832797 -0.99953082 -2.         -0.99361922 -0.99830305 -0.99940835
  -0.99924003 -0.99818605 -0.99936484 -0.99880238  0.66596162]
 [-0.99707387 -0.99450196 -0.99361922 -2.         -0.9967874  -0.99477101
  -0.99484309 -0.99747075 -0.99496733 -0.99627125  1.        ]
 [-0.99959515 -0.99907266 -0.99830305 -0.9967874  -2.         -0.9990385
  -0.99938427 -0.99967324 -0.9991155  -0.99962241  0.79151185]
 [-0.99871018 -0.99967415 -0.99940835 -0.99477101 -0.9990385  -2.
  -0.99959263 -0.998841   -0.9995969  -0.99924999  0.70729093]
 [-0.99903515 -0.99964971 -0.99924003 -0.99484309 -0.99938427 -0.99959263
  -2.         -0.99902518 -0.9994672  -0.9994857   0.71975603]
 [-0.99965499 -0.99875054 -0.99818605 -0.99747075 -0.99967324 -0.998841
  -0.99902518 -2.         -0.99897527 -0.99958529  0.81883039]
 [-0.99906075 -0.9996534  -0.99936484 -0.99496733 -0.9991155  -0.9995969
  -0.9994672  -0.99897527 -2.         -0.99934611  0.72343065]
 [-0.99953972 -0.99929639 -0.99880238 -0.99627125 -0.99962241 -0.99924999
  -0.9994857  -0.99958529 -0.99934611 -2.          0.76827753]
 [ 0.80340657  0.69493858  0.66596162  1.          0.79151185  0.70729093
   0.71975603  0.81883039  0.72343065  0.76827753 -2.        ]]

Maxsm is
 [0.80340657 0.69493858 0.66596162 1.         0.79151185 0.70729093
 0.71975603 0.81883039 0.72343065 0.76827753 1.        ]

ASF wv is [1. 1. 1. 1. 1. 1. 1. 1. 1. 1. 0.]

############################################################################################

############################################################################################

comm_round: 4 | global_acc: 59.131% | global_f1: 0.7431713373536716 | global_precision: 0.5913068021450748 | global bin 0.5913068056106567

Simulate Models Sent to Clients

Total time for client_1 : local training was 10.383310300006997
Total time for client_2 : local training was 10.931157500002882
Total time for client_3 : local training was 10.72972380000283
Total time for client_4 : local training was 10.592424300004495
Total time for client_5 : local training was 10.795233700002427
Total time for client_6 : local training was 10.596573700007866
Total time for client_7 : local training was 10.756506700010505
Total time for client_8 : local training was 10.734691699995892
Total time for client_9 : local training was 10.558408800003235
Total time for client_10 : local training was 10.32962740000221
Total time for client_11 : local training was 35.4267572999961

Total Client Grads Scaled : 11 unscaled 11

aggregate_gradients Total Client Grads: 11

ASF Similarity is
 [[-2.         -0.99708821 -0.9951669  -0.99488421 -0.99858097 -0.9968043
  -0.99719886 -0.99696571 -0.99698934 -0.99556859  1.        ]
 [-0.99708821 -2.         -0.99904033 -0.99887028 -0.99878838 -0.9996626
  -0.99947079 -0.99831158 -0.99963253 -0.99921118  0.81745472]
 [-0.9951669  -0.99904033 -2.         -0.99930883 -0.99770021 -0.99911317
  -0.9986908  -0.99736033 -0.99917109 -0.9990266   0.75946929]
 [-0.99488421 -0.99887028 -0.99930883 -2.         -0.99756951 -0.99900122
  -0.99864196 -0.9972101  -0.99886633 -0.9990117   0.75094762]
 [-0.99858097 -0.99878838 -0.99770021 -0.99756951 -2.         -0.99867863
  -0.99893384 -0.99821678 -0.99884008 -0.99815709  0.90995934]
 [-0.9968043  -0.9996626  -0.99911317 -0.99900122 -0.99867863 -2.
  -0.99937966 -0.99816949 -0.99953792 -0.99910036  0.79976197]
 [-0.99719886 -0.99947079 -0.9986908  -0.99864196 -0.99893384 -0.99937966
  -2.         -0.99866094 -0.99937387 -0.99878012  0.84144325]
 [-0.99696571 -0.99831158 -0.99736033 -0.9972101  -0.99821678 -0.99816949
  -0.99866094 -2.         -0.99816693 -0.99737885  0.88727997]
 [-0.99698934 -0.99963253 -0.99917109 -0.99886633 -0.99884008 -0.99953792
  -0.99937387 -0.99816693 -2.         -0.99905396  0.81914715]
 [-0.99556859 -0.99921118 -0.9990266  -0.9990117  -0.99815709 -0.99910036
  -0.99878012 -0.99737885 -0.99905396 -2.          0.76550988]
 [ 1.          0.81745472  0.75946929  0.75094762  0.90995934  0.79976197
   0.84144325  0.88727997  0.81914715  0.76550988 -2.        ]]

Maxsm is
 [1.         0.81745472 0.75946929 0.75094762 0.90995934 0.79976197
 0.84144325 0.88727997 0.81914715 0.76550988 1.        ]

ASF wv is [0. 1. 1. 1. 1. 1. 1. 1. 1. 1. 0.]

############################################################################################

############################################################################################

comm_round: 5 | global_acc: 59.131% | global_f1: 0.7431713373536716 | global_precision: 0.5913068021450748 | global bin 0.5913068056106567

Simulate Models Sent to Clients

Total time for client_1 : local training was 10.523392600007355
Total time for client_2 : local training was 10.765762600000016
Total time for client_3 : local training was 10.693121399992378
Total time for client_4 : local training was 10.463934600003995
Total time for client_5 : local training was 10.919736099996953
Total time for client_6 : local training was 10.570382499994594
Total time for client_7 : local training was 10.6897081000061
Total time for client_8 : local training was 10.684447999999975
Total time for client_9 : local training was 10.391757400007918
Total time for client_10 : local training was 10.720366699999431
Total time for client_11 : local training was 35.69164840001031

Total Client Grads Scaled : 11 unscaled 11

aggregate_gradients Total Client Grads: 11

ASF Similarity is
 [[-2.         -0.99826481 -0.99692794 -0.99867274 -0.99843549 -0.99642241
  -0.99910823 -0.99908588 -0.99733922 -0.99738841  0.79857161]
 [-0.99826481 -2.         -0.99901073 -0.99899558 -0.99848359 -0.99239237
  -0.99735403 -0.99910187 -0.99418037 -0.99909844  0.68509753]
 [-0.99692794 -0.99901073 -2.         -0.99835877 -0.9975468  -0.98994783
  -0.99557213 -0.9979952  -0.99181396 -0.9994001   0.63850481]
 [-0.99867274 -0.99899558 -0.99835877 -2.         -0.9990679  -0.99398984
  -0.99833464 -0.99936392 -0.99570012 -0.99846617  0.71385026]
 [-0.99843549 -0.99848359 -0.9975468  -0.9990679  -2.         -0.99378105
  -0.99785996 -0.99906184 -0.9958262  -0.9977881   0.74794808]
 [-0.99642241 -0.99239237 -0.98994783 -0.99398984 -0.99378105 -2.
  -0.99718025 -0.99484382 -0.99854073 -0.99074273  1.        ]
 [-0.99910823 -0.99735403 -0.99557213 -0.99833464 -0.99785996 -0.99718025
  -2.         -0.99859473 -0.9980336  -0.9959575   0.84422742]
 [-0.99908588 -0.99910187 -0.9979952  -0.99936392 -0.99906184 -0.99484382
  -0.99859473 -2.         -0.99609531 -0.99854539  0.74130447]
 [-0.99733922 -0.99418037 -0.99181396 -0.99570012 -0.9958262  -0.99854073
  -0.9980336  -0.99609531 -2.         -0.99266384  0.95037816]
 [-0.99738841 -0.99909844 -0.9994001  -0.99846617 -0.9977881  -0.99074273
  -0.9959575  -0.99854539 -0.99266384 -2.          0.64314562]
 [ 0.79857161  0.68509753  0.63850481  0.71385026  0.74794808  1.
   0.84422742  0.74130447  0.95037816  0.64314562 -2.        ]]

Maxsm is
 [0.79857161 0.68509753 0.63850481 0.71385026 0.74794808 1.
 0.84422742 0.74130447 0.95037816 0.64314562 1.        ]

ASF wv is [1. 1. 1. 1. 1. 1. 1. 1. 1. 1. 0.]

############################################################################################

############################################################################################

comm_round: 6 | global_acc: 59.131% | global_f1: 0.7431713373536716 | global_precision: 0.5913068021450748 | global bin 0.5913068056106567

Simulate Models Sent to Clients

Total time for client_1 : local training was 10.621704999997746
Total time for client_2 : local training was 10.292488999999478
Total time for client_3 : local training was 10.5589495000022
Total time for client_4 : local training was 10.73241589999816
Total time for client_5 : local training was 10.756829999998445
Total time for client_6 : local training was 10.794021499998053
Total time for client_7 : local training was 10.349572500010254
Total time for client_8 : local training was 10.7604682000092
Total time for client_9 : local training was 10.732683099995484
Total time for client_10 : local training was 10.724826399993617
Total time for client_11 : local training was 35.033084900001995

Total Client Grads Scaled : 11 unscaled 11

aggregate_gradients Total Client Grads: 11

ASF Similarity is
 [[-2.         -0.99920077 -0.95653365 -0.99911044 -0.99928643 -0.99938415
  -0.99942889 -0.9994196  -0.99689945 -0.99714873  0.26250778]
 [-0.99920077 -2.         -0.96135182 -0.99818225 -0.99874132 -0.99862041
  -0.9987077  -0.99909169 -0.99534758 -0.9982202   0.30022262]
 [-0.95653365 -0.96135182 -2.         -0.9509377  -0.95256879 -0.95085356
  -0.9521352  -0.95508573 -0.93429012 -0.97235352  1.        ]
 [-0.99911044 -0.99818225 -0.9509377  -2.         -0.99926151 -0.9993846
  -0.99944768 -0.99929124 -0.99778336 -0.99576762  0.21766312]
 [-0.99928643 -0.99874132 -0.95256879 -0.99926151 -2.         -0.99979362
  -0.99974163 -0.99954226 -0.99813888 -0.99611611  0.22746876]
 [-0.99938415 -0.99862041 -0.95085356 -0.9993846  -0.99979362 -2.
  -0.99970571 -0.99950987 -0.99825461 -0.99603635  0.2196369 ]
 [-0.99942889 -0.9987077  -0.9521352  -0.99944768 -0.99974163 -0.99970571
  -2.         -0.99949733 -0.9981227  -0.99605617  0.22783763]
 [-0.9994196  -0.99909169 -0.95508573 -0.99929124 -0.99954226 -0.99950987
  -0.99949733 -2.         -0.99752675 -0.99687855  0.24760094]
 [-0.99689945 -0.99534758 -0.93429012 -0.99778336 -0.99813888 -0.99825461
  -0.9981227  -0.99752675 -2.         -0.99071631  0.128259  ]
 [-0.99714873 -0.9982202  -0.97235352 -0.99576762 -0.99611611 -0.99603635
  -0.99605617 -0.99687855 -0.99071631 -2.          0.40961001]
 [ 0.26250778  0.30022262  1.          0.21766312  0.22746876  0.2196369
   0.22783763  0.24760094  0.128259    0.40961001 -2.        ]]

Maxsm is
 [0.26250778 0.30022262 1.         0.21766312 0.22746876 0.2196369
 0.22783763 0.24760094 0.128259   0.40961001 1.        ]

ASF wv is [1. 1. 0. 1. 1. 1. 1. 1. 1. 1. 0.]

############################################################################################

############################################################################################

comm_round: 7 | global_acc: 59.131% | global_f1: 0.7431713373536716 | global_precision: 0.5913068021450748 | global bin 0.5913068056106567

Simulate Models Sent to Clients

Total time for client_1 : local training was 10.903654399997322
Total time for client_2 : local training was 10.500695199996699
Total time for client_3 : local training was 10.564468399999896
Total time for client_4 : local training was 10.669806699996116
Total time for client_5 : local training was 10.420201699991594
Total time for client_6 : local training was 10.777466900006402
Total time for client_7 : local training was 10.673212699999567
Total time for client_8 : local training was 10.65444669999124
Total time for client_9 : local training was 10.741563699994003
Total time for client_10 : local training was 10.236814000003505
Total time for client_11 : local training was 35.99541909999971

Total Client Grads Scaled : 11 unscaled 11

aggregate_gradients Total Client Grads: 11

ASF Similarity is
 [[-2.         -0.99850645 -0.99938395 -0.99957039 -0.99966904 -0.99959733
  -0.99765431 -0.99912012 -0.99894923 -0.99910505  0.90955873]
 [-0.99850645 -2.         -0.99908539 -0.99854057 -0.99866263 -0.99894267
  -0.9990623  -0.99906073 -0.99691939 -0.99916168  0.8260698 ]
 [-0.99938395 -0.99908539 -2.         -0.99916327 -0.99948006 -0.99952754
  -0.99848233 -0.99946689 -0.99832871 -0.99914606  0.86209204]
 [-0.99957039 -0.99854057 -0.99916327 -2.         -0.99945235 -0.99927954
  -0.99786321 -0.9990958  -0.99877765 -0.99868276  0.90211883]
 [-0.99966904 -0.99866263 -0.99948006 -0.99945235 -2.         -0.99954694
  -0.99796744 -0.99931401 -0.99885591 -0.99913096  0.89828453]
 [-0.99959733 -0.99894267 -0.99952754 -0.99927954 -0.99954694 -2.
  -0.99823041 -0.99936695 -0.99857356 -0.99922665  0.8856891 ]
 [-0.99765431 -0.9990623  -0.99848233 -0.99786321 -0.99796744 -0.99823041
  -2.         -0.99867467 -0.99545846 -0.99885331  0.76415003]
 [-0.99912012 -0.99906073 -0.99946689 -0.9990958  -0.99931401 -0.99936695
  -0.99867467 -2.         -0.99795922 -0.99935417  0.84854992]
 [-0.99894923 -0.99691939 -0.99832871 -0.99877765 -0.99885591 -0.99857356
  -0.99545846 -0.99795922 -2.         -0.99729193  1.        ]
 [-0.99910505 -0.99916168 -0.99914606 -0.99868276 -0.99913096 -0.99922665
  -0.99885331 -0.99935417 -0.99729193 -2.          0.8458941 ]
 [ 0.90955873  0.8260698   0.86209204  0.90211883  0.89828453  0.8856891
   0.76415003  0.84854992  1.          0.8458941  -2.        ]]

Maxsm is
 [0.90955873 0.8260698  0.86209204 0.90211883 0.89828453 0.8856891
 0.76415003 0.84854992 1.         0.8458941  1.        ]

ASF wv is [1. 1. 1. 1. 1. 1. 1. 1. 0. 1. 0.]

############################################################################################

############################################################################################

comm_round: 8 | global_acc: 59.131% | global_f1: 0.7431713373536716 | global_precision: 0.5913068021450748 | global bin 0.5913068056106567

Simulate Models Sent to Clients

Total time for client_1 : local training was 10.730576499991002
Total time for client_2 : local training was 10.68701749999309
Total time for client_3 : local training was 10.88768529999652
Total time for client_4 : local training was 10.372649099997943
Total time for client_5 : local training was 10.789361100003589
Total time for client_6 : local training was 10.654713299998548
Total time for client_7 : local training was 10.608056700002635
Total time for client_8 : local training was 10.339311400006409
Total time for client_9 : local training was 10.728443499989226
Total time for client_10 : local training was 10.69457560000592
Total time for client_11 : local training was 35.40680459998839

Total Client Grads Scaled : 11 unscaled 11

aggregate_gradients Total Client Grads: 11

ASF Similarity is
 [[-2.         -0.925165   -0.96321426 -0.90986289 -0.98875099 -0.91188299
  -0.90744674 -0.89813589 -0.92161408 -0.9284307   1.        ]
 [-0.925165   -2.         -0.99234765 -0.99901307 -0.96920216 -0.99900398
  -0.99881914 -0.99783979 -0.99940616 -0.99943945  0.07506089]
 [-0.96321426 -0.99234765 -2.         -0.98755661 -0.99036016 -0.9877827
  -0.98659719 -0.98368478 -0.9908717  -0.99303112  0.3218639 ]
 [-0.90986289 -0.99901307 -0.98755661 -2.         -0.95980916 -0.99962922
  -0.99972398 -0.99946834 -0.99884428 -0.9986059   0.01052778]
 [-0.98875099 -0.96920216 -0.99036016 -0.95980916 -2.         -0.9612289
  -0.95873296 -0.95283721 -0.96714752 -0.97097281  0.62221487]
 [-0.91188299 -0.99900398 -0.9877827  -0.99962922 -0.9612289  -2.
  -0.99954649 -0.99897055 -0.99899453 -0.99852127  0.02248616]
 [-0.90744674 -0.99881914 -0.98659719 -0.99972398 -0.95873296 -0.99954649
  -2.         -0.99947478 -0.9987868  -0.99822316  0.00761431]
 [-0.89813589 -0.99783979 -0.98368478 -0.99946834 -0.95283721 -0.99897055
  -0.99947478 -2.         -0.99775983 -0.99710817 -0.03347058]
 [-0.92161408 -0.99940616 -0.9908717  -0.99884428 -0.96714752 -0.99899453
  -0.9987868  -0.99775983 -2.         -0.99931951  0.07523989]
 [-0.9284307  -0.99943945 -0.99303112 -0.9986059  -0.97097281 -0.99852127
  -0.99822316 -0.99710817 -0.99931951 -2.          0.09893518]
 [ 1.          0.07506089  0.3218639   0.01052778  0.62221487  0.02248616
   0.00761431 -0.03347058  0.07523989  0.09893518 -2.        ]]

Maxsm is
 [ 1.          0.07506089  0.3218639   0.01052778  0.62221487  0.02248616
  0.00761431 -0.03347058  0.07523989  0.09893518  1.        ]

ASF wv is [0. 1. 1. 1. 1. 1. 1. 1. 1. 1. 0.]

############################################################################################

############################################################################################

comm_round: 9 | global_acc: 59.131% | global_f1: 0.7431713373536716 | global_precision: 0.5913068021450748 | global bin 0.5913068056106567

Simulate Models Sent to Clients

Total time for client_1 : local training was 10.554938500004937
Total time for client_2 : local training was 10.400199099996826
Total time for client_3 : local training was 10.434272600003169
Total time for client_4 : local training was 10.641097600004287
Total time for client_5 : local training was 10.793794900004286
Total time for client_6 : local training was 10.615254000003915
Total time for client_7 : local training was 10.434004599999753
Total time for client_8 : local training was 10.697531900004833
Total time for client_9 : local training was 10.63321729999734
Total time for client_10 : local training was 10.73224769999797
Total time for client_11 : local training was 35.330305399998906

Total Client Grads Scaled : 11 unscaled 11

aggregate_gradients Total Client Grads: 11

ASF Similarity is
 [[-2.         -0.9995464  -0.99847082 -0.99963107 -0.95995126 -0.99907679
  -0.99450647 -0.99834425 -0.99680311 -0.9985386   0.36475214]
 [-0.9995464  -2.         -0.99785485 -0.99934305 -0.95660449 -0.99849275
  -0.99321077 -0.99777582 -0.99577554 -0.9979571   0.33950377]
 [-0.99847082 -0.99785485 -2.         -0.998804   -0.97054269 -0.99912618
  -0.99744257 -0.99947411 -0.99883901 -0.99956443  0.44194104]
 [-0.99963107 -0.99934305 -0.998804   -2.         -0.96293398 -0.99919802
  -0.99539978 -0.99888628 -0.99748789 -0.99891944  0.38297316]
 [-0.95995126 -0.95660449 -0.97054269 -0.96293398 -2.         -0.96633586
  -0.98118605 -0.9717263  -0.97716398 -0.97073464  1.        ]
 [-0.99907679 -0.99849275 -0.99912618 -0.99919802 -0.96633586 -2.
  -0.99645722 -0.99906596 -0.99819114 -0.99919312  0.40862216]
 [-0.99450647 -0.99321077 -0.99744257 -0.99539978 -0.98118605 -0.99645722
  -2.         -0.99788913 -0.99896154 -0.99755397  0.57497826]
 [-0.99834425 -0.99777582 -0.99947411 -0.99888628 -0.9717263  -0.99906596
  -0.99788913 -2.         -0.9990396  -0.99950853  0.45442399]
 [-0.99680311 -0.99577554 -0.99883901 -0.99748789 -0.97716398 -0.99819114
  -0.99896154 -0.9990396  -2.         -0.99886982  0.50015478]
 [-0.9985386  -0.9979571  -0.99956443 -0.99891944 -0.97073464 -0.99919312
  -0.99755397 -0.99950853 -0.99886982 -2.          0.45056698]
 [ 0.36475214  0.33950377  0.44194104  0.38297316  1.          0.40862216
   0.57497826  0.45442399  0.50015478  0.45056698 -2.        ]]

Maxsm is
 [0.36475214 0.33950377 0.44194104 0.38297316 1.         0.40862216
 0.57497826 0.45442399 0.50015478 0.45056698 1.        ]

ASF wv is [1.         1.         1.         1.         0.         1.
 1.         1.         1.         1.         0.20788188]

############################################################################################

############################################################################################

comm_round: 10 | global_acc: 59.131% | global_f1: 0.7431713373536716 | global_precision: 0.5913068021450748 | global bin 0.5913068056106567

Simulate Models Sent to Clients

Total time for client_1 : local training was 10.414328799990471
Total time for client_2 : local training was 10.928622299994458
Total time for client_3 : local training was 10.718384899999364
Total time for client_4 : local training was 10.675518000003649
Total time for client_5 : local training was 10.446522099999129
Total time for client_6 : local training was 10.852491599987843
Total time for client_7 : local training was 10.726482199999737
Total time for client_8 : local training was 10.550810699991416
Total time for client_9 : local training was 10.358397100004368
Total time for client_10 : local training was 10.39911939999729
Total time for client_11 : local training was 35.555981299999985

Total Client Grads Scaled : 11 unscaled 11

aggregate_gradients Total Client Grads: 11

ASF Similarity is
 [[-2.         -0.98547323 -0.99718531 -0.99717862 -0.99094432 -0.99921041
  -0.99743199 -0.99515071 -0.97062183 -0.97975259  0.61958768]
 [-0.98547323 -2.         -0.97276498 -0.99091282 -0.95604795 -0.98106052
  -0.97683085 -0.96710452 -0.91893549 -0.93574565  1.        ]
 [-0.99718531 -0.97276498 -2.         -0.99152306 -0.99703291 -0.99834354
  -0.99777999 -0.99907204 -0.98363036 -0.98981664  0.48033981]
 [-0.99717862 -0.99091282 -0.99152306 -2.         -0.98211967 -0.99561066
  -0.99213987 -0.98832721 -0.95645123 -0.96770764  0.74067991]
 [-0.99094432 -0.95604795 -0.99703291 -0.98211967 -2.         -0.99362024
  -0.99357751 -0.99859969 -0.99315048 -0.99679313  0.34170849]
 [-0.99921041 -0.98106052 -0.99834354 -0.99561066 -0.99362024 -2.
  -0.99854093 -0.99695951 -0.97611792 -0.9845919   0.56315906]
 [-0.99743199 -0.97683085 -0.99777999 -0.99213987 -0.99357751 -0.99854093
  -2.         -0.99652637 -0.9775685  -0.98558287  0.54007629]
 [-0.99515071 -0.96710452 -0.99907204 -0.98832721 -0.99859969 -0.99695951
  -0.99652637 -2.         -0.98817446 -0.99326664  0.42271908]
 [-0.97062183 -0.91893549 -0.98363036 -0.95645123 -0.99315048 -0.97611792
  -0.9775685  -0.98817446 -2.         -0.99768948  0.14572896]
 [-0.97975259 -0.93574565 -0.98981664 -0.96770764 -0.99679313 -0.9845919
  -0.98558287 -0.99326664 -0.99768948 -2.          0.23556524]
 [ 0.61958768  1.          0.48033981  0.74067991  0.34170849  0.56315906
   0.54007629  0.42271908  0.14572896  0.23556524 -2.        ]]

Maxsm is
 [0.61958768 1.         0.48033981 0.74067991 0.34170849 0.56315906
 0.54007629 0.42271908 0.14572896 0.23556524 1.        ]

ASF wv is [1. 1. 1. 1. 1. 1. 1. 1. 1. 1. 0.]

############################################################################################

############################################################################################

comm_round: 11 | global_acc: 59.131% | global_f1: 0.7431713373536716 | global_precision: 0.5913068021450748 | global bin 0.5913068056106567

Simulate Models Sent to Clients

Total time for client_1 : local training was 10.526898199997959
Total time for client_2 : local training was 10.702447100004065
Total time for client_3 : local training was 10.47646450001048
Total time for client_4 : local training was 10.890747500001453
Total time for client_5 : local training was 10.741385999994236
Total time for client_6 : local training was 10.814365300000645
Total time for client_7 : local training was 10.430005099988193
Total time for client_8 : local training was 10.470855200008373
Total time for client_9 : local training was 10.544841199996881
Total time for client_10 : local training was 10.568526099988958
Total time for client_11 : local training was 35.38797080000222

Total Client Grads Scaled : 11 unscaled 11

aggregate_gradients Total Client Grads: 11

ASF Similarity is
 [[-2.         -0.99914396 -0.99823747 -0.97848695 -0.99867681 -0.9951708
  -0.98525173 -0.99757183 -0.99075363 -0.999653    0.53683423]
 [-0.99914396 -2.         -0.99643845 -0.98124553 -0.99878001 -0.99598196
  -0.98813308 -0.99546039 -0.99265527 -0.9991154   0.59180563]
 [-0.99823747 -0.99643845 -2.         -0.9669569  -0.99585512 -0.98937645
  -0.97577214 -0.99928809 -0.98343122 -0.99785466  0.44580821]
 [-0.97848695 -0.98124553 -0.9669569  -2.         -0.98403422 -0.99210894
  -0.9974948  -0.96428123 -0.99525968 -0.97935706  1.        ]
 [-0.99867681 -0.99878001 -0.99585512 -0.98403422 -2.         -0.99751238
  -0.98998509 -0.99465439 -0.9941241  -0.99885581  0.61065407]
 [-0.9951708  -0.99598196 -0.98937645 -0.99210894 -0.99751238 -2.
  -0.99578263 -0.98755866 -0.99821544 -0.99564765  0.73067729]
 [-0.98525173 -0.98813308 -0.97577214 -0.9974948  -0.98998509 -0.99578263
  -2.         -0.97327057 -0.99813525 -0.98654178  0.92452943]
 [-0.99757183 -0.99546039 -0.99928809 -0.96428123 -0.99465439 -0.98755866
  -0.97327057 -2.         -0.98110629 -0.99703254  0.4202587 ]
 [-0.99075363 -0.99265527 -0.98343122 -0.99525968 -0.9941241  -0.99821544
  -0.99813525 -0.98110629 -2.         -0.99184528  0.82658076]
 [-0.999653   -0.9991154  -0.99785466 -0.97935706 -0.99885581 -0.99564765
  -0.98654178 -0.99703254 -0.99184528 -2.          0.55533373]
 [ 0.53683423  0.59180563  0.44580821  1.          0.61065407  0.73067729
   0.92452943  0.4202587   0.82658076  0.55533373 -2.        ]]

Maxsm is
 [0.53683423 0.59180563 0.44580821 1.         0.61065407 0.73067729
 0.92452943 0.4202587  0.82658076 0.55533373 1.        ]

ASF wv is [1. 1. 1. 0. 1. 1. 1. 1. 1. 1. 0.]

############################################################################################

############################################################################################

comm_round: 12 | global_acc: 59.131% | global_f1: 0.7431713373536716 | global_precision: 0.5913068021450748 | global bin 0.5913068056106567

Simulate Models Sent to Clients

Total time for client_1 : local training was 10.480131100004655
Total time for client_2 : local training was 10.971151999998256
Total time for client_3 : local training was 10.677998800005298
Total time for client_4 : local training was 10.723178799991729
Total time for client_5 : local training was 10.52204919999349
Total time for client_6 : local training was 10.41566430000239
Total time for client_7 : local training was 10.882946199999424
Total time for client_8 : local training was 10.739937799997278
Total time for client_9 : local training was 10.755990399993607
Total time for client_10 : local training was 10.835036799995578
Total time for client_11 : local training was 35.17402890000085

Total Client Grads Scaled : 11 unscaled 11

aggregate_gradients Total Client Grads: 11

ASF Similarity is
