###############################################################################################################################################################                   Begin backdoor_5_sybils_fg Simulation              ###############################################################################################################################################################Starting Machine:
Loading Data...

Data Distributions:
normal (0) abnormal(1)
attack
0     9490
1    14400
dtype: int64
Data Proto Distributions:
normal (0) abnormal(1)
proto
arp            467
icmp            12
igmp             2
ipv6-icmp       88
rarp             1
tcp           8447
udp          14873
dtype: int64

Pre-Processing DataHead of Data Frame
   pkSeqID  flgs  proto  sport  ...  TnPPerProto  TnPPerDport      avgPD  attack
0     4340     1      2    0.0  ...      5525931      1322674  10.933030       0
1    24313     1      2    0.0  ...      4994350      1045163  10.965459       0
2    29744     1      2    0.0  ...      4407386      1131789  11.010636       0
3    65173     1      2    0.0  ...      4472728       972058  11.960652       0
4    93800     1      2    0.0  ...      3608282       845792  12.280588       0

[5 rows x 30 columns]
Check Data is CleanNull ValuespkSeqID        0
flgs           0
proto          0
sport          0
dport          0
pkts           0
bytes          0
state          0
seq            0
dur            0
mean           0
stddev         0
sum            0
min            0
max            0
spkts          0
dpkts          0
sbytes         0
dbytes         0
rate           0
srate          0
drate          0
TnBPsrcIP      0
TnBPDstIP      0
TnPPSrcIP      0
TnPPDstIP      0
TnPPerProto    0
TnPPerDport    0
avgPD          0
attack         0
dtype: int64

Backdooring DoS / DDoS, proto : TCP, pkts : 1, dport: 80, bytes >= 201 size of df is 12720

DBA DoS / DDoS, proto : TCP, pkts : 1, dport: 80, bytes >= 201 size of proto is 253410 : pkts : 32490 : dport : 462810 : bytes : 716700

Head of Poison Data Frame
       pkSeqID  flgs  proto    sport  ...  TnPPerProto  TnPPerDport  avgPD  attack
9511  11328126     1      2  10080.0  ...        46388        81338    0.0       0
9540  53563130     1      2  10350.0  ...        22949        25569    0.0       0
9555  39790096     1      2  10446.0  ...        11813        37974    0.0       0
9574  46379101     1      2   1057.0  ...        19113        31594    0.0       0
9616   8058153     1      2  10855.0  ...        43629        83238    0.0       0

[5 rows x 30 columns]
Check Poison Data is Clean
Poison Null ValuespkSeqID        0
flgs           0
proto          0
sport          0
dport          0
pkts           0
bytes          0
state          0
seq            0
dur            0
mean           0
stddev         0
sum            0
min            0
max            0
spkts          0
dpkts          0
sbytes         0
dbytes         0
rate           0
srate          0
drate          0
TnBPsrcIP      0
TnBPDstIP      0
TnPPSrcIP      0
TnPPDstIP      0
TnPPerProto    0
TnPPerDport    0
avgPD          0
attack         0
dtype: int64

Head of dbaProto Data Frame
   pkSeqID  flgs  proto  sport  ...  TnPPerProto  TnPPerDport      avgPD  attack
0     4340     1      2    0.0  ...      5525931      1322674  10.933030       0
1    24313     1      2    0.0  ...      4994350      1045163  10.965459       0
2    29744     1      2    0.0  ...      4407386      1131789  11.010636       0
3    65173     1      2    0.0  ...      4472728       972058  11.960652       0
4    93800     1      2    0.0  ...      3608282       845792  12.280588       0

[5 rows x 30 columns]
Check dbaProto Data is CleandbaProto Null ValuespkSeqID        0
flgs           0
proto          0
sport          0
dport          0
pkts           0
bytes          0
state          0
seq            0
dur            0
mean           0
stddev         0
sum            0
min            0
max            0
spkts          0
dpkts          0
sbytes         0
dbytes         0
rate           0
srate          0
drate          0
TnBPsrcIP      0
TnBPDstIP      0
TnPPSrcIP      0
TnPPDstIP      0
TnPPerProto    0
TnPPerDport    0
avgPD          0
attack         0
dtype: int64

Head of dbaDport Data Frame
     pkSeqID  flgs  proto  sport  ...  TnPPerProto  TnPPerDport      avgPD  attack
326     4335     1      1   80.0  ...     11859844      4284267  17.634145       0
327     4336     1      2   80.0  ...      6064055      3985226  17.889824       0
328     4337     1      2   80.0  ...      6425553      4066934   5.963981       0
331    24317     1      2   80.0  ...      5326760      4130150   5.981577       0
332    24334     1      1   80.0  ...     12249365      4486587  17.943359       0

[5 rows x 30 columns]
Check dbaDport Data is Clean

dbaDport Null Values
pkSeqID        0
flgs           0
proto          0
sport          0
dport          0
pkts           0
bytes          0
state          0
seq            0
dur            0
mean           0
stddev         0
sum            0
min            0
max            0
spkts          0
dpkts          0
sbytes         0
dbytes         0
rate           0
srate          0
drate          0
TnBPsrcIP      0
TnBPDstIP      0
TnPPSrcIP      0
TnPPDstIP      0
TnPPerProto    0
TnPPerDport    0
avgPD          0
attack         0
dtype: int64

Head of dbaBytes Data Frame
   pkSeqID  flgs  proto  sport  ...  TnPPerProto  TnPPerDport      avgPD  attack
0     4340     1      2    0.0  ...      5525931      1322674  10.933030       0
1    24313     1      2    0.0  ...      4994350      1045163  10.965459       0
2    29744     1      2    0.0  ...      4407386      1131789  11.010636       0
3    65173     1      2    0.0  ...      4472728       972058  11.960652       0
4    93800     1      2    0.0  ...      3608282       845792  12.280588       0

[5 rows x 30 columns]
Check dbaBytes Data is Clean

dbaBytes Null Values
pkSeqID        0
flgs           0
proto          0
sport          0
dport          0
pkts           0
bytes          0
state          0
seq            0
dur            0
mean           0
stddev         0
sum            0
min            0
max            0
spkts          0
dpkts          0
sbytes         0
dbytes         0
rate           0
srate          0
drate          0
TnBPsrcIP      0
TnBPDstIP      0
TnPPSrcIP      0
TnPPDstIP      0
TnPPerProto    0
TnPPerDport    0
avgPD          0
attack         0
dtype: int64

Head of dbaPkts Data Frame
      pkSeqID  flgs  proto  sport  ...  TnPPerProto  TnPPerDport  avgPD  attack
1374    12070     1      4  133.0  ...       220968       965050    0.0       0
1375    25176     1      4  133.0  ...       142271      1154097    0.0       0
1376    25566     1      4  133.0  ...       178007      1380563    0.0       0
1377    27533     1      4  133.0  ...       167280      1050013    0.0       0
1378    51757     1      4  133.0  ...       168450       941884    0.0       0

[5 rows x 30 columns]
Check dbaPkts Data is Clean

dbaPkts Null Values
pkSeqID        0
flgs           0
proto          0
sport          0
dport          0
pkts           0
bytes          0
state          0
seq            0
dur            0
mean           0
stddev         0
sum            0
min            0
max            0
spkts          0
dpkts          0
sbytes         0
dbytes         0
rate           0
srate          0
drate          0
TnBPsrcIP      0
TnBPDstIP      0
TnPPSrcIP      0
TnPPDstIP      0
TnPPerProto    0
TnPPerDport    0
avgPD          0
attack         0
dtype: int64

Data Features: 29 | LSTM Timesteps: 80
Create Clients: 10
Create Backdoor Sybils: 5

Number of total clients and sybils 15

Simulate Models Sent to Clients

Total time for client_1 : local training was 10.363367000012659
Total time for client_2 : local training was 10.75075140001718
Total time for client_3 : local training was 10.336494600021979
Total time for client_4 : local training was 10.563091199990595
Total time for client_5 : local training was 11.055949800007511
Total time for client_6 : local training was 10.456600399978925
Total time for client_7 : local training was 11.056437000021106
Total time for client_8 : local training was 10.297455899999477
Total time for client_9 : local training was 10.408376199979102
Total time for client_10 : local training was 10.395760699990205
Total time for client_11 : local training was 7.318992300017271
Total time for client_12 : local training was 7.35822090000147
Total time for client_13 : local training was 7.377846799994586
Total time for client_14 : local training was 7.36243789998116
Total time for client_15 : local training was 7.445664700004272

Total Client Grads Scaled : 15 unscaled 15

aggregate_gradients Total Client Grads: 15

CS Similarity is
 [[ 4.44089210e-16  9.97841753e-01  9.98512290e-01  9.98177867e-01
   9.98353140e-01  9.98386673e-01  9.98302944e-01  9.97906269e-01
   9.98545410e-01  9.98466105e-01  9.98772931e-01  9.98744281e-01
   9.98684397e-01  9.98661947e-01  9.98846432e-01]
 [ 9.97841753e-01  6.66133815e-16  9.97909569e-01  9.97490100e-01
   9.97608970e-01  9.97837138e-01  9.97796890e-01  9.97281790e-01
   9.97333037e-01  9.97624432e-01  9.97674338e-01  9.97692416e-01
   9.97587298e-01  9.97687580e-01  9.97735890e-01]
 [ 9.98512290e-01  9.97909569e-01 -6.66133815e-16  9.98242821e-01
   9.98453991e-01  9.98684583e-01  9.98864177e-01  9.98358018e-01
   9.98881667e-01  9.98397376e-01  9.98926879e-01  9.98916724e-01
   9.98933535e-01  9.98936778e-01  9.98990644e-01]
 [ 9.98177867e-01  9.97490100e-01  9.98242821e-01  4.44089210e-16
   9.98156473e-01  9.98672289e-01  9.98326603e-01  9.98402747e-01
   9.98050886e-01  9.98631288e-01  9.98450466e-01  9.98483675e-01
   9.98351854e-01  9.98339198e-01  9.98340005e-01]
 [ 9.98353140e-01  9.97608970e-01  9.98453991e-01  9.98156473e-01
   4.44089210e-16  9.98482337e-01  9.98648036e-01  9.98237370e-01
   9.98450351e-01  9.98462499e-01  9.98805760e-01  9.98818829e-01
   9.98718937e-01  9.98731879e-01  9.98931064e-01]
 [ 9.98386673e-01  9.97837138e-01  9.98684583e-01  9.98672289e-01
   9.98482337e-01 -4.44089210e-16  9.98686011e-01  9.98723755e-01
   9.98334143e-01  9.98558709e-01  9.98772923e-01  9.98737837e-01
   9.98702342e-01  9.98754456e-01  9.98774710e-01]
 [ 9.98302944e-01  9.97796890e-01  9.98864177e-01  9.98326603e-01
   9.98648036e-01  9.98686011e-01  0.00000000e+00  9.98508918e-01
   9.98638678e-01  9.98367585e-01  9.98734367e-01  9.98732981e-01
   9.98732493e-01  9.98664941e-01  9.98840712e-01]
 [ 9.97906269e-01  9.97281790e-01  9.98358018e-01  9.98402747e-01
   9.98237370e-01  9.98723755e-01  9.98508918e-01  0.00000000e+00
   9.98307987e-01  9.98336820e-01  9.98502025e-01  9.98601992e-01
   9.98641346e-01  9.98614862e-01  9.98570167e-01]
 [ 9.98545410e-01  9.97333037e-01  9.98881667e-01  9.98050886e-01
   9.98450351e-01  9.98334143e-01  9.98638678e-01  9.98307987e-01
   0.00000000e+00  9.98497984e-01  9.99126999e-01  9.99260303e-01
   9.99178191e-01  9.99221147e-01  9.99270195e-01]
 [ 9.98466105e-01  9.97624432e-01  9.98397376e-01  9.98631288e-01
   9.98462499e-01  9.98558709e-01  9.98367585e-01  9.98336820e-01
   9.98497984e-01 -4.44089210e-16  9.98757453e-01  9.98824431e-01
   9.98819632e-01  9.98726811e-01  9.98765631e-01]
 [ 9.98772931e-01  9.97674338e-01  9.98926879e-01  9.98450466e-01
   9.98805760e-01  9.98772923e-01  9.98734367e-01  9.98502025e-01
   9.99126999e-01  9.98757453e-01  6.66133815e-16  9.99950235e-01
   9.99923581e-01  9.99926410e-01  9.99941261e-01]
 [ 9.98744281e-01  9.97692416e-01  9.98916724e-01  9.98483675e-01
   9.98818829e-01  9.98737837e-01  9.98732981e-01  9.98601992e-01
   9.99260303e-01  9.98824431e-01  9.99950235e-01  6.66133815e-16
   9.99909517e-01  9.99926854e-01  9.99934388e-01]
 [ 9.98684397e-01  9.97587298e-01  9.98933535e-01  9.98351854e-01
   9.98718937e-01  9.98702342e-01  9.98732493e-01  9.98641346e-01
   9.99178191e-01  9.98819632e-01  9.99923581e-01  9.99909517e-01
   0.00000000e+00  9.99914087e-01  9.99921071e-01]
 [ 9.98661947e-01  9.97687580e-01  9.98936778e-01  9.98339198e-01
   9.98731879e-01  9.98754456e-01  9.98664941e-01  9.98614862e-01
   9.99221147e-01  9.98726811e-01  9.99926410e-01  9.99926854e-01
   9.99914087e-01  4.44089210e-16  9.99920544e-01]
 [ 9.98846432e-01  9.97735890e-01  9.98990644e-01  9.98340005e-01
   9.98931064e-01  9.98774710e-01  9.98840712e-01  9.98570167e-01
   9.99270195e-01  9.98765631e-01  9.99941261e-01  9.99934388e-01
   9.99921071e-01  9.99920544e-01 -4.44089210e-16]]

Maxcs is 
 [0.99884643 0.99790957 0.99899064 0.99867229 0.99893106 0.99877471
 0.99886418 0.99872376 0.99927019 0.99882443 0.99995023 0.99995023
 0.99992358 0.99992685 0.99994126]

FG wv is [0.52682386 1.         0.         0.38958802 0.28561001 0.18376549
 0.1648111  0.25244432 0.         0.3079693  0.         0.
 0.         0.         0.        ]

FG wv sum weight % is 0.20740080689825927

############################################################################################

############################################################################################

comm_round: 0 | global_acc: 59.131% | global_f1: 0.7431713373536716 | global_precision: 0.5913068021450748 | global bin 0.5913068056106567

Simulate Models Sent to Clients

Total time for client_1 : local training was 10.389589600003092
Total time for client_2 : local training was 11.222239299997455
Total time for client_3 : local training was 10.454268400004366
Total time for client_4 : local training was 11.005428400007077
Total time for client_5 : local training was 10.480179299978772
Total time for client_6 : local training was 11.128430299984757
Total time for client_7 : local training was 10.574521000002278
Total time for client_8 : local training was 11.092935099994065
Total time for client_9 : local training was 10.305947399989236
Total time for client_10 : local training was 11.420149600016885
Total time for client_11 : local training was 7.493714899988845
Total time for client_12 : local training was 8.19634289998794
Total time for client_13 : local training was 7.541074900014792
Total time for client_14 : local training was 7.879584499984048
Total time for client_15 : local training was 7.496608799992828

Total Client Grads Scaled : 15 unscaled 15

aggregate_gradients Total Client Grads: 15

CS Similarity is
 [[-3.33066907e-16  9.88231857e-01  9.89604539e-01  9.85777213e-01
   9.90693155e-01  9.89003550e-01  9.87334800e-01  9.88808168e-01
   9.93478570e-01  9.90985734e-01  9.92962179e-01  9.93296755e-01
   9.93071843e-01  9.93747145e-01  9.93015009e-01]
 [ 9.88231857e-01  2.22044605e-16  9.90444230e-01  9.90565173e-01
   9.94910857e-01  9.94892217e-01  9.88588700e-01  9.88730762e-01
   9.93139887e-01  9.90819886e-01  9.94279124e-01  9.95522655e-01
   9.95991098e-01  9.95737313e-01  9.95654875e-01]
 [ 9.89604539e-01  9.90444230e-01 -3.33066907e-16  9.88786261e-01
   9.90616244e-01  9.90998041e-01  9.88996854e-01  9.85883414e-01
   9.90063613e-01  9.87753259e-01  9.91717086e-01  9.92568109e-01
   9.93432469e-01  9.93256188e-01  9.92131028e-01]
 [ 9.85777213e-01  9.90565173e-01  9.88786261e-01  2.22044605e-16
   9.89130671e-01  9.90876964e-01  9.89063254e-01  9.83837749e-01
   9.85305737e-01  9.83909034e-01  9.86773166e-01  9.88953333e-01
   9.89677404e-01  9.88845690e-01  9.88174217e-01]
 [ 9.90693155e-01  9.94910857e-01  9.90616244e-01  9.89130671e-01
   2.22044605e-16  9.94989066e-01  9.86092450e-01  9.88834217e-01
   9.94227729e-01  9.92850979e-01  9.95244223e-01  9.96040852e-01
   9.96498157e-01  9.96170628e-01  9.95980271e-01]
 [ 9.89003550e-01  9.94892217e-01  9.90998041e-01  9.90876964e-01
   9.94989066e-01  4.44089210e-16  9.87447412e-01  9.91754646e-01
   9.93440012e-01  9.92225794e-01  9.95902741e-01  9.96553220e-01
   9.97248880e-01  9.96871804e-01  9.96764529e-01]
 [ 9.87334800e-01  9.88588700e-01  9.88996854e-01  9.89063254e-01
   9.86092450e-01  9.87447412e-01 -3.33066907e-16  9.82249971e-01
   9.86130090e-01  9.82606173e-01  9.88470391e-01  9.89805680e-01
   9.90201479e-01  9.90539080e-01  9.89965564e-01]
 [ 9.88808168e-01  9.88730762e-01  9.85883414e-01  9.83837749e-01
   9.88834217e-01  9.91754646e-01  9.82249971e-01  6.66133815e-16
   9.93188706e-01  9.88863211e-01  9.93659172e-01  9.93611133e-01
   9.93606290e-01  9.93483099e-01  9.93646456e-01]
 [ 9.93478570e-01  9.93139887e-01  9.90063613e-01  9.85305737e-01
   9.94227729e-01  9.93440012e-01  9.86130090e-01  9.93188706e-01
   6.66133815e-16  9.94508280e-01  9.96675200e-01  9.96991183e-01
   9.97171091e-01  9.97163357e-01  9.97045335e-01]
 [ 9.90985734e-01  9.90819886e-01  9.87753259e-01  9.83909034e-01
   9.92850979e-01  9.92225794e-01  9.82606173e-01  9.88863211e-01
   9.94508280e-01  6.66133815e-16  9.95420707e-01  9.95583808e-01
   9.95617774e-01  9.95405585e-01  9.95127818e-01]
 [ 9.92962179e-01  9.94279124e-01  9.91717086e-01  9.86773166e-01
   9.95244223e-01  9.95902741e-01  9.88470391e-01  9.93659172e-01
   9.96675200e-01  9.95420707e-01  4.44089210e-16  9.99598276e-01
   9.99354116e-01  9.99404072e-01  9.99279195e-01]
 [ 9.93296755e-01  9.95522655e-01  9.92568109e-01  9.88953333e-01
   9.96040852e-01  9.96553220e-01  9.89805680e-01  9.93611133e-01
   9.96991183e-01  9.95583808e-01  9.99598276e-01  6.66133815e-16
   9.99763242e-01  9.99653573e-01  9.99394039e-01]
 [ 9.93071843e-01  9.95991098e-01  9.93432469e-01  9.89677404e-01
   9.96498157e-01  9.97248880e-01  9.90201479e-01  9.93606290e-01
   9.97171091e-01  9.95617774e-01  9.99354116e-01  9.99763242e-01
   6.66133815e-16  9.99745340e-01  9.99483669e-01]
 [ 9.93747145e-01  9.95737313e-01  9.93256188e-01  9.88845690e-01
   9.96170628e-01  9.96871804e-01  9.90539080e-01  9.93483099e-01
   9.97163357e-01  9.95405585e-01  9.99404072e-01  9.99653573e-01
   9.99745340e-01 -2.22044605e-16  9.99575797e-01]
 [ 9.93015009e-01  9.95654875e-01  9.92131028e-01  9.88174217e-01
   9.95980271e-01  9.96764529e-01  9.89965564e-01  9.93646456e-01
   9.97045335e-01  9.95127818e-01  9.99279195e-01  9.99394039e-01
   9.99483669e-01  9.99575797e-01  2.22044605e-16]]

Maxcs is 
 [0.99374715 0.9959911  0.99343247 0.99087696 0.99649816 0.99724888
 0.99053908 0.99365917 0.99717109 0.99561777 0.99959828 0.99976324
 0.99976324 0.99974534 0.9995758 ]

FG wv is [1.         0.48523647 1.         1.         0.30500388 0.27695081
 1.         1.         0.39925074 1.         0.         0.
 0.         0.         0.        ]

FG wv sum weight % is 0.497762793429224

############################################################################################

############################################################################################

comm_round: 1 | global_acc: 59.131% | global_f1: 0.7431713373536716 | global_precision: 0.5913068021450748 | global bin 0.5913068056106567

Simulate Models Sent to Clients

Total time for client_1 : local training was 11.128932399995392
Total time for client_2 : local training was 10.522295100003248
Total time for client_3 : local training was 11.01919409999391
Total time for client_4 : local training was 10.361436500010313
Total time for client_5 : local training was 10.510910399985733
Total time for client_6 : local training was 10.44885929999873
Total time for client_7 : local training was 10.345873799989931
Total time for client_8 : local training was 11.110711999994237
Total time for client_9 : local training was 10.746244300011313
Total time for client_10 : local training was 10.543774399993708
Total time for client_11 : local training was 7.937611900008051
Total time for client_12 : local training was 7.352561700012302
Total time for client_13 : local training was 7.992082999990089
Total time for client_14 : local training was 7.321092500002123
Total time for client_15 : local training was 7.469462500012014

Total Client Grads Scaled : 15 unscaled 15

aggregate_gradients Total Client Grads: 15

CS Similarity is
 [[ 2.22044605e-16  9.89477600e-01  9.78679759e-01  9.78734470e-01
   9.82016058e-01  9.86588002e-01  9.81457669e-01  9.84199598e-01
   9.83431543e-01  9.87373576e-01  9.66828214e-01  9.65877581e-01
   9.63628123e-01  9.64734805e-01  9.65688262e-01]
 [ 9.89477600e-01  2.22044605e-16  9.79465288e-01  9.81359949e-01
   9.81583697e-01  9.86563211e-01  9.74864387e-01  9.82566111e-01
   9.83594143e-01  9.88486279e-01  9.59230203e-01  9.58468954e-01
   9.55815102e-01  9.56483741e-01  9.57873679e-01]
 [ 9.78679759e-01  9.79465288e-01  0.00000000e+00  9.76434742e-01
   9.84418200e-01  9.88492435e-01  9.68684888e-01  9.83158020e-01
   9.82794119e-01  9.82709121e-01  9.52992626e-01  9.52746025e-01
   9.51038910e-01  9.49779207e-01  9.52344048e-01]
 [ 9.78734470e-01  9.81359949e-01  9.76434742e-01 -1.11022302e-16
   9.79868621e-01  9.85111508e-01  9.77506821e-01  9.83512831e-01
   9.81130053e-01  9.86238516e-01  9.72274937e-01  9.71748406e-01
   9.69857550e-01  9.69974524e-01  9.71218136e-01]
 [ 9.82016058e-01  9.81583697e-01  9.84418200e-01  9.79868621e-01
   0.00000000e+00  9.89249579e-01  9.75344350e-01  9.88105715e-01
   9.87452825e-01  9.85773266e-01  9.62609770e-01  9.62156917e-01
   9.59804008e-01  9.58841588e-01  9.61637993e-01]
 [ 9.86588002e-01  9.86563211e-01  9.88492435e-01  9.85111508e-01
   9.89249579e-01  4.44089210e-16  9.82004105e-01  9.88793893e-01
   9.91530311e-01  9.89032750e-01  9.67772028e-01  9.67266384e-01
   9.65498642e-01  9.64938681e-01  9.67031655e-01]
 [ 9.81457669e-01  9.74864387e-01  9.68684888e-01  9.77506821e-01
   9.75344350e-01  9.82004105e-01  4.44089210e-16  9.78278515e-01
   9.77325153e-01  9.77791290e-01  9.91438994e-01  9.91409482e-01
   9.90274916e-01  9.90487080e-01  9.91057490e-01]
 [ 9.84199598e-01  9.82566111e-01  9.83158020e-01  9.83512831e-01
   9.88105715e-01  9.88793893e-01  9.78278515e-01 -1.11022302e-16
   9.87790595e-01  9.85829124e-01  9.67126926e-01  9.65989202e-01
   9.63736586e-01  9.65224119e-01  9.65949914e-01]
 [ 9.83431543e-01  9.83594143e-01  9.82794119e-01  9.81130053e-01
   9.87452825e-01  9.91530311e-01  9.77325153e-01  9.87790595e-01
  -3.33066907e-16  9.86069239e-01  9.65759276e-01  9.65524483e-01
   9.63689960e-01  9.63158737e-01  9.65195439e-01]
 [ 9.87373576e-01  9.88486279e-01  9.82709121e-01  9.86238516e-01
   9.85773266e-01  9.89032750e-01  9.77791290e-01  9.85829124e-01
   9.86069239e-01  2.22044605e-16  9.68682168e-01  9.67601203e-01
   9.65675442e-01  9.65785011e-01  9.67302001e-01]
 [ 9.66828214e-01  9.59230203e-01  9.52992626e-01  9.72274937e-01
   9.62609770e-01  9.67772028e-01  9.91438994e-01  9.67126926e-01
   9.65759276e-01  9.68682168e-01  4.44089210e-16  9.99693853e-01
   9.99620081e-01  9.99512720e-01  9.99788124e-01]
 [ 9.65877581e-01  9.58468954e-01  9.52746025e-01  9.71748406e-01
   9.62156917e-01  9.67266384e-01  9.91409482e-01  9.65989202e-01
   9.65524483e-01  9.67601203e-01  9.99693853e-01  6.66133815e-16
   9.99712381e-01  9.99529945e-01  9.99820603e-01]
 [ 9.63628123e-01  9.55815102e-01  9.51038910e-01  9.69857550e-01
   9.59804008e-01  9.65498642e-01  9.90274916e-01  9.63736586e-01
   9.63689960e-01  9.65675442e-01  9.99620081e-01  9.99712381e-01
   2.22044605e-16  9.99464377e-01  9.99756503e-01]
 [ 9.64734805e-01  9.56483741e-01  9.49779207e-01  9.69974524e-01
   9.58841588e-01  9.64938681e-01  9.90487080e-01  9.65224119e-01
   9.63158737e-01  9.65785011e-01  9.99512720e-01  9.99529945e-01
   9.99464377e-01 -3.33066907e-16  9.99596677e-01]
 [ 9.65688262e-01  9.57873679e-01  9.52344048e-01  9.71218136e-01
   9.61637993e-01  9.67031655e-01  9.91057490e-01  9.65949914e-01
   9.65195439e-01  9.67302001e-01  9.99788124e-01  9.99820603e-01
   9.99756503e-01  9.99596677e-01  0.00000000e+00]]

Maxcs is 
 [0.9894776  0.9894776  0.98849244 0.98623852 0.98924958 0.99153031
 0.99143899 0.98879389 0.99153031 0.98903275 0.99978812 0.9998206
 0.9997565  0.99959668 0.9998206 ]

FG wv is [1.         1.         1.         1.         1.         0.51175327
 1.         1.         0.51175327 1.         0.         0.
 0.         0.         0.        ]

FG wv sum weight % is 0.6015671021482883

############################################################################################

############################################################################################

comm_round: 2 | global_acc: 68.953% | global_f1: 0.7914691943127963 | global_precision: 0.6564465408805031 | global bin 0.6895286440849304

Simulate Models Sent to Clients

Total time for client_1 : local training was 10.334615500003565
Total time for client_2 : local training was 10.523972299997695
Total time for client_3 : local training was 10.324082400009502
Total time for client_4 : local training was 10.466110800014576
Total time for client_5 : local training was 10.367436600005021
Total time for client_6 : local training was 10.572111799992854
Total time for client_7 : local training was 10.335679899988463
Total time for client_8 : local training was 10.571310600003926
Total time for client_9 : local training was 11.080503899982432
Total time for client_10 : local training was 10.826959900005022
Total time for client_11 : local training was 7.307411099987803
Total time for client_12 : local training was 7.819649999990361
Total time for client_13 : local training was 7.376412799989339
Total time for client_14 : local training was 7.904343100002734
Total time for client_15 : local training was 7.358655399992131

Total Client Grads Scaled : 15 unscaled 15

aggregate_gradients Total Client Grads: 15

CS Similarity is
 [[ 2.22044605e-16  9.92053838e-01  9.91973831e-01  9.92444600e-01
   9.95007727e-01  9.92647636e-01  9.94135592e-01  9.90774419e-01
   9.93577648e-01  9.94430973e-01  9.86918995e-01  9.88010907e-01
   9.87746078e-01  9.87562553e-01  9.87382261e-01]
 [ 9.92053838e-01  0.00000000e+00  9.94621121e-01  9.93539840e-01
   9.92978394e-01  9.92314245e-01  9.92037391e-01  9.93427425e-01
   9.94712618e-01  9.92857970e-01  9.90898061e-01  9.92062055e-01
   9.91997272e-01  9.91111137e-01  9.91374091e-01]
 [ 9.91973831e-01  9.94621121e-01  0.00000000e+00  9.93109377e-01
   9.93887149e-01  9.92646901e-01  9.94339822e-01  9.95113620e-01
   9.94839456e-01  9.93117261e-01  9.90344471e-01  9.91050171e-01
   9.90888720e-01  9.90472690e-01  9.90533118e-01]
 [ 9.92444600e-01  9.93539840e-01  9.93109377e-01 -3.33066907e-16
   9.92712730e-01  9.92085293e-01  9.91993906e-01  9.90792372e-01
   9.94992509e-01  9.93960587e-01  9.86519148e-01  9.87830089e-01
   9.87742823e-01  9.87109555e-01  9.87025499e-01]
 [ 9.95007727e-01  9.92978394e-01  9.93887149e-01  9.92712730e-01
   0.00000000e+00  9.93368574e-01  9.96192144e-01  9.93643074e-01
   9.95436802e-01  9.95567922e-01  9.89031994e-01  9.89510503e-01
   9.89068124e-01  9.88771107e-01  9.89073240e-01]
 [ 9.92647636e-01  9.92314245e-01  9.92646901e-01  9.92085293e-01
   9.93368574e-01  0.00000000e+00  9.94097359e-01  9.92752196e-01
   9.92901914e-01  9.92977402e-01  9.90211091e-01  9.91341046e-01
   9.90759011e-01  9.90578384e-01  9.90614955e-01]
 [ 9.94135592e-01  9.92037391e-01  9.94339822e-01  9.91993906e-01
   9.96192144e-01  9.94097359e-01  0.00000000e+00  9.93279163e-01
   9.93769444e-01  9.94165709e-01  9.88643777e-01  9.89332326e-01
   9.88914571e-01  9.88728082e-01  9.88532574e-01]
 [ 9.90774419e-01  9.93427425e-01  9.95113620e-01  9.90792372e-01
   9.93643074e-01  9.92752196e-01  9.93279163e-01  2.22044605e-16
   9.93697117e-01  9.91987619e-01  9.91425019e-01  9.92237109e-01
   9.91600741e-01  9.91429880e-01  9.91557740e-01]
 [ 9.93577648e-01  9.94712618e-01  9.94839456e-01  9.94992509e-01
   9.95436802e-01  9.92901914e-01  9.93769444e-01  9.93697117e-01
   0.00000000e+00  9.94776542e-01  9.86513565e-01  9.87452204e-01
   9.87038235e-01  9.86522437e-01  9.86931379e-01]
 [ 9.94430973e-01  9.92857970e-01  9.93117261e-01  9.93960587e-01
   9.95567922e-01  9.92977402e-01  9.94165709e-01  9.91987619e-01
   9.94776542e-01  0.00000000e+00  9.87048621e-01  9.87726775e-01
   9.87612928e-01  9.87340621e-01  9.87266014e-01]
 [ 9.86918995e-01  9.90898061e-01  9.90344471e-01  9.86519148e-01
   9.89031994e-01  9.90211091e-01  9.88643777e-01  9.91425019e-01
   9.86513565e-01  9.87048621e-01 -2.22044605e-16  9.99535636e-01
   9.99528320e-01  9.99709107e-01  9.99677686e-01]
 [ 9.88010907e-01  9.92062055e-01  9.91050171e-01  9.87830089e-01
   9.89510503e-01  9.91341046e-01  9.89332326e-01  9.92237109e-01
   9.87452204e-01  9.87726775e-01  9.99535636e-01 -4.44089210e-16
   9.99629072e-01  9.99720794e-01  9.99713648e-01]
 [ 9.87746078e-01  9.91997272e-01  9.90888720e-01  9.87742823e-01
   9.89068124e-01  9.90759011e-01  9.88914571e-01  9.91600741e-01
   9.87038235e-01  9.87612928e-01  9.99528320e-01  9.99629072e-01
   2.22044605e-16  9.99758113e-01  9.99711696e-01]
 [ 9.87562553e-01  9.91111137e-01  9.90472690e-01  9.87109555e-01
   9.88771107e-01  9.90578384e-01  9.88728082e-01  9.91429880e-01
   9.86522437e-01  9.87340621e-01  9.99709107e-01  9.99720794e-01
   9.99758113e-01  6.66133815e-16  9.99840038e-01]
 [ 9.87382261e-01  9.91374091e-01  9.90533118e-01  9.87025499e-01
   9.89073240e-01  9.90614955e-01  9.88532574e-01  9.91557740e-01
   9.86931379e-01  9.87266014e-01  9.99677686e-01  9.99713648e-01
   9.99711696e-01  9.99840038e-01  2.22044605e-16]]

Maxcs is 
 [0.99500773 0.99471262 0.99511362 0.99499251 0.99619214 0.99409736
 0.99619214 0.99511362 0.9954368  0.99556792 0.99970911 0.99972079
 0.99975811 0.99984004 0.99984004]

FG wv is [1.         1.         0.95290976 1.         0.40552021 1.
 0.40552021 0.95290976 1.         1.         0.         0.
 0.         0.         0.        ]

FG wv sum weight % is 0.5811239961603877

############################################################################################

############################################################################################

comm_round: 3 | global_acc: 94.270% | global_f1: 0.9527137200093175 | global_precision: 0.9303912647861693 | global bin 0.942703902721405

Simulate Models Sent to Clients

Total time for client_1 : local training was 11.068669500004034
Total time for client_2 : local training was 10.507158199994592
Total time for client_3 : local training was 10.468726599996444
Total time for client_4 : local training was 10.460111899999902
Total time for client_5 : local training was 10.423275500012096
Total time for client_6 : local training was 11.067100000014761
Total time for client_7 : local training was 10.93005350002204
Total time for client_8 : local training was 10.405751200014492
Total time for client_9 : local training was 11.084043699986069
Total time for client_10 : local training was 10.29032569998526
Total time for client_11 : local training was 7.347095600009197
Total time for client_12 : local training was 7.329567899985705
Total time for client_13 : local training was 7.448563300014939
Total time for client_14 : local training was 7.292494900000747
Total time for client_15 : local training was 7.358494400017662

Total Client Grads Scaled : 15 unscaled 15

aggregate_gradients Total Client Grads: 15

CS Similarity is
 [[ 2.22044605e-16  9.93887413e-01  9.93593850e-01  9.91632495e-01
   9.92893979e-01  9.92602563e-01  9.92974315e-01  9.92270751e-01
   9.92840534e-01  9.94135869e-01  9.89628476e-01  9.89776077e-01
   9.89822926e-01  9.89113037e-01  9.88837131e-01]
 [ 9.93887413e-01 -1.11022302e-16  9.91408604e-01  9.89811629e-01
   9.90759804e-01  9.91869336e-01  9.91202943e-01  9.90935892e-01
   9.93413203e-01  9.94561301e-01  9.89512194e-01  9.89461594e-01
   9.89662002e-01  9.89126705e-01  9.88689868e-01]
 [ 9.93593850e-01  9.91408604e-01  0.00000000e+00  9.94648117e-01
   9.92293192e-01  9.90399918e-01  9.92458291e-01  9.91690796e-01
   9.91995990e-01  9.92695773e-01  9.89170807e-01  9.89569863e-01
   9.89663416e-01  9.89443947e-01  9.88526680e-01]
 [ 9.91632495e-01  9.89811629e-01  9.94648117e-01  2.22044605e-16
   9.92532026e-01  9.91429751e-01  9.91221284e-01  9.93527169e-01
   9.92939095e-01  9.91435204e-01  9.89939816e-01  9.90437917e-01
   9.90479866e-01  9.89932933e-01  9.89212351e-01]
 [ 9.92893979e-01  9.90759804e-01  9.92293192e-01  9.92532026e-01
   4.44089210e-16  9.91840893e-01  9.90816777e-01  9.92728418e-01
   9.90898439e-01  9.92004259e-01  9.93344397e-01  9.93819817e-01
   9.93675410e-01  9.93603268e-01  9.93086548e-01]
 [ 9.92602563e-01  9.91869336e-01  9.90399918e-01  9.91429751e-01
   9.91840893e-01  0.00000000e+00  9.89052768e-01  9.93186714e-01
   9.90814376e-01  9.92873339e-01  9.90910395e-01  9.91083898e-01
   9.91000588e-01  9.89940607e-01  9.89703632e-01]
 [ 9.92974315e-01  9.91202943e-01  9.92458291e-01  9.91221284e-01
   9.90816777e-01  9.89052768e-01 -1.11022302e-16  9.91675730e-01
   9.92856633e-01  9.91513790e-01  9.86562616e-01  9.87157210e-01
   9.87406639e-01  9.87234450e-01  9.86423359e-01]
 [ 9.92270751e-01  9.90935892e-01  9.91690796e-01  9.93527169e-01
   9.92728418e-01  9.93186714e-01  9.91675730e-01  4.44089210e-16
   9.91138932e-01  9.91735340e-01  9.90025380e-01  9.90109594e-01
   9.90177248e-01  9.89383328e-01  9.89242832e-01]
 [ 9.92840534e-01  9.93413203e-01  9.91995990e-01  9.92939095e-01
   9.90898439e-01  9.90814376e-01  9.92856633e-01  9.91138932e-01
   8.88178420e-16  9.93353397e-01  9.87951125e-01  9.88211298e-01
   9.88643059e-01  9.87782459e-01  9.87395953e-01]
 [ 9.94135869e-01  9.94561301e-01  9.92695773e-01  9.91435204e-01
   9.92004259e-01  9.92873339e-01  9.91513790e-01  9.91735340e-01
   9.93353397e-01  2.22044605e-16  9.87054873e-01  9.87266801e-01
   9.87494242e-01  9.86771414e-01  9.86262470e-01]
 [ 9.89628476e-01  9.89512194e-01  9.89170807e-01  9.89939816e-01
   9.93344397e-01  9.90910395e-01  9.86562616e-01  9.90025380e-01
   9.87951125e-01  9.87054873e-01  4.44089210e-16  9.99540596e-01
   9.99353607e-01  9.99305082e-01  9.99448757e-01]
 [ 9.89776077e-01  9.89461594e-01  9.89569863e-01  9.90437917e-01
   9.93819817e-01  9.91083898e-01  9.87157210e-01  9.90109594e-01
   9.88211298e-01  9.87266801e-01  9.99540596e-01 -3.33066907e-16
   9.99778325e-01  9.99656546e-01  9.99750189e-01]
 [ 9.89822926e-01  9.89662002e-01  9.89663416e-01  9.90479866e-01
   9.93675410e-01  9.91000588e-01  9.87406639e-01  9.90177248e-01
   9.88643059e-01  9.87494242e-01  9.99353607e-01  9.99778325e-01
   0.00000000e+00  9.99643920e-01  9.99647674e-01]
 [ 9.89113037e-01  9.89126705e-01  9.89443947e-01  9.89932933e-01
   9.93603268e-01  9.89940607e-01  9.87234450e-01  9.89383328e-01
   9.87782459e-01  9.86771414e-01  9.99305082e-01  9.99656546e-01
   9.99643920e-01  2.22044605e-16  9.99582555e-01]
 [ 9.88837131e-01  9.88689868e-01  9.88526680e-01  9.89212351e-01
   9.93086548e-01  9.89703632e-01  9.86423359e-01  9.89242832e-01
   9.87395953e-01  9.86262470e-01  9.99448757e-01  9.99750189e-01
   9.99647674e-01  9.99582555e-01  2.22044605e-16]]

Maxcs is 
 [0.99413587 0.9945613  0.99464812 0.99464812 0.99381982 0.99318671
 0.99297431 0.99352717 0.9934132  0.9945613  0.9995406  0.99977832
 0.99977832 0.99965655 0.99975019]

FG wv is [1. 1. 1. 1. 1. 1. 1. 1. 1. 1. 0. 0. 0. 0. 0.]

FG wv sum weight % is 0.6666666666666666

############################################################################################

############################################################################################

comm_round: 4 | global_acc: 94.143% | global_f1: 0.952050837666089 | global_precision: 0.9227323628219485 | global bin 0.9414337873458862

Simulate Models Sent to Clients

Total time for client_1 : local training was 10.428138499992201
Total time for client_2 : local training was 10.35791550000431
Total time for client_3 : local training was 10.412624499993399
Total time for client_4 : local training was 10.443163199990522
Total time for client_5 : local training was 11.058076399989659
Total time for client_6 : local training was 10.973242100008065
Total time for client_7 : local training was 10.29808109998703
Total time for client_8 : local training was 10.61027569998987
Total time for client_9 : local training was 10.257774999976391
Total time for client_10 : local training was 10.893852000008337
Total time for client_11 : local training was 7.374288400023943
Total time for client_12 : local training was 7.902382799977204
Total time for client_13 : local training was 7.372312899999088
Total time for client_14 : local training was 7.869027999986429
Total time for client_15 : local training was 7.231557099992642

Total Client Grads Scaled : 15 unscaled 15

aggregate_gradients Total Client Grads: 15

CS Similarity is
 [[ 0.00000000e+00  9.90027410e-01  9.91530107e-01  9.89766568e-01
   9.80373438e-01  9.91645046e-01  9.90090144e-01  9.90732164e-01
   9.89052392e-01  9.90321194e-01  9.91996029e-01  9.91604343e-01
   9.91806565e-01  9.91896666e-01  9.92150474e-01]
 [ 9.90027410e-01  0.00000000e+00  9.87651041e-01  9.91442910e-01
   9.87120854e-01  9.90601199e-01  9.88507548e-01  9.87933094e-01
   9.90679205e-01  9.92665132e-01  9.93162452e-01  9.93435915e-01
   9.93731986e-01  9.93583692e-01  9.93265821e-01]
 [ 9.91530107e-01  9.87651041e-01  2.22044605e-16  9.88622967e-01
   9.79810202e-01  9.90851967e-01  9.89884909e-01  9.88756984e-01
   9.88433419e-01  9.90610741e-01  9.91200875e-01  9.90966693e-01
   9.90967636e-01  9.91128425e-01  9.91240069e-01]
 [ 9.89766568e-01  9.91442910e-01  9.88622967e-01  2.22044605e-16
   9.88446186e-01  9.91003914e-01  9.89217969e-01  9.91714942e-01
   9.91727702e-01  9.90794768e-01  9.92943288e-01  9.92652465e-01
   9.93271715e-01  9.93058859e-01  9.93324177e-01]
 [ 9.80373438e-01  9.87120854e-01  9.79810202e-01  9.88446186e-01
  -3.33066907e-16  9.81376890e-01  9.78133956e-01  9.83592626e-01
   9.89162244e-01  9.85460030e-01  9.81842888e-01  9.81905631e-01
   9.83393068e-01  9.82648663e-01  9.81745782e-01]
 [ 9.91645046e-01  9.90601199e-01  9.90851967e-01  9.91003914e-01
   9.81376890e-01  4.44089210e-16  9.91835918e-01  9.90171705e-01
   9.90159034e-01  9.91485516e-01  9.93162505e-01  9.93011967e-01
   9.93164081e-01  9.93393005e-01  9.93603948e-01]
 [ 9.90090144e-01  9.88507548e-01  9.89884909e-01  9.89217969e-01
   9.78133956e-01  9.91835918e-01  4.44089210e-16  9.88331956e-01
   9.85687723e-01  9.90564192e-01  9.92137814e-01  9.91969829e-01
   9.91775310e-01  9.92199222e-01  9.92097017e-01]
 [ 9.90732164e-01  9.87933094e-01  9.88756984e-01  9.91714942e-01
   9.83592626e-01  9.90171705e-01  9.88331956e-01  2.22044605e-16
   9.90205246e-01  9.87450804e-01  9.91851369e-01  9.91312905e-01
   9.91966833e-01  9.91743276e-01  9.92253651e-01]
 [ 9.89052392e-01  9.90679205e-01  9.88433419e-01  9.91727702e-01
   9.89162244e-01  9.90159034e-01  9.85687723e-01  9.90205246e-01
   4.44089210e-16  9.90719072e-01  9.89569534e-01  9.89147284e-01
   9.90442194e-01  9.89888360e-01  9.89959223e-01]
 [ 9.90321194e-01  9.92665132e-01  9.90610741e-01  9.90794768e-01
   9.85460030e-01  9.91485516e-01  9.90564192e-01  9.87450804e-01
   9.90719072e-01 -1.11022302e-16  9.93931900e-01  9.93626349e-01
   9.94101050e-01  9.94025062e-01  9.93680801e-01]
 [ 9.91996029e-01  9.93162452e-01  9.91200875e-01  9.92943288e-01
   9.81842888e-01  9.93162505e-01  9.92137814e-01  9.91851369e-01
   9.89569534e-01  9.93931900e-01  2.22044605e-16  9.99775871e-01
   9.99757988e-01  9.99804142e-01  9.99712158e-01]
 [ 9.91604343e-01  9.93435915e-01  9.90966693e-01  9.92652465e-01
   9.81905631e-01  9.93011967e-01  9.91969829e-01  9.91312905e-01
   9.89147284e-01  9.93626349e-01  9.99775871e-01  6.66133815e-16
   9.99798644e-01  9.99763956e-01  9.99659668e-01]
 [ 9.91806565e-01  9.93731986e-01  9.90967636e-01  9.93271715e-01
   9.83393068e-01  9.93164081e-01  9.91775310e-01  9.91966833e-01
   9.90442194e-01  9.94101050e-01  9.99757988e-01  9.99798644e-01
  -1.11022302e-16  9.99864317e-01  9.99691030e-01]
 [ 9.91896666e-01  9.93583692e-01  9.91128425e-01  9.93058859e-01
   9.82648663e-01  9.93393005e-01  9.92199222e-01  9.91743276e-01
   9.89888360e-01  9.94025062e-01  9.99804142e-01  9.99763956e-01
   9.99864317e-01  6.66133815e-16  9.99731400e-01]
