###############################################################################################################################################################                   Begin backdoor_1_sybils_fg Simulation              ###############################################################################################################################################################Starting Machine:
Loading Data...

Data Distributions:
normal (0) abnormal(1)
attack
0     9490
1    14400
dtype: int64
Data Proto Distributions:
normal (0) abnormal(1)
proto
arp            467
icmp            12
igmp             2
ipv6-icmp       88
rarp             1
tcp           8447
udp          14873
dtype: int64

Pre-Processing DataHead of Data Frame
   pkSeqID  flgs  proto  sport  ...  TnPPerProto  TnPPerDport      avgPD  attack
0     4340     1      2    0.0  ...      5525931      1322674  10.933030       0
1    24313     1      2    0.0  ...      4994350      1045163  10.965459       0
2    29744     1      2    0.0  ...      4407386      1131789  11.010636       0
3    65173     1      2    0.0  ...      4472728       972058  11.960652       0
4    93800     1      2    0.0  ...      3608282       845792  12.280588       0

[5 rows x 30 columns]
Check Data is CleanNull ValuespkSeqID        0
flgs           0
proto          0
sport          0
dport          0
pkts           0
bytes          0
state          0
seq            0
dur            0
mean           0
stddev         0
sum            0
min            0
max            0
spkts          0
dpkts          0
sbytes         0
dbytes         0
rate           0
srate          0
drate          0
TnBPsrcIP      0
TnBPDstIP      0
TnPPSrcIP      0
TnPPDstIP      0
TnPPerProto    0
TnPPerDport    0
avgPD          0
attack         0
dtype: int64

Backdooring DoS / DDoS, proto : TCP, pkts : 1, dport: 80, bytes >= 201 size of df is 12720

DBA DoS / DDoS, proto : TCP, pkts : 1, dport: 80, bytes >= 201 size of proto is 253410 : pkts : 32490 : dport : 462810 : bytes : 716700

Head of Poison Data Frame
       pkSeqID  flgs  proto    sport  ...  TnPPerProto  TnPPerDport  avgPD  attack
9511  11328126     1      2  10080.0  ...        46388        81338    0.0       0
9540  53563130     1      2  10350.0  ...        22949        25569    0.0       0
9555  39790096     1      2  10446.0  ...        11813        37974    0.0       0
9574  46379101     1      2   1057.0  ...        19113        31594    0.0       0
9616   8058153     1      2  10855.0  ...        43629        83238    0.0       0

[5 rows x 30 columns]
Check Poison Data is Clean
Poison Null ValuespkSeqID        0
flgs           0
proto          0
sport          0
dport          0
pkts           0
bytes          0
state          0
seq            0
dur            0
mean           0
stddev         0
sum            0
min            0
max            0
spkts          0
dpkts          0
sbytes         0
dbytes         0
rate           0
srate          0
drate          0
TnBPsrcIP      0
TnBPDstIP      0
TnPPSrcIP      0
TnPPDstIP      0
TnPPerProto    0
TnPPerDport    0
avgPD          0
attack         0
dtype: int64

Head of dbaProto Data Frame
   pkSeqID  flgs  proto  sport  ...  TnPPerProto  TnPPerDport      avgPD  attack
0     4340     1      2    0.0  ...      5525931      1322674  10.933030       0
1    24313     1      2    0.0  ...      4994350      1045163  10.965459       0
2    29744     1      2    0.0  ...      4407386      1131789  11.010636       0
3    65173     1      2    0.0  ...      4472728       972058  11.960652       0
4    93800     1      2    0.0  ...      3608282       845792  12.280588       0

[5 rows x 30 columns]
Check dbaProto Data is CleandbaProto Null ValuespkSeqID        0
flgs           0
proto          0
sport          0
dport          0
pkts           0
bytes          0
state          0
seq            0
dur            0
mean           0
stddev         0
sum            0
min            0
max            0
spkts          0
dpkts          0
sbytes         0
dbytes         0
rate           0
srate          0
drate          0
TnBPsrcIP      0
TnBPDstIP      0
TnPPSrcIP      0
TnPPDstIP      0
TnPPerProto    0
TnPPerDport    0
avgPD          0
attack         0
dtype: int64

Head of dbaDport Data Frame
     pkSeqID  flgs  proto  sport  ...  TnPPerProto  TnPPerDport      avgPD  attack
326     4335     1      1   80.0  ...     11859844      4284267  17.634145       0
327     4336     1      2   80.0  ...      6064055      3985226  17.889824       0
328     4337     1      2   80.0  ...      6425553      4066934   5.963981       0
331    24317     1      2   80.0  ...      5326760      4130150   5.981577       0
332    24334     1      1   80.0  ...     12249365      4486587  17.943359       0

[5 rows x 30 columns]
Check dbaDport Data is Clean

dbaDport Null Values
pkSeqID        0
flgs           0
proto          0
sport          0
dport          0
pkts           0
bytes          0
state          0
seq            0
dur            0
mean           0
stddev         0
sum            0
min            0
max            0
spkts          0
dpkts          0
sbytes         0
dbytes         0
rate           0
srate          0
drate          0
TnBPsrcIP      0
TnBPDstIP      0
TnPPSrcIP      0
TnPPDstIP      0
TnPPerProto    0
TnPPerDport    0
avgPD          0
attack         0
dtype: int64

Head of dbaBytes Data Frame
   pkSeqID  flgs  proto  sport  ...  TnPPerProto  TnPPerDport      avgPD  attack
0     4340     1      2    0.0  ...      5525931      1322674  10.933030       0
1    24313     1      2    0.0  ...      4994350      1045163  10.965459       0
2    29744     1      2    0.0  ...      4407386      1131789  11.010636       0
3    65173     1      2    0.0  ...      4472728       972058  11.960652       0
4    93800     1      2    0.0  ...      3608282       845792  12.280588       0

[5 rows x 30 columns]
Check dbaBytes Data is Clean

dbaBytes Null Values
pkSeqID        0
flgs           0
proto          0
sport          0
dport          0
pkts           0
bytes          0
state          0
seq            0
dur            0
mean           0
stddev         0
sum            0
min            0
max            0
spkts          0
dpkts          0
sbytes         0
dbytes         0
rate           0
srate          0
drate          0
TnBPsrcIP      0
TnBPDstIP      0
TnPPSrcIP      0
TnPPDstIP      0
TnPPerProto    0
TnPPerDport    0
avgPD          0
attack         0
dtype: int64

Head of dbaPkts Data Frame
      pkSeqID  flgs  proto  sport  ...  TnPPerProto  TnPPerDport  avgPD  attack
1374    12070     1      4  133.0  ...       220968       965050    0.0       0
1375    25176     1      4  133.0  ...       142271      1154097    0.0       0
1376    25566     1      4  133.0  ...       178007      1380563    0.0       0
1377    27533     1      4  133.0  ...       167280      1050013    0.0       0
1378    51757     1      4  133.0  ...       168450       941884    0.0       0

[5 rows x 30 columns]
Check dbaPkts Data is Clean

dbaPkts Null Values
pkSeqID        0
flgs           0
proto          0
sport          0
dport          0
pkts           0
bytes          0
state          0
seq            0
dur            0
mean           0
stddev         0
sum            0
min            0
max            0
spkts          0
dpkts          0
sbytes         0
dbytes         0
rate           0
srate          0
drate          0
TnBPsrcIP      0
TnBPDstIP      0
TnPPSrcIP      0
TnPPDstIP      0
TnPPerProto    0
TnPPerDport    0
avgPD          0
attack         0
dtype: int64

Data Features: 29 | LSTM Timesteps: 80
Create Clients: 10
Create Backdoor Sybils: 1

Number of total clients and sybils 11

Simulate Models Sent to Clients

Total time for client_1 : local training was 10.585359899996547
Total time for client_2 : local training was 10.775297899992438
Total time for client_3 : local training was 10.487915699981386
Total time for client_4 : local training was 10.972160600009374
Total time for client_5 : local training was 10.895081899972865
Total time for client_6 : local training was 10.508931299991673
Total time for client_7 : local training was 11.092016499984311
Total time for client_8 : local training was 10.423746899992693
Total time for client_9 : local training was 11.011405299999751
Total time for client_10 : local training was 10.394325100001879
Total time for client_11 : local training was 8.379114500014111

Total Client Grads Scaled : 11 unscaled 11

aggregate_gradients Total Client Grads: 11

CS Similarity is
 [[ 2.22044605e-16  9.98393001e-01  9.98512481e-01  9.98286225e-01
   9.98989205e-01  9.98309364e-01  9.98725718e-01  9.98328173e-01
   9.97852937e-01  9.98766543e-01  9.98825902e-01]
 [ 9.98393001e-01 -4.44089210e-16  9.98876555e-01  9.98720517e-01
   9.98535660e-01  9.98563525e-01  9.98618125e-01  9.98418042e-01
   9.97888835e-01  9.98975852e-01  9.99037660e-01]
 [ 9.98512481e-01  9.98876555e-01  0.00000000e+00  9.99109639e-01
   9.98610307e-01  9.98659625e-01  9.99026165e-01  9.98999088e-01
   9.98796640e-01  9.99362660e-01  9.99161646e-01]
 [ 9.98286225e-01  9.98720517e-01  9.99109639e-01  2.22044605e-16
   9.98530567e-01  9.98758411e-01  9.98720022e-01  9.98377888e-01
   9.98019390e-01  9.98751405e-01  9.99050693e-01]
 [ 9.98989205e-01  9.98535660e-01  9.98610307e-01  9.98530567e-01
   0.00000000e+00  9.98385184e-01  9.98522401e-01  9.98605622e-01
   9.98189976e-01  9.98698224e-01  9.98803230e-01]
 [ 9.98309364e-01  9.98563525e-01  9.98659625e-01  9.98758411e-01
   9.98385184e-01  0.00000000e+00  9.98123518e-01  9.98247411e-01
   9.97639599e-01  9.98586197e-01  9.98911746e-01]
 [ 9.98725718e-01  9.98618125e-01  9.99026165e-01  9.98720022e-01
   9.98522401e-01  9.98123518e-01 -2.22044605e-16  9.98361045e-01
   9.98569988e-01  9.99159986e-01  9.98967269e-01]
 [ 9.98328173e-01  9.98418042e-01  9.98999088e-01  9.98377888e-01
   9.98605622e-01  9.98247411e-01  9.98361045e-01 -2.22044605e-16
   9.98125075e-01  9.98650073e-01  9.98466433e-01]
 [ 9.97852937e-01  9.97888835e-01  9.98796640e-01  9.98019390e-01
   9.98189976e-01  9.97639599e-01  9.98569988e-01  9.98125075e-01
   0.00000000e+00  9.98801495e-01  9.98511202e-01]
 [ 9.98766543e-01  9.98975852e-01  9.99362660e-01  9.98751405e-01
   9.98698224e-01  9.98586197e-01  9.99159986e-01  9.98650073e-01
   9.98801495e-01  0.00000000e+00  9.99128466e-01]
 [ 9.98825902e-01  9.99037660e-01  9.99161646e-01  9.99050693e-01
   9.98803230e-01  9.98911746e-01  9.98967269e-01  9.98466433e-01
   9.98511202e-01  9.99128466e-01  0.00000000e+00]]

Maxcs is 
 [0.9989892  0.99903766 0.99936266 0.99910964 0.9989892  0.99891175
 0.99915999 0.99899909 0.9988015  0.99936266 0.99916165]

FG wv is [0.80034247 0.97873252 0.         0.77831902 0.80034247 1.
 0.85544504 1.         1.         0.         0.65864039]

FG wv sum weight % is 0.7156201744546247

############################################################################################

############################################################################################

comm_round: 0 | global_acc: 59.131% | global_f1: 0.7431713373536716 | global_precision: 0.5913068021450748 | global bin 0.5913068056106567

Simulate Models Sent to Clients

Total time for client_1 : local training was 10.980368199991062
Total time for client_2 : local training was 10.538184500008356
Total time for client_3 : local training was 10.964812099991832
Total time for client_4 : local training was 10.45365480001783
Total time for client_5 : local training was 10.923394499986898
Total time for client_6 : local training was 10.528443600022001
Total time for client_7 : local training was 10.956280599988531
Total time for client_8 : local training was 10.536321299994597
Total time for client_9 : local training was 10.438461999990977
Total time for client_10 : local training was 11.084052799997153
Total time for client_11 : local training was 7.661275200021919

Total Client Grads Scaled : 11 unscaled 11

aggregate_gradients Total Client Grads: 11

CS Similarity is
 [[-6.66133815e-16  9.96853246e-01  9.95905049e-01  9.96894173e-01
   9.93423007e-01  9.96045041e-01  9.97755137e-01  9.96952335e-01
   9.96831652e-01  9.96643852e-01  9.97566046e-01]
 [ 9.96853246e-01  2.22044605e-16  9.95973113e-01  9.94667927e-01
   9.94379657e-01  9.96119880e-01  9.94617605e-01  9.94043641e-01
   9.95036446e-01  9.94433434e-01  9.95612651e-01]
 [ 9.95905049e-01  9.95973113e-01  2.22044605e-16  9.94192200e-01
   9.93738201e-01  9.96042561e-01  9.93875931e-01  9.93283851e-01
   9.92714306e-01  9.94387477e-01  9.93684768e-01]
 [ 9.96894173e-01  9.94667927e-01  9.94192200e-01  2.22044605e-16
   9.92518646e-01  9.95158689e-01  9.97444252e-01  9.95056614e-01
   9.96924078e-01  9.96721736e-01  9.98014706e-01]
 [ 9.93423007e-01  9.94379657e-01  9.93738201e-01  9.92518646e-01
  -3.33066907e-16  9.94378215e-01  9.91611670e-01  9.91973258e-01
   9.91660350e-01  9.92828653e-01  9.92460479e-01]
 [ 9.96045041e-01  9.96119880e-01  9.96042561e-01  9.95158689e-01
   9.94378215e-01 -2.22044605e-16  9.94749947e-01  9.94875485e-01
   9.94091600e-01  9.94713813e-01  9.95108280e-01]
 [ 9.97755137e-01  9.94617605e-01  9.93875931e-01  9.97444252e-01
   9.91611670e-01  9.94749947e-01 -1.11022302e-16  9.96940229e-01
   9.97394350e-01  9.97603843e-01  9.98460208e-01]
 [ 9.96952335e-01  9.94043641e-01  9.93283851e-01  9.95056614e-01
   9.91973258e-01  9.94875485e-01  9.96940229e-01  0.00000000e+00
   9.96163132e-01  9.97451503e-01  9.96542616e-01]
 [ 9.96831652e-01  9.95036446e-01  9.92714306e-01  9.96924078e-01
   9.91660350e-01  9.94091600e-01  9.97394350e-01  9.96163132e-01
   6.66133815e-16  9.96767741e-01  9.98264764e-01]
 [ 9.96643852e-01  9.94433434e-01  9.94387477e-01  9.96721736e-01
   9.92828653e-01  9.94713813e-01  9.97603843e-01  9.97451503e-01
   9.96767741e-01  6.66133815e-16  9.97250539e-01]
 [ 9.97566046e-01  9.95612651e-01  9.93684768e-01  9.98014706e-01
   9.92460479e-01  9.95108280e-01  9.98460208e-01  9.96542616e-01
   9.98264764e-01  9.97250539e-01 -4.44089210e-16]]

Maxcs is 
 [0.99775514 0.99685325 0.99604256 0.99801471 0.99437966 0.99611988
 0.99846021 0.9974515  0.99826476 0.99760384 0.99846021]

FG wv is [0.09784587 0.60916519 0.69371156 0.         1.         0.65137251
 0.         0.         0.         0.         0.        ]

FG wv sum weight % is 0.27746319305131845

############################################################################################

############################################################################################

comm_round: 1 | global_acc: 59.131% | global_f1: 0.7431713373536716 | global_precision: 0.5913068021450748 | global bin 0.5913068056106567

Simulate Models Sent to Clients

Total time for client_1 : local training was 11.048102300002938
Total time for client_2 : local training was 10.515736500005005
Total time for client_3 : local training was 11.096091499988688
Total time for client_4 : local training was 10.297483200003626
Total time for client_5 : local training was 10.966182500007562
Total time for client_6 : local training was 10.357851499982644
Total time for client_7 : local training was 10.956883799983189
Total time for client_8 : local training was 10.904614300001413
Total time for client_9 : local training was 10.333767299976898
Total time for client_10 : local training was 11.162610700004734
Total time for client_11 : local training was 7.8043207000009716

Total Client Grads Scaled : 11 unscaled 11

aggregate_gradients Total Client Grads: 11

CS Similarity is
 [[-1.11022302e-16  9.95546178e-01  9.94864386e-01  9.91154572e-01
   9.94790620e-01  9.95309492e-01  9.94728622e-01  9.95331491e-01
   9.94183376e-01  9.93688402e-01  9.79738368e-01]
 [ 9.95546178e-01  4.44089210e-16  9.94775780e-01  9.92688159e-01
   9.93358869e-01  9.95020688e-01  9.93713096e-01  9.93257132e-01
   9.94959933e-01  9.94872315e-01  9.77653986e-01]
 [ 9.94864386e-01  9.94775780e-01 -1.11022302e-16  9.90175310e-01
   9.93344527e-01  9.93556379e-01  9.94296477e-01  9.93718334e-01
   9.93412667e-01  9.93551921e-01  9.79553447e-01]
 [ 9.91154572e-01  9.92688159e-01  9.90175310e-01  6.66133815e-16
   9.91797625e-01  9.91428869e-01  9.90391752e-01  9.89083201e-01
   9.89236664e-01  9.91477679e-01  9.83841602e-01]
 [ 9.94790620e-01  9.93358869e-01  9.93344527e-01  9.91797625e-01
  -2.22044605e-16  9.93286137e-01  9.93027867e-01  9.93193054e-01
   9.93419777e-01  9.92588574e-01  9.80372044e-01]
 [ 9.95309492e-01  9.95020688e-01  9.93556379e-01  9.91428869e-01
   9.93286137e-01  6.66133815e-16  9.94200624e-01  9.92427064e-01
   9.91949221e-01  9.93610189e-01  9.80509837e-01]
 [ 9.94728622e-01  9.93713096e-01  9.94296477e-01  9.90391752e-01
   9.93027867e-01  9.94200624e-01 -2.22044605e-16  9.94236731e-01
   9.92973779e-01  9.93730370e-01  9.79268266e-01]
 [ 9.95331491e-01  9.93257132e-01  9.93718334e-01  9.89083201e-01
   9.93193054e-01  9.92427064e-01  9.94236731e-01 -2.22044605e-16
   9.92942977e-01  9.92028097e-01  9.77638457e-01]
 [ 9.94183376e-01  9.94959933e-01  9.93412667e-01  9.89236664e-01
   9.93419777e-01  9.91949221e-01  9.92973779e-01  9.92942977e-01
   2.22044605e-16  9.91756274e-01  9.77062170e-01]
 [ 9.93688402e-01  9.94872315e-01  9.93551921e-01  9.91477679e-01
   9.92588574e-01  9.93610189e-01  9.93730370e-01  9.92028097e-01
   9.91756274e-01 -3.33066907e-16  9.78295437e-01]
 [ 9.79738368e-01  9.77653986e-01  9.79553447e-01  9.83841602e-01
   9.80372044e-01  9.80509837e-01  9.79268266e-01  9.77638457e-01
   9.77062170e-01  9.78295437e-01  0.00000000e+00]]

Maxcs is 
 [0.99554618 0.99554618 0.99486439 0.99268816 0.99479062 0.99530949
 0.99472862 0.99533149 0.99495993 0.99487232 0.9838416 ]

FG wv is [0.        0.        0.        0.1263983 0.        0.        0.
 0.        0.        0.        1.       ]

FG wv sum weight % is 0.10239984524673088

############################################################################################

############################################################################################

comm_round: 2 | global_acc: 59.131% | global_f1: 0.7431713373536716 | global_precision: 0.5913068021450748 | global bin 0.5913068056106567

Simulate Models Sent to Clients

Total time for client_1 : local training was 10.864742699981434
Total time for client_2 : local training was 10.337722600001143
Total time for client_3 : local training was 10.942040900001302
Total time for client_4 : local training was 10.413874200021382
Total time for client_5 : local training was 10.908034299995052
Total time for client_6 : local training was 10.922436599998036
Total time for client_7 : local training was 10.439374199981103
Total time for client_8 : local training was 10.821790799993323
Total time for client_9 : local training was 10.524494899989804
Total time for client_10 : local training was 10.887407800008077
Total time for client_11 : local training was 7.7367665999918245

Total Client Grads Scaled : 11 unscaled 11

aggregate_gradients Total Client Grads: 11

CS Similarity is
 [[ 2.22044605e-16  9.88793876e-01  9.90067284e-01  9.88226744e-01
   9.87941208e-01  9.91853739e-01  9.90989873e-01  9.89549525e-01
   9.89124378e-01  9.93230616e-01  9.65837792e-01]
 [ 9.88793876e-01 -2.22044605e-16  9.90141254e-01  9.89680635e-01
   9.89311744e-01  9.89087359e-01  9.89863275e-01  9.91315581e-01
   9.91997302e-01  9.93359214e-01  9.55666548e-01]
 [ 9.90067284e-01  9.90141254e-01  2.22044605e-16  9.86807119e-01
   9.87074404e-01  9.87490837e-01  9.90083853e-01  9.89706218e-01
   9.88859493e-01  9.91272435e-01  9.69379043e-01]
 [ 9.88226744e-01  9.89680635e-01  9.86807119e-01  2.22044605e-16
   9.87844610e-01  9.89834987e-01  9.84414073e-01  9.90557046e-01
   9.90639746e-01  9.89808135e-01  9.58735326e-01]
 [ 9.87941208e-01  9.89311744e-01  9.87074404e-01  9.87844610e-01
   2.22044605e-16  9.90458892e-01  9.84133649e-01  9.90980031e-01
   9.88000279e-01  9.90215959e-01  9.65900637e-01]
 [ 9.91853739e-01  9.89087359e-01  9.87490837e-01  9.89834987e-01
   9.90458892e-01  2.22044605e-16  9.86069952e-01  9.91262772e-01
   9.90435156e-01  9.90682501e-01  9.60419276e-01]
 [ 9.90989873e-01  9.89863275e-01  9.90083853e-01  9.84414073e-01
   9.84133649e-01  9.86069952e-01 -1.11022302e-16  9.87687135e-01
   9.87796509e-01  9.91885145e-01  9.64965472e-01]
 [ 9.89549525e-01  9.91315581e-01  9.89706218e-01  9.90557046e-01
   9.90980031e-01  9.91262772e-01  9.87687135e-01  2.22044605e-16
   9.92236366e-01  9.92303384e-01  9.56946388e-01]
 [ 9.89124378e-01  9.91997302e-01  9.88859493e-01  9.90639746e-01
   9.88000279e-01  9.90435156e-01  9.87796509e-01  9.92236366e-01
   6.66133815e-16  9.92281805e-01  9.61526212e-01]
 [ 9.93230616e-01  9.93359214e-01  9.91272435e-01  9.89808135e-01
   9.90215959e-01  9.90682501e-01  9.91885145e-01  9.92303384e-01
   9.92281805e-01  6.66133815e-16  9.63895931e-01]
 [ 9.65837792e-01  9.55666548e-01  9.69379043e-01  9.58735326e-01
   9.65900637e-01  9.60419276e-01  9.64965472e-01  9.56946388e-01
   9.61526212e-01  9.63895931e-01  4.44089210e-16]]

Maxcs is 
 [0.99323062 0.99335921 0.99127243 0.99063975 0.99098003 0.99185374
 0.99188514 0.99230338 0.99228181 0.99335921 0.96937904]

FG wv is [0. 0. 0. 0. 0. 0. 0. 0. 0. 0. 1.]

FG wv sum weight % is 0.09090909090909091

############################################################################################

############################################################################################

comm_round: 3 | global_acc: 59.159% | global_f1: 0.7433031754479333 | global_precision: 0.5914737436476567 | global bin 0.5915890336036682

Simulate Models Sent to Clients

Total time for client_1 : local training was 10.871100699994713
Total time for client_2 : local training was 10.783408600022085
Total time for client_3 : local training was 10.364999600016745
Total time for client_4 : local training was 11.031581799994456
Total time for client_5 : local training was 10.299506099981954
Total time for client_6 : local training was 10.84201849999954
Total time for client_7 : local training was 10.411400100012543
Total time for client_8 : local training was 10.860505499993451
Total time for client_9 : local training was 10.320783999981359
Total time for client_10 : local training was 10.96024819999002
Total time for client_11 : local training was 8.062907499988796

Total Client Grads Scaled : 11 unscaled 11

aggregate_gradients Total Client Grads: 11

CS Similarity is
 [[2.22044605e-16 9.81716478e-01 9.89556480e-01 9.86758337e-01
  9.78850334e-01 9.87121417e-01 9.88350613e-01 9.82823564e-01
  9.87348875e-01 9.86925010e-01 9.61431045e-01]
 [9.81716478e-01 2.22044605e-16 9.80277524e-01 9.77552925e-01
  9.82814904e-01 9.82724276e-01 9.79988281e-01 9.81681272e-01
  9.80174033e-01 9.75460873e-01 9.56633795e-01]
 [9.89556480e-01 9.80277524e-01 6.66133815e-16 9.80878277e-01
  9.80999534e-01 9.87215968e-01 9.84517518e-01 9.78426299e-01
  9.87774249e-01 9.89017100e-01 9.52684349e-01]
 [9.86758337e-01 9.77552925e-01 9.80878277e-01 4.44089210e-16
  9.75178143e-01 9.84390512e-01 9.81823928e-01 9.78046665e-01
  9.81858561e-01 9.85994149e-01 9.60512844e-01]
 [9.78850334e-01 9.82814904e-01 9.80999534e-01 9.75178143e-01
  2.22044605e-16 9.79317033e-01 9.80857672e-01 9.74971417e-01
  9.81333884e-01 9.78210725e-01 9.55969196e-01]
 [9.87121417e-01 9.82724276e-01 9.87215968e-01 9.84390512e-01
  9.79317033e-01 8.88178420e-16 9.81981423e-01 9.76738486e-01
  9.86161902e-01 9.85908140e-01 9.58950850e-01]
 [9.88350613e-01 9.79988281e-01 9.84517518e-01 9.81823928e-01
  9.80857672e-01 9.81981423e-01 2.22044605e-16 9.79221426e-01
  9.86386091e-01 9.85312719e-01 9.48985819e-01]
 [9.82823564e-01 9.81681272e-01 9.78426299e-01 9.78046665e-01
  9.74971417e-01 9.76738486e-01 9.79221426e-01 6.66133815e-16
  9.74481213e-01 9.75096818e-01 9.60126265e-01]
 [9.87348875e-01 9.80174033e-01 9.87774249e-01 9.81858561e-01
  9.81333884e-01 9.86161902e-01 9.86386091e-01 9.74481213e-01
  2.22044605e-16 9.90718198e-01 9.56773842e-01]
 [9.86925010e-01 9.75460873e-01 9.89017100e-01 9.85994149e-01
  9.78210725e-01 9.85908140e-01 9.85312719e-01 9.75096818e-01
  9.90718198e-01 2.22044605e-16 9.50356998e-01]
 [9.61431045e-01 9.56633795e-01 9.52684349e-01 9.60512844e-01
  9.55969196e-01 9.58950850e-01 9.48985819e-01 9.60126265e-01
  9.56773842e-01 9.50356998e-01 6.66133815e-16]]

Maxcs is 
 [0.98955648 0.9828149  0.98955648 0.98675834 0.9828149  0.98721597
 0.98835061 0.98282356 0.9907182  0.9907182  0.96143105]

FG wv is [0. 0. 0. 0. 0. 0. 0. 0. 0. 0. 1.]

FG wv sum weight % is 0.09090909090909091

############################################################################################

############################################################################################

comm_round: 4 | global_acc: 60.457% | global_f1: 0.7493738819320215 | global_precision: 0.5992846924177396 | global bin 0.6045724153518677

Simulate Models Sent to Clients

Total time for client_1 : local training was 10.441398599999957
Total time for client_2 : local training was 11.044571399979759
Total time for client_3 : local training was 10.483744600001955
Total time for client_4 : local training was 10.927531900000758
Total time for client_5 : local training was 10.552073699975153
Total time for client_6 : local training was 10.966181099996902
Total time for client_7 : local training was 10.365014000009978
Total time for client_8 : local training was 10.61390489997575
Total time for client_9 : local training was 10.603454299998702
Total time for client_10 : local training was 10.372552999993786
Total time for client_11 : local training was 8.361754699988523

Total Client Grads Scaled : 11 unscaled 11

aggregate_gradients Total Client Grads: 11

CS Similarity is
 [[ 6.66133815e-16  9.70093778e-01  9.73467670e-01  9.65770171e-01
   9.84121036e-01  9.84933889e-01  9.75967542e-01  9.78295738e-01
   9.74692236e-01  9.67859053e-01  9.69229307e-01]
 [ 9.70093778e-01  2.22044605e-16  9.86553472e-01  9.78579516e-01
   9.78498408e-01  9.72235893e-01  9.86671816e-01  9.85205395e-01
   9.79708443e-01  9.83977968e-01  9.68925926e-01]
 [ 9.73467670e-01  9.86553472e-01 -1.11022302e-16  9.81539453e-01
   9.80666716e-01  9.70923865e-01  9.81738858e-01  9.83109969e-01
   9.73337446e-01  9.86548754e-01  9.68296063e-01]
 [ 9.65770171e-01  9.78579516e-01  9.81539453e-01  0.00000000e+00
   9.74852943e-01  9.67338100e-01  9.79182913e-01  9.78413661e-01
   9.75427857e-01  9.79304310e-01  9.63310682e-01]
 [ 9.84121036e-01  9.78498408e-01  9.80666716e-01  9.74852943e-01
   2.22044605e-16  9.78525762e-01  9.85878558e-01  9.82969339e-01
   9.82089452e-01  9.79843777e-01  9.74008240e-01]
 [ 9.84933889e-01  9.72235893e-01  9.70923865e-01  9.67338100e-01
   9.78525762e-01  2.22044605e-16  9.78120685e-01  9.75684749e-01
   9.77308264e-01  9.74921252e-01  9.74318238e-01]
 [ 9.75967542e-01  9.86671816e-01  9.81738858e-01  9.79182913e-01
   9.85878558e-01  9.78120685e-01  2.22044605e-16  9.85662617e-01
   9.84555435e-01  9.83528132e-01  9.76296334e-01]
 [ 9.78295738e-01  9.85205395e-01  9.83109969e-01  9.78413661e-01
   9.82969339e-01  9.75684749e-01  9.85662617e-01  4.44089210e-16
   9.84199949e-01  9.81087680e-01  9.70808850e-01]
 [ 9.74692236e-01  9.79708443e-01  9.73337446e-01  9.75427857e-01
   9.82089452e-01  9.77308264e-01  9.84555435e-01  9.84199949e-01
  -2.22044605e-16  9.74242691e-01  9.73149587e-01]
 [ 9.67859053e-01  9.83977968e-01  9.86548754e-01  9.79304310e-01
   9.79843777e-01  9.74921252e-01  9.83528132e-01  9.81087680e-01
   9.74242691e-01  0.00000000e+00  9.65755240e-01]
 [ 9.69229307e-01  9.68925926e-01  9.68296063e-01  9.63310682e-01
   9.74008240e-01  9.74318238e-01  9.76296334e-01  9.70808850e-01
   9.73149587e-01  9.65755240e-01  0.00000000e+00]]

Maxcs is 
 [0.98493389 0.98667182 0.98655347 0.98153945 0.98587856 0.98493389
 0.98667182 0.98566262 0.98455543 0.98654875 0.97629633]

FG wv is [0.273078   0.06255985 0.07773038 1.         0.25492355 0.273078
 0.06255985 0.30634805 0.49064678 0.07831108 1.        ]

FG wv sum weight % is 0.35265777755548394

############################################################################################

############################################################################################

comm_round: 5 | global_acc: 60.754% | global_f1: 0.7508287787832632 | global_precision: 0.6010615406684837 | global bin 0.6075359582901001

Simulate Models Sent to Clients

Total time for client_1 : local training was 10.295883600017987
Total time for client_2 : local training was 10.806519100005971
Total time for client_3 : local training was 10.403301899990765
Total time for client_4 : local training was 10.960797699983232
Total time for client_5 : local training was 10.514821099990513
Total time for client_6 : local training was 10.868751100002555
Total time for client_7 : local training was 10.578972199989948
Total time for client_8 : local training was 10.385100600018632
Total time for client_9 : local training was 11.081219099985901
Total time for client_10 : local training was 10.442889800004195
Total time for client_11 : local training was 8.32084699999541

Total Client Grads Scaled : 11 unscaled 11

aggregate_gradients Total Client Grads: 11

CS Similarity is
 [[ 4.44089210e-16  9.84721185e-01  9.85491337e-01  9.85226585e-01
   9.83709279e-01  9.72772750e-01  9.77216196e-01  9.82434544e-01
   9.86761502e-01  9.81608706e-01  9.77362244e-01]
 [ 9.84721185e-01 -1.11022302e-16  9.85252587e-01  9.85407381e-01
   9.81460198e-01  9.64368166e-01  9.81248960e-01  9.84639308e-01
   9.80281802e-01  9.85730891e-01  9.72987593e-01]
 [ 9.85491337e-01  9.85252587e-01  0.00000000e+00  9.84521860e-01
   9.81007526e-01  9.69343750e-01  9.82070656e-01  9.82435594e-01
   9.85677071e-01  9.82314384e-01  9.75000588e-01]
 [ 9.85226585e-01  9.85407381e-01  9.84521860e-01 -1.11022302e-16
   9.76639760e-01  9.73395626e-01  9.78009836e-01  9.80732696e-01
   9.86408985e-01  9.80613356e-01  9.76667846e-01]
 [ 9.83709279e-01  9.81460198e-01  9.81007526e-01  9.76639760e-01
  -1.11022302e-16  9.54974006e-01  9.78994777e-01  9.74897736e-01
   9.82165948e-01  9.81566531e-01  9.76816389e-01]
 [ 9.72772750e-01  9.64368166e-01  9.69343750e-01  9.73395626e-01
   9.54974006e-01  0.00000000e+00  9.47942462e-01  9.60387221e-01
   9.72552791e-01  9.54475379e-01  9.55739351e-01]
 [ 9.77216196e-01  9.81248960e-01  9.82070656e-01  9.78009836e-01
   9.78994777e-01  9.47942462e-01 -1.11022302e-16  9.77063275e-01
   9.75986005e-01  9.81553587e-01  9.78757721e-01]
 [ 9.82434544e-01  9.84639308e-01  9.82435594e-01  9.80732696e-01
   9.74897736e-01  9.60387221e-01  9.77063275e-01  0.00000000e+00
   9.80848074e-01  9.80253943e-01  9.71532466e-01]
 [ 9.86761502e-01  9.80281802e-01  9.85677071e-01  9.86408985e-01
   9.82165948e-01  9.72552791e-01  9.75986005e-01  9.80848074e-01
  -4.44089210e-16  9.79815049e-01  9.75491707e-01]
 [ 9.81608706e-01  9.85730891e-01  9.82314384e-01  9.80613356e-01
   9.81566531e-01  9.54475379e-01  9.81553587e-01  9.80253943e-01
   9.79815049e-01  0.00000000e+00  9.76783498e-01]
 [ 9.77362244e-01  9.72987593e-01  9.75000588e-01  9.76667846e-01
   9.76816389e-01  9.55739351e-01  9.78757721e-01  9.71532466e-01
   9.75491707e-01  9.76783498e-01 -1.11022302e-16]]

Maxcs is 
 [0.9867615  0.98573089 0.98567707 0.98640899 0.98370928 0.97339563
 0.98207066 0.98463931 0.9867615  0.98573089 0.97875772]

FG wv is [0.         0.         0.         0.         0.46049559 1.
 0.65436469 0.16511409 0.         0.         0.99897278]

FG wv sum weight % is 0.298086104383804

############################################################################################

############################################################################################

comm_round: 6 | global_acc: 72.848% | global_f1: 0.8122560499609679 | global_precision: 0.6870254209310003 | global bin 0.7284786701202393

Simulate Models Sent to Clients

Total time for client_1 : local training was 10.520073599996977
Total time for client_2 : local training was 10.919056699989596
Total time for client_3 : local training was 10.416975200001616
Total time for client_4 : local training was 10.757846699998481
Total time for client_5 : local training was 10.329535700002452
Total time for client_6 : local training was 10.899846899992554
Total time for client_7 : local training was 10.905823699984467
Total time for client_8 : local training was 10.515015900018625
Total time for client_9 : local training was 11.167719899996882
Total time for client_10 : local training was 10.470944800006691
Total time for client_11 : local training was 8.297325199993793

Total Client Grads Scaled : 11 unscaled 11

aggregate_gradients Total Client Grads: 11

CS Similarity is
 [[ 2.22044605e-16  9.75205513e-01  9.69148657e-01  9.76954297e-01
   9.83785908e-01  9.84901531e-01  9.80139119e-01  9.81450594e-01
   9.81443571e-01  9.82639028e-01  9.85990276e-01]
 [ 9.75205513e-01  4.44089210e-16  9.77457844e-01  9.79514031e-01
   9.75856530e-01  9.82076781e-01  9.70578750e-01  9.83586946e-01
   9.76782585e-01  9.62881559e-01  9.72377482e-01]
 [ 9.69148657e-01  9.77457844e-01  2.22044605e-16  9.80179336e-01
   9.68690115e-01  9.77188230e-01  9.71042744e-01  9.85372689e-01
   9.81929651e-01  9.68327679e-01  9.74892360e-01]
 [ 9.76954297e-01  9.79514031e-01  9.80179336e-01  0.00000000e+00
   9.81290013e-01  9.81131359e-01  9.77586267e-01  9.84028110e-01
   9.83459523e-01  9.74743042e-01  9.81372024e-01]
 [ 9.83785908e-01  9.75856530e-01  9.68690115e-01  9.81290013e-01
  -3.33066907e-16  9.82723896e-01  9.85595090e-01  9.77827611e-01
   9.85098711e-01  9.85999274e-01  9.83256907e-01]
 [ 9.84901531e-01  9.82076781e-01  9.77188230e-01  9.81131359e-01
   9.82723896e-01  2.22044605e-16  9.81449166e-01  9.85762497e-01
   9.81225287e-01  9.76928362e-01  9.82447180e-01]
 [ 9.80139119e-01  9.70578750e-01  9.71042744e-01  9.77586267e-01
   9.85595090e-01  9.81449166e-01  4.44089210e-16  9.79508598e-01
   9.78713278e-01  9.77076887e-01  9.77605996e-01]
 [ 9.81450594e-01  9.83586946e-01  9.85372689e-01  9.84028110e-01
   9.77827611e-01  9.85762497e-01  9.79508598e-01  6.66133815e-16
   9.82407286e-01  9.72705054e-01  9.78279650e-01]
 [ 9.81443571e-01  9.76782585e-01  9.81929651e-01  9.83459523e-01
   9.85098711e-01  9.81225287e-01  9.78713278e-01  9.82407286e-01
   4.44089210e-16  9.83405461e-01  9.79733313e-01]
 [ 9.82639028e-01  9.62881559e-01  9.68327679e-01  9.74743042e-01
   9.85999274e-01  9.76928362e-01  9.77076887e-01  9.72705054e-01
   9.83405461e-01  2.22044605e-16  9.80289682e-01]
 [ 9.85990276e-01  9.72377482e-01  9.74892360e-01  9.81372024e-01
   9.83256907e-01  9.82447180e-01  9.77605996e-01  9.78279650e-01
   9.79733313e-01  9.80289682e-01  8.88178420e-16]]

Maxcs is 
 [0.98599028 0.98358695 0.98537269 0.98402811 0.98599927 0.9857625
 0.98559509 0.9857625  0.98509871 0.98599927 0.98599028]

FG wv is [1. 1. 1. 1. 1. 1. 1. 1. 1. 1. 1.]

FG wv sum weight % is 1.0

############################################################################################

############################################################################################

comm_round: 7 | global_acc: 94.369% | global_f1: 0.9536100453435646 | global_precision: 0.9297211516662888 | global bin 0.9436917901039124

Simulate Models Sent to Clients

Total time for client_1 : local training was 10.338656099978834
Total time for client_2 : local training was 10.956392499996582
Total time for client_3 : local training was 10.496828100003768
Total time for client_4 : local training was 10.379123899998376
Total time for client_5 : local training was 10.826507799996762
Total time for client_6 : local training was 10.50315549998777
Total time for client_7 : local training was 11.11526680001407
Total time for client_8 : local training was 10.498173900006805
Total time for client_9 : local training was 11.062083900003927
Total time for client_10 : local training was 10.53368649998447
Total time for client_11 : local training was 8.373482299997704

Total Client Grads Scaled : 11 unscaled 11

aggregate_gradients Total Client Grads: 11

CS Similarity is
 [[-1.11022302e-16  9.75916313e-01  9.72789344e-01  9.76645618e-01
   9.71866529e-01  9.77056004e-01  9.80179441e-01  9.78236698e-01
   9.70317134e-01  9.77507853e-01  9.82667830e-01]
 [ 9.75916313e-01  0.00000000e+00  9.81008642e-01  9.73671875e-01
   9.65942155e-01  9.75343727e-01  9.83193206e-01  9.75071410e-01
   9.70881292e-01  9.75087155e-01  9.75468901e-01]
 [ 9.72789344e-01  9.81008642e-01  0.00000000e+00  9.72319542e-01
   9.63177541e-01  9.67388837e-01  9.78580958e-01  9.74718617e-01
   9.65162531e-01  9.69483795e-01  9.72439179e-01]
 [ 9.76645618e-01  9.73671875e-01  9.72319542e-01  8.88178420e-16
   9.78134632e-01  9.79954012e-01  9.84230209e-01  9.73598844e-01
   9.78804081e-01  9.79596307e-01  9.85945169e-01]
 [ 9.71866529e-01  9.65942155e-01  9.63177541e-01  9.78134632e-01
   0.00000000e+00  9.82954259e-01  9.79607278e-01  9.68053739e-01
   9.70954000e-01  9.77500153e-01  9.90737270e-01]
 [ 9.77056004e-01  9.75343727e-01  9.67388837e-01  9.79954012e-01
   9.82954259e-01  6.66133815e-16  9.83288768e-01  9.79316554e-01
   9.78424077e-01  9.77932441e-01  9.90064024e-01]
 [ 9.80179441e-01  9.83193206e-01  9.78580958e-01  9.84230209e-01
   9.79607278e-01  9.83288768e-01  4.44089210e-16  9.74609040e-01
   9.77305231e-01  9.83522618e-01  9.88675815e-01]
 [ 9.78236698e-01  9.75071410e-01  9.74718617e-01  9.73598844e-01
   9.68053739e-01  9.79316554e-01  9.74609040e-01  4.44089210e-16
   9.72804608e-01  9.76596586e-01  9.78644331e-01]
 [ 9.70317134e-01  9.70881292e-01  9.65162531e-01  9.78804081e-01
   9.70954000e-01  9.78424077e-01  9.77305231e-01  9.72804608e-01
  -3.33066907e-16  9.76611280e-01  9.81695933e-01]
 [ 9.77507853e-01  9.75087155e-01  9.69483795e-01  9.79596307e-01
   9.77500153e-01  9.77932441e-01  9.83522618e-01  9.76596586e-01
   9.76611280e-01  4.44089210e-16  9.84892606e-01]
 [ 9.82667830e-01  9.75468901e-01  9.72439179e-01  9.85945169e-01
   9.90737270e-01  9.90064024e-01  9.88675815e-01  9.78644331e-01
   9.81695933e-01  9.84892606e-01  4.44089210e-16]]

Maxcs is 
 [0.98266783 0.98319321 0.98100864 0.98594517 0.99073727 0.99006402
 0.98867582 0.97931655 0.98169593 0.98489261 0.99073727]

FG wv is [1.         1.         1.         1.         0.         0.16667399
 0.60620685 1.         1.         1.         0.        ]

FG wv sum weight % is 0.7066255313779659

############################################################################################

############################################################################################

comm_round: 8 | global_acc: 94.186% | global_f1: 0.952479815455594 | global_precision: 0.9216517857142857 | global bin 0.9418571591377258

Simulate Models Sent to Clients

Total time for client_1 : local training was 10.650428100023419
Total time for client_2 : local training was 11.173239199997624
Total time for client_3 : local training was 10.776735399995232
Total time for client_4 : local training was 10.566165199998068
Total time for client_5 : local training was 11.050066499999957
Total time for client_6 : local training was 10.29265730001498
Total time for client_7 : local training was 10.796821700001601
Total time for client_8 : local training was 10.418738899985328
Total time for client_9 : local training was 10.810959800001001
Total time for client_10 : local training was 10.369693099986762
Total time for client_11 : local training was 8.310781100008171

Total Client Grads Scaled : 11 unscaled 11

aggregate_gradients Total Client Grads: 11

CS Similarity is
 [[ 6.66133815e-16  9.82906248e-01  9.84810210e-01  9.71124838e-01
   9.85045394e-01  9.73097588e-01  9.86115408e-01  9.78978533e-01
   9.78799752e-01  9.84447539e-01  9.84192825e-01]
 [ 9.82906248e-01  2.22044605e-16  9.83553848e-01  9.69039193e-01
   9.83992563e-01  9.75804411e-01  9.87057283e-01  9.79785475e-01
   9.85732688e-01  9.86554335e-01  9.89254550e-01]
