###############################################################################################################################################################                   Begin label_1_sybils_fg Simulation              ###############################################################################################################################################################Starting Machine:
Loading Data...

Data Distributions:
normal (0) abnormal(1)
attack
0     9490
1    14400
dtype: int64
Data Proto Distributions:
normal (0) abnormal(1)
proto
arp            467
icmp            12
igmp             2
ipv6-icmp       88
rarp             1
tcp           8447
udp          14873
dtype: int64

Pre-Processing DataHead of Data Frame
   pkSeqID  flgs  proto  sport  ...  TnPPerProto  TnPPerDport      avgPD  attack
0     4340     1      2    0.0  ...      5525931      1322674  10.933030       0
1    24313     1      2    0.0  ...      4994350      1045163  10.965459       0
2    29744     1      2    0.0  ...      4407386      1131789  11.010636       0
3    65173     1      2    0.0  ...      4472728       972058  11.960652       0
4    93800     1      2    0.0  ...      3608282       845792  12.280588       0

[5 rows x 30 columns]
Check Data is CleanNull ValuespkSeqID        0
flgs           0
proto          0
sport          0
dport          0
pkts           0
bytes          0
state          0
seq            0
dur            0
mean           0
stddev         0
sum            0
min            0
max            0
spkts          0
dpkts          0
sbytes         0
dbytes         0
rate           0
srate          0
drate          0
TnBPsrcIP      0
TnBPDstIP      0
TnPPSrcIP      0
TnPPDstIP      0
TnPPerProto    0
TnPPerDport    0
avgPD          0
attack         0
dtype: int64

Data Features: 29 | LSTM Timesteps: 80
Create Clients: 10

Create Label Flip Sybils: 1

Flipping Labels

Number of total clients and sybils 11

Simulate Models Sent to Clients

Total time for client_1 : local training was 11.74351879999449
Total time for client_2 : local training was 10.666474700003164
Total time for client_3 : local training was 10.693939899996622
Total time for client_4 : local training was 10.579416799999308
Total time for client_5 : local training was 10.541587399988202
Total time for client_6 : local training was 10.43387690000236
Total time for client_7 : local training was 10.770181899992167
Total time for client_8 : local training was 10.708665399986785
Total time for client_9 : local training was 10.484430700002122
Total time for client_10 : local training was 10.490746700001182
Total time for client_11 : local training was 34.64690159999009

Total Client Grads Scaled : 11 unscaled 11

aggregate_gradients Total Client Grads: 11

CS Similarity is
 [[ 2.22044605e-16  9.99885491e-01  9.99916084e-01  9.99729933e-01
   9.99897715e-01  9.99860473e-01  9.99846228e-01  9.99896181e-01
   9.99864240e-01  9.99939315e-01  9.99632614e-01]
 [ 9.99885491e-01  4.44089210e-16  9.99872356e-01  9.99623505e-01
   9.99820266e-01  9.99821861e-01  9.99896556e-01  9.99926458e-01
   9.99887834e-01  9.99847380e-01  9.99681850e-01]
 [ 9.99916084e-01  9.99872356e-01  2.22044605e-16  9.99755002e-01
   9.99811149e-01  9.99839009e-01  9.99784839e-01  9.99902530e-01
   9.99784178e-01  9.99901161e-01  9.99760960e-01]
 [ 9.99729933e-01  9.99623505e-01  9.99755002e-01 -8.88178420e-16
   9.99661178e-01  9.99758347e-01  9.99543595e-01  9.99645275e-01
   9.99576480e-01  9.99674237e-01  9.99499331e-01]
 [ 9.99897715e-01  9.99820266e-01  9.99811149e-01  9.99661178e-01
   2.22044605e-16  9.99895719e-01  9.99858234e-01  9.99879297e-01
   9.99865999e-01  9.99843803e-01  9.99556997e-01]
 [ 9.99860473e-01  9.99821861e-01  9.99839009e-01  9.99758347e-01
   9.99895719e-01 -1.11022302e-16  9.99759046e-01  9.99836953e-01
   9.99812419e-01  9.99809527e-01  9.99629697e-01]
 [ 9.99846228e-01  9.99896556e-01  9.99784839e-01  9.99543595e-01
   9.99858234e-01  9.99759046e-01  8.88178420e-16  9.99881274e-01
   9.99908923e-01  9.99808700e-01  9.99551671e-01]
 [ 9.99896181e-01  9.99926458e-01  9.99902530e-01  9.99645275e-01
   9.99879297e-01  9.99836953e-01  9.99881274e-01  2.22044605e-16
   9.99908450e-01  9.99861595e-01  9.99752209e-01]
 [ 9.99864240e-01  9.99887834e-01  9.99784178e-01  9.99576480e-01
   9.99865999e-01  9.99812419e-01  9.99908923e-01  9.99908450e-01
   2.22044605e-16  9.99828741e-01  9.99605732e-01]
 [ 9.99939315e-01  9.99847380e-01  9.99901161e-01  9.99674237e-01
   9.99843803e-01  9.99809527e-01  9.99808700e-01  9.99861595e-01
   9.99828741e-01 -1.11022302e-16  9.99613189e-01]
 [ 9.99632614e-01  9.99681850e-01  9.99760960e-01  9.99499331e-01
   9.99556997e-01  9.99629697e-01  9.99551671e-01  9.99752209e-01
   9.99605732e-01  9.99613189e-01  2.22044605e-16]]

Maxcs is 
 [0.99993932 0.99992646 0.99991608 0.99975835 0.99989772 0.99989572
 0.99990892 0.99992646 0.99990892 0.99993932 0.99976096]

FG wv is [0. 0. 0. 1. 0. 0. 0. 0. 0. 0. 1.]

FG wv sum weight % is 0.18181818181818182

############################################################################################

############################################################################################

comm_round: 0 | global_acc: 59.131% | global_f1: 0.7431713373536716 | global_precision: 0.5913068021450748 | global bin 0.5913068056106567

Simulate Models Sent to Clients

Total time for client_1 : local training was 10.472019000008004
Total time for client_2 : local training was 10.397983999995631
Total time for client_3 : local training was 10.79991690001043
Total time for client_4 : local training was 10.644779800000833
Total time for client_5 : local training was 10.637726400003885
Total time for client_6 : local training was 10.642571599993971
Total time for client_7 : local training was 10.667797899994184
Total time for client_8 : local training was 10.625190899998415
Total time for client_9 : local training was 10.57887209999899
Total time for client_10 : local training was 10.681098400003975
Total time for client_11 : local training was 34.686477400013246

Total Client Grads Scaled : 11 unscaled 11

aggregate_gradients Total Client Grads: 11

CS Similarity is
 [[4.44089210e-16 9.98616758e-01 9.98605377e-01 9.96378133e-01
  9.98838417e-01 9.96370740e-01 9.99426543e-01 9.99430788e-01
  9.98329686e-01 9.98399242e-01 9.51704132e-01]
 [9.98616758e-01 0.00000000e+00 9.96137849e-01 9.94554315e-01
  9.99321942e-01 9.92587064e-01 9.99041155e-01 9.97309578e-01
  9.99465109e-01 9.99269388e-01 9.44332085e-01]
 [9.98605377e-01 9.96137849e-01 6.66133815e-16 9.94368154e-01
  9.96707955e-01 9.95493193e-01 9.97957552e-01 9.99136572e-01
  9.96361991e-01 9.95517451e-01 9.49268843e-01]
 [9.96378133e-01 9.94554315e-01 9.94368154e-01 6.66133815e-16
  9.94502492e-01 9.98357679e-01 9.96510545e-01 9.96224361e-01
  9.94102235e-01 9.96486331e-01 9.37498127e-01]
 [9.98838417e-01 9.99321942e-01 9.96707955e-01 9.94502492e-01
  2.22044605e-16 9.92736388e-01 9.99286439e-01 9.98088281e-01
  9.99500977e-01 9.98840013e-01 9.47887717e-01]
 [9.96370740e-01 9.92587064e-01 9.95493193e-01 9.98357679e-01
  9.92736388e-01 2.22044605e-16 9.95227007e-01 9.96839563e-01
  9.91711202e-01 9.94448859e-01 9.47400178e-01]
 [9.99426543e-01 9.99041155e-01 9.97957552e-01 9.96510545e-01
  9.99286439e-01 9.95227007e-01 2.22044605e-16 9.98860857e-01
  9.99111161e-01 9.98710635e-01 9.46644405e-01]
 [9.99430788e-01 9.97309578e-01 9.99136572e-01 9.96224361e-01
  9.98088281e-01 9.96839563e-01 9.98860857e-01 6.66133815e-16
  9.97310545e-01 9.97309066e-01 9.52128063e-01]
 [9.98329686e-01 9.99465109e-01 9.96361991e-01 9.94102235e-01
  9.99500977e-01 9.91711202e-01 9.99111161e-01 9.97310545e-01
  6.66133815e-16 9.98925376e-01 9.41579777e-01]
 [9.98399242e-01 9.99269388e-01 9.95517451e-01 9.96486331e-01
  9.98840013e-01 9.94448859e-01 9.98710635e-01 9.97309066e-01
  9.98925376e-01 2.22044605e-16 9.41254182e-01]
 [9.51704132e-01 9.44332085e-01 9.49268843e-01 9.37498127e-01
  9.47887717e-01 9.47400178e-01 9.46644405e-01 9.52128063e-01
  9.41579777e-01 9.41254182e-01 2.22044605e-16]]

Maxcs is 
 [0.99943079 0.99946511 0.99913657 0.99835768 0.99950098 0.99835768
 0.99942654 0.99943079 0.99950098 0.99926939 0.95212806]

FG wv is [0. 0. 0. 0. 0. 0. 0. 0. 0. 0. 1.]

FG wv sum weight % is 0.09090909090909091

############################################################################################

############################################################################################

comm_round: 1 | global_acc: 59.131% | global_f1: 0.7431713373536716 | global_precision: 0.5913068021450748 | global bin 0.5913068056106567

Simulate Models Sent to Clients

Total time for client_1 : local training was 10.449413199996343
Total time for client_2 : local training was 10.47684639999352
Total time for client_3 : local training was 10.545989100006409
Total time for client_4 : local training was 10.561728700005915
Total time for client_5 : local training was 10.778759100008756
Total time for client_6 : local training was 10.637402699998347
Total time for client_7 : local training was 10.633528200007277
Total time for client_8 : local training was 10.731009499999345
Total time for client_9 : local training was 10.548137799996766
Total time for client_10 : local training was 10.505825699990964
Total time for client_11 : local training was 34.653415200009476

Total Client Grads Scaled : 11 unscaled 11

aggregate_gradients Total Client Grads: 11

CS Similarity is
 [[ 0.00000000e+00  9.99047542e-01  9.99321041e-01  9.99284956e-01
   9.99471883e-01  9.99350274e-01  9.99311873e-01  9.99331012e-01
   9.99330386e-01  9.99402257e-01  9.80912553e-01]
 [ 9.99047542e-01 -5.55111512e-16  9.98904413e-01  9.98895321e-01
   9.99146565e-01  9.98791299e-01  9.98888673e-01  9.98977971e-01
   9.98809228e-01  9.98851906e-01  9.80456017e-01]
 [ 9.99321041e-01  9.98904413e-01  2.22044605e-16  9.99176880e-01
   9.99283063e-01  9.99034244e-01  9.99091276e-01  9.99137469e-01
   9.99015583e-01  9.99174987e-01  9.82809224e-01]
 [ 9.99284956e-01  9.98895321e-01  9.99176880e-01 -2.22044605e-16
   9.99483294e-01  9.99459894e-01  9.99292044e-01  9.99255400e-01
   9.99206412e-01  9.99211307e-01  9.79406698e-01]
 [ 9.99471883e-01  9.99146565e-01  9.99283063e-01  9.99483294e-01
   4.44089210e-16  9.99243981e-01  9.99277302e-01  9.99255270e-01
   9.99428296e-01  9.99296876e-01  9.80123530e-01]
 [ 9.99350274e-01  9.98791299e-01  9.99034244e-01  9.99459894e-01
   9.99243981e-01  0.00000000e+00  9.98993507e-01  9.98985171e-01
   9.99069049e-01  9.99171061e-01  9.79889860e-01]
 [ 9.99311873e-01  9.98888673e-01  9.99091276e-01  9.99292044e-01
   9.99277302e-01  9.98993507e-01 -2.22044605e-16  9.99253704e-01
   9.99230889e-01  9.99198176e-01  9.80645324e-01]
 [ 9.99331012e-01  9.98977971e-01  9.99137469e-01  9.99255400e-01
   9.99255270e-01  9.98985171e-01  9.99253704e-01  2.22044605e-16
   9.99424337e-01  9.99252911e-01  9.81010544e-01]
 [ 9.99330386e-01  9.98809228e-01  9.99015583e-01  9.99206412e-01
   9.99428296e-01  9.99069049e-01  9.99230889e-01  9.99424337e-01
   4.44089210e-16  9.99248885e-01  9.80264240e-01]
 [ 9.99402257e-01  9.98851906e-01  9.99174987e-01  9.99211307e-01
   9.99296876e-01  9.99171061e-01  9.99198176e-01  9.99252911e-01
   9.99248885e-01  0.00000000e+00  9.81326292e-01]
 [ 9.80912553e-01  9.80456017e-01  9.82809224e-01  9.79406698e-01
   9.80123530e-01  9.79889860e-01  9.80645324e-01  9.81010544e-01
   9.80264240e-01  9.81326292e-01 -4.44089210e-16]]

Maxcs is 
 [0.99947188 0.99914656 0.99932104 0.99948329 0.99948329 0.99945989
 0.99931187 0.99942434 0.9994283  0.99940226 0.98280922]

FG wv is [0. 0. 0. 0. 0. 0. 0. 0. 0. 0. 1.]

FG wv sum weight % is 0.09090909090909091

############################################################################################

############################################################################################

comm_round: 2 | global_acc: 59.131% | global_f1: 0.7431713373536716 | global_precision: 0.5913068021450748 | global bin 0.5913068056106567

Simulate Models Sent to Clients

Total time for client_1 : local training was 10.722202899996773
Total time for client_2 : local training was 10.672497299994575
Total time for client_3 : local training was 10.529991600007634
Total time for client_4 : local training was 10.606879999992088
Total time for client_5 : local training was 10.50953140000638
Total time for client_6 : local training was 10.677885200013407
Total time for client_7 : local training was 10.37799370000721
Total time for client_8 : local training was 10.40932679999969
Total time for client_9 : local training was 10.70203169999877
Total time for client_10 : local training was 10.532313499992597
Total time for client_11 : local training was 34.63882979999471

Total Client Grads Scaled : 11 unscaled 11

aggregate_gradients Total Client Grads: 11

CS Similarity is
 [[2.22044605e-16 9.99360189e-01 9.99349480e-01 9.99365861e-01
  9.99241395e-01 9.99330450e-01 9.99433836e-01 9.99184860e-01
  9.99338180e-01 9.99384583e-01 9.94968271e-01]
 [9.99360189e-01 2.22044605e-16 9.99223576e-01 9.99403429e-01
  9.99415231e-01 9.99437020e-01 9.99509495e-01 9.99309709e-01
  9.99299759e-01 9.99385193e-01 9.94817073e-01]
 [9.99349480e-01 9.99223576e-01 4.44089210e-16 9.99194507e-01
  9.99024052e-01 9.99203789e-01 9.99199174e-01 9.99299707e-01
  9.99107235e-01 9.99230515e-01 9.94623451e-01]
 [9.99365861e-01 9.99403429e-01 9.99194507e-01 2.22044605e-16
  9.99303323e-01 9.99283635e-01 9.99364025e-01 9.99264479e-01
  9.99085893e-01 9.99330155e-01 9.95170980e-01]
 [9.99241395e-01 9.99415231e-01 9.99024052e-01 9.99303323e-01
  6.66133815e-16 9.99303374e-01 9.99246409e-01 9.99199710e-01
  9.99256457e-01 9.99391007e-01 9.94974380e-01]
 [9.99330450e-01 9.99437020e-01 9.99203789e-01 9.99283635e-01
  9.99303374e-01 4.44089210e-16 9.99456946e-01 9.99171514e-01
  9.99213179e-01 9.99104977e-01 9.94379324e-01]
 [9.99433836e-01 9.99509495e-01 9.99199174e-01 9.99364025e-01
  9.99246409e-01 9.99456946e-01 4.44089210e-16 9.99170374e-01
  9.99295275e-01 9.99333225e-01 9.94301367e-01]
 [9.99184860e-01 9.99309709e-01 9.99299707e-01 9.99264479e-01
  9.99199710e-01 9.99171514e-01 9.99170374e-01 4.44089210e-16
  9.99161052e-01 9.99212319e-01 9.94178078e-01]
 [9.99338180e-01 9.99299759e-01 9.99107235e-01 9.99085893e-01
  9.99256457e-01 9.99213179e-01 9.99295275e-01 9.99161052e-01
  4.44089210e-16 9.99127130e-01 9.94527728e-01]
 [9.99384583e-01 9.99385193e-01 9.99230515e-01 9.99330155e-01
  9.99391007e-01 9.99104977e-01 9.99333225e-01 9.99212319e-01
  9.99127130e-01 4.44089210e-16 9.94387080e-01]
 [9.94968271e-01 9.94817073e-01 9.94623451e-01 9.95170980e-01
  9.94974380e-01 9.94379324e-01 9.94301367e-01 9.94178078e-01
  9.94527728e-01 9.94387080e-01 4.44089210e-16]]

Maxcs is 
 [0.99943384 0.9995095  0.99934948 0.99940343 0.99941523 0.99945695
 0.9995095  0.99930971 0.99933818 0.99939101 0.99517098]

FG wv is [0. 0. 0. 0. 0. 0. 0. 0. 0. 0. 1.]

FG wv sum weight % is 0.09090909090909091

############################################################################################

############################################################################################

comm_round: 3 | global_acc: 59.131% | global_f1: 0.7431713373536716 | global_precision: 0.5913068021450748 | global bin 0.5913068056106567

Simulate Models Sent to Clients

Total time for client_1 : local training was 10.552718199993251
Total time for client_2 : local training was 10.57408530000248
Total time for client_3 : local training was 10.54447639999853
Total time for client_4 : local training was 10.665211700004875
Total time for client_5 : local training was 10.474813400011044
Total time for client_6 : local training was 10.739369799994165
Total time for client_7 : local training was 10.527588000011747
Total time for client_8 : local training was 10.54762730000948
Total time for client_9 : local training was 10.548419800004922
Total time for client_10 : local training was 10.608837699997821
Total time for client_11 : local training was 34.57659510000667

Total Client Grads Scaled : 11 unscaled 11

aggregate_gradients Total Client Grads: 11

CS Similarity is
 [[6.66133815e-16 9.99034954e-01 9.98806250e-01 9.99414579e-01
  9.99212734e-01 9.99218053e-01 9.99187728e-01 9.99184525e-01
  9.99167722e-01 9.99178011e-01 9.97943289e-01]
 [9.99034954e-01 4.44089210e-16 9.98744995e-01 9.98698226e-01
  9.98933799e-01 9.98784714e-01 9.98795374e-01 9.99024916e-01
  9.98862134e-01 9.98894701e-01 9.97659144e-01]
 [9.98806250e-01 9.98744995e-01 8.88178420e-16 9.98985525e-01
  9.99056331e-01 9.98610776e-01 9.98831629e-01 9.98867631e-01
  9.98889155e-01 9.98742034e-01 9.98047093e-01]
 [9.99414579e-01 9.98698226e-01 9.98985525e-01 4.44089210e-16
  9.99168679e-01 9.98999713e-01 9.98962790e-01 9.99047129e-01
  9.99121301e-01 9.99135333e-01 9.98163593e-01]
 [9.99212734e-01 9.98933799e-01 9.99056331e-01 9.99168679e-01
  4.44089210e-16 9.99021462e-01 9.98955991e-01 9.98975187e-01
  9.98890939e-01 9.99252074e-01 9.97874170e-01]
 [9.99218053e-01 9.98784714e-01 9.98610776e-01 9.98999713e-01
  9.99021462e-01 2.22044605e-16 9.98881926e-01 9.98773431e-01
  9.99114355e-01 9.98884194e-01 9.98086243e-01]
 [9.99187728e-01 9.98795374e-01 9.98831629e-01 9.98962790e-01
  9.98955991e-01 9.98881926e-01 0.00000000e+00 9.98788189e-01
  9.98812928e-01 9.98730147e-01 9.98129284e-01]
 [9.99184525e-01 9.99024916e-01 9.98867631e-01 9.99047129e-01
  9.98975187e-01 9.98773431e-01 9.98788189e-01 8.88178420e-16
  9.99025427e-01 9.99110348e-01 9.98126937e-01]
 [9.99167722e-01 9.98862134e-01 9.98889155e-01 9.99121301e-01
  9.98890939e-01 9.99114355e-01 9.98812928e-01 9.99025427e-01
  4.44089210e-16 9.99149086e-01 9.98230318e-01]
 [9.99178011e-01 9.98894701e-01 9.98742034e-01 9.99135333e-01
  9.99252074e-01 9.98884194e-01 9.98730147e-01 9.99110348e-01
  9.99149086e-01 2.22044605e-16 9.97825425e-01]
 [9.97943289e-01 9.97659144e-01 9.98047093e-01 9.98163593e-01
  9.97874170e-01 9.98086243e-01 9.98129284e-01 9.98126937e-01
  9.98230318e-01 9.97825425e-01 0.00000000e+00]]

Maxcs is 
 [0.99941458 0.99903495 0.99905633 0.99941458 0.99925207 0.99921805
 0.99918773 0.99918452 0.99916772 0.99925207 0.99823032]

FG wv is [0.         0.15903276 0.1814217  0.         0.         0.
 0.02721997 0.         0.         0.         1.        ]

FG wv sum weight % is 0.12433403971630096

############################################################################################

############################################################################################

comm_round: 4 | global_acc: 59.131% | global_f1: 0.7431713373536716 | global_precision: 0.5913068021450748 | global bin 0.5913068056106567

Simulate Models Sent to Clients

Total time for client_1 : local training was 10.652184899998247
Total time for client_2 : local training was 10.53088010000647
Total time for client_3 : local training was 10.627527000004193
Total time for client_4 : local training was 10.650375400000485
Total time for client_5 : local training was 10.574014099998749
Total time for client_6 : local training was 10.596517199999653
Total time for client_7 : local training was 10.465992199999164
Total time for client_8 : local training was 10.564188300006208
Total time for client_9 : local training was 10.659348899993347
Total time for client_10 : local training was 10.542551700011245
Total time for client_11 : local training was 34.6681161000015

Total Client Grads Scaled : 11 unscaled 11

aggregate_gradients Total Client Grads: 11

CS Similarity is
 [[2.22044605e-16 9.99383654e-01 9.99229395e-01 9.99183449e-01
  9.98754949e-01 9.98954902e-01 9.98701624e-01 9.98823428e-01
  9.98956617e-01 9.98832446e-01 9.97927914e-01]
 [9.99383654e-01 6.66133815e-16 9.99486694e-01 9.99326544e-01
  9.99225990e-01 9.99462914e-01 9.98953473e-01 9.99101680e-01
  9.99260826e-01 9.98999744e-01 9.98367859e-01]
 [9.99229395e-01 9.99486694e-01 4.44089210e-16 9.99213006e-01
  9.99103558e-01 9.99189364e-01 9.99095948e-01 9.99087808e-01
  9.99121299e-01 9.98989435e-01 9.98269073e-01]
 [9.99183449e-01 9.99326544e-01 9.99213006e-01 6.66133815e-16
  9.99011347e-01 9.99369619e-01 9.99147845e-01 9.99174204e-01
  9.99345400e-01 9.99163275e-01 9.98345289e-01]
 [9.98754949e-01 9.99225990e-01 9.99103558e-01 9.99011347e-01
  6.66133815e-16 9.99064972e-01 9.98870764e-01 9.98912590e-01
  9.98794439e-01 9.98717544e-01 9.98464840e-01]
 [9.98954902e-01 9.99462914e-01 9.99189364e-01 9.99369619e-01
  9.99064972e-01 1.33226763e-15 9.99313111e-01 9.99152836e-01
  9.99113673e-01 9.99074773e-01 9.98416008e-01]
 [9.98701624e-01 9.98953473e-01 9.99095948e-01 9.99147845e-01
  9.98870764e-01 9.99313111e-01 2.22044605e-16 9.98885892e-01
  9.99036304e-01 9.98884645e-01 9.98188253e-01]
 [9.98823428e-01 9.99101680e-01 9.99087808e-01 9.99174204e-01
  9.98912590e-01 9.99152836e-01 9.98885892e-01 4.44089210e-16
  9.99145710e-01 9.98736359e-01 9.98580280e-01]
 [9.98956617e-01 9.99260826e-01 9.99121299e-01 9.99345400e-01
  9.98794439e-01 9.99113673e-01 9.99036304e-01 9.99145710e-01
  2.22044605e-16 9.99215772e-01 9.98248633e-01]
 [9.98832446e-01 9.98999744e-01 9.98989435e-01 9.99163275e-01
  9.98717544e-01 9.99074773e-01 9.98884645e-01 9.98736359e-01
  9.99215772e-01 8.88178420e-16 9.98123419e-01]
 [9.97927914e-01 9.98367859e-01 9.98269073e-01 9.98345289e-01
  9.98464840e-01 9.98416008e-01 9.98188253e-01 9.98580280e-01
  9.98248633e-01 9.98123419e-01 0.00000000e+00]]

Maxcs is 
 [0.99938365 0.99948669 0.99948669 0.99936962 0.99922599 0.99946291
 0.99931311 0.9991742  0.9993454  0.99921577 0.99858028]

FG wv is [0.         0.         0.         0.         0.55564206 0.
 0.15902662 0.52886263 0.         0.31508682 1.        ]

FG wv sum weight % is 0.23260164838048925

############################################################################################

############################################################################################

comm_round: 5 | global_acc: 59.131% | global_f1: 0.7431713373536716 | global_precision: 0.5913068021450748 | global bin 0.5913068056106567

Simulate Models Sent to Clients

Total time for client_1 : local training was 10.715212600000086
Total time for client_2 : local training was 10.519720000011148
Total time for client_3 : local training was 10.560564499988686
Total time for client_4 : local training was 10.557483900003717
Total time for client_5 : local training was 10.546592999991844
Total time for client_6 : local training was 10.660779900004854
Total time for client_7 : local training was 10.543267100001685
Total time for client_8 : local training was 10.614965799992206
Total time for client_9 : local training was 10.553968199994415
Total time for client_10 : local training was 10.591980400000466
Total time for client_11 : local training was 34.97942379998858

Total Client Grads Scaled : 11 unscaled 11

aggregate_gradients Total Client Grads: 11

CS Similarity is
 [[ 4.44089210e-16  9.99464919e-01  9.99117924e-01  9.99340159e-01
   9.99298187e-01  9.99532517e-01  9.99248341e-01  9.99197812e-01
   9.99328196e-01  9.99328596e-01  9.98571953e-01]
 [ 9.99464919e-01 -2.22044605e-16  9.99182507e-01  9.99505467e-01
   9.99294233e-01  9.99402324e-01  9.99416146e-01  9.99230238e-01
   9.99371670e-01  9.99533825e-01  9.98648038e-01]
 [ 9.99117924e-01  9.99182507e-01  4.44089210e-16  9.98922354e-01
   9.98788750e-01  9.98911642e-01  9.99189257e-01  9.98850421e-01
   9.99161727e-01  9.99135993e-01  9.98383493e-01]
 [ 9.99340159e-01  9.99505467e-01  9.98922354e-01  6.66133815e-16
   9.99324262e-01  9.99299306e-01  9.99272234e-01  9.99141774e-01
   9.99278017e-01  9.99289322e-01  9.98676262e-01]
 [ 9.99298187e-01  9.99294233e-01  9.98788750e-01  9.99324262e-01
   6.66133815e-16  9.99275706e-01  9.99194769e-01  9.99175854e-01
   9.99081078e-01  9.99244721e-01  9.98484562e-01]
 [ 9.99532517e-01  9.99402324e-01  9.98911642e-01  9.99299306e-01
   9.99275706e-01  0.00000000e+00  9.99295633e-01  9.99133161e-01
   9.99156041e-01  9.99185882e-01  9.98594262e-01]
 [ 9.99248341e-01  9.99416146e-01  9.99189257e-01  9.99272234e-01
   9.99194769e-01  9.99295633e-01  2.22044605e-16  9.99170026e-01
   9.99396712e-01  9.99333669e-01  9.98727523e-01]
 [ 9.99197812e-01  9.99230238e-01  9.98850421e-01  9.99141774e-01
   9.99175854e-01  9.99133161e-01  9.99170026e-01  0.00000000e+00
   9.99138313e-01  9.99019050e-01  9.98657263e-01]
 [ 9.99328196e-01  9.99371670e-01  9.99161727e-01  9.99278017e-01
   9.99081078e-01  9.99156041e-01  9.99396712e-01  9.99138313e-01
  -4.44089210e-16  9.99171575e-01  9.98754530e-01]
 [ 9.99328596e-01  9.99533825e-01  9.99135993e-01  9.99289322e-01
   9.99244721e-01  9.99185882e-01  9.99333669e-01  9.99019050e-01
   9.99171575e-01 -3.33066907e-16  9.98542192e-01]
 [ 9.98571953e-01  9.98648038e-01  9.98383493e-01  9.98676262e-01
   9.98484562e-01  9.98594262e-01  9.98727523e-01  9.98657263e-01
   9.98754530e-01  9.98542192e-01  2.22044605e-16]]

Maxcs is 
 [0.99953252 0.99953383 0.99918926 0.99950547 0.99932426 0.99953252
 0.99941615 0.99923024 0.99939671 0.99953383 0.99875453]

FG wv is [0.         0.         0.78459369 0.         0.31258401 0.
 0.         0.51995615 0.         0.         1.        ]

FG wv sum weight % is 0.23792125886587775

############################################################################################

############################################################################################

comm_round: 6 | global_acc: 59.131% | global_f1: 0.7431713373536716 | global_precision: 0.5913068021450748 | global bin 0.5913068056106567

Simulate Models Sent to Clients

Total time for client_1 : local training was 10.555878800005303
Total time for client_2 : local training was 10.489960500010056
Total time for client_3 : local training was 10.508727799999178
Total time for client_4 : local training was 10.410497399992892
Total time for client_5 : local training was 10.563869600009639
Total time for client_6 : local training was 10.78800549999869
Total time for client_7 : local training was 10.63687870001013
Total time for client_8 : local training was 10.632158399996115
Total time for client_9 : local training was 10.711697499995353
Total time for client_10 : local training was 10.537187200010521
Total time for client_11 : local training was 35.213804099999834

Total Client Grads Scaled : 11 unscaled 11

aggregate_gradients Total Client Grads: 11

CS Similarity is
 [[-1.11022302e-16  9.99219010e-01  9.99031508e-01  9.99097918e-01
   9.98966525e-01  9.99316112e-01  9.99082933e-01  9.99299731e-01
   9.99115907e-01  9.99229671e-01  9.98213999e-01]
 [ 9.99219010e-01  0.00000000e+00  9.99228263e-01  9.99232850e-01
   9.99285229e-01  9.99177497e-01  9.99130291e-01  9.99271099e-01
   9.99253091e-01  9.99030702e-01  9.98197043e-01]
 [ 9.99031508e-01  9.99228263e-01 -1.11022302e-16  9.99061560e-01
   9.99173722e-01  9.99239142e-01  9.99365869e-01  9.99254423e-01
   9.99229283e-01  9.99401597e-01  9.98409275e-01]
 [ 9.99097918e-01  9.99232850e-01  9.99061560e-01  2.22044605e-16
   9.98985841e-01  9.99180725e-01  9.99125529e-01  9.99223942e-01
   9.99415075e-01  9.99232550e-01  9.97873771e-01]
 [ 9.98966525e-01  9.99285229e-01  9.99173722e-01  9.98985841e-01
  -7.77156117e-16  9.99023448e-01  9.99131382e-01  9.99125523e-01
   9.99045423e-01  9.99073301e-01  9.97548923e-01]
 [ 9.99316112e-01  9.99177497e-01  9.99239142e-01  9.99180725e-01
   9.99023448e-01  0.00000000e+00  9.99014493e-01  9.99293635e-01
   9.99137646e-01  9.99284439e-01  9.98448848e-01]
 [ 9.99082933e-01  9.99130291e-01  9.99365869e-01  9.99125529e-01
   9.99131382e-01  9.99014493e-01 -1.11022302e-16  9.99165635e-01
   9.99329613e-01  9.99179283e-01  9.97736530e-01]
 [ 9.99299731e-01  9.99271099e-01  9.99254423e-01  9.99223942e-01
   9.99125523e-01  9.99293635e-01  9.99165635e-01  6.66133815e-16
   9.99157358e-01  9.99288830e-01  9.97791410e-01]
 [ 9.99115907e-01  9.99253091e-01  9.99229283e-01  9.99415075e-01
   9.99045423e-01  9.99137646e-01  9.99329613e-01  9.99157358e-01
  -4.44089210e-16  9.99352373e-01  9.98133043e-01]
 [ 9.99229671e-01  9.99030702e-01  9.99401597e-01  9.99232550e-01
   9.99073301e-01  9.99284439e-01  9.99179283e-01  9.99288830e-01
   9.99352373e-01  8.88178420e-16  9.98184389e-01]
 [ 9.98213999e-01  9.98197043e-01  9.98409275e-01  9.97873771e-01
   9.97548923e-01  9.98448848e-01  9.97736530e-01  9.97791410e-01
   9.98133043e-01  9.98184389e-01  4.44089210e-16]]

Maxcs is 
 [0.99931611 0.99928523 0.9994016  0.99941508 0.99928523 0.99931611
 0.99936587 0.99929973 0.99941508 0.9994016  0.99844885]

FG wv is [0. 0. 0. 0. 0. 0. 0. 0. 0. 0. 1.]

FG wv sum weight % is 0.09090909090909091

############################################################################################

############################################################################################

comm_round: 7 | global_acc: 59.131% | global_f1: 0.7431713373536716 | global_precision: 0.5913068021450748 | global bin 0.5913068056106567

Simulate Models Sent to Clients

Total time for client_1 : local training was 10.504202299998724
Total time for client_2 : local training was 10.528686500008916
Total time for client_3 : local training was 10.80570810000063
Total time for client_4 : local training was 10.567122399996151
Total time for client_5 : local training was 10.745054700004403
Total time for client_6 : local training was 10.439748600008897
Total time for client_7 : local training was 10.426548899995396
Total time for client_8 : local training was 10.53543490001175
Total time for client_9 : local training was 10.516770300004282
Total time for client_10 : local training was 10.37000560000888
Total time for client_11 : local training was 34.9251465999987

Total Client Grads Scaled : 11 unscaled 11

aggregate_gradients Total Client Grads: 11

CS Similarity is
 [[-1.11022302e-16  9.98770720e-01  9.98918590e-01  9.98839074e-01
   9.98992465e-01  9.98989594e-01  9.99104386e-01  9.99029537e-01
   9.99056608e-01  9.99038849e-01  9.98353763e-01]
 [ 9.98770720e-01  0.00000000e+00  9.98571099e-01  9.98363556e-01
   9.98868067e-01  9.98941700e-01  9.98817587e-01  9.98784130e-01
   9.98809177e-01  9.98972275e-01  9.98156758e-01]
 [ 9.98918590e-01  9.98571099e-01  2.22044605e-16  9.98991411e-01
   9.98936476e-01  9.99005544e-01  9.98660534e-01  9.99212882e-01
   9.98801257e-01  9.98904045e-01  9.98173420e-01]
 [ 9.98839074e-01  9.98363556e-01  9.98991411e-01  0.00000000e+00
   9.98879610e-01  9.98662418e-01  9.98633912e-01  9.99190167e-01
   9.98636967e-01  9.98816579e-01  9.97910659e-01]
 [ 9.98992465e-01  9.98868067e-01  9.98936476e-01  9.98879610e-01
   2.22044605e-16  9.98994390e-01  9.99139283e-01  9.99084714e-01
   9.98968775e-01  9.99248538e-01  9.98639820e-01]
 [ 9.98989594e-01  9.98941700e-01  9.99005544e-01  9.98662418e-01
   9.98994390e-01  0.00000000e+00  9.98855885e-01  9.99119842e-01
   9.99046543e-01  9.98929093e-01  9.97795796e-01]
 [ 9.99104386e-01  9.98817587e-01  9.98660534e-01  9.98633912e-01
   9.99139283e-01  9.98855885e-01  0.00000000e+00  9.98896346e-01
   9.99082476e-01  9.99271563e-01  9.98554370e-01]
 [ 9.99029537e-01  9.98784130e-01  9.99212882e-01  9.99190167e-01
   9.99084714e-01  9.99119842e-01  9.98896346e-01 -3.33066907e-16
   9.99033072e-01  9.99046137e-01  9.98177685e-01]
 [ 9.99056608e-01  9.98809177e-01  9.98801257e-01  9.98636967e-01
   9.98968775e-01  9.99046543e-01  9.99082476e-01  9.99033072e-01
   2.22044605e-16  9.99186962e-01  9.98247093e-01]
 [ 9.99038849e-01  9.98972275e-01  9.98904045e-01  9.98816579e-01
   9.99248538e-01  9.98929093e-01  9.99271563e-01  9.99046137e-01
   9.99186962e-01  0.00000000e+00  9.98387279e-01]
 [ 9.98353763e-01  9.98156758e-01  9.98173420e-01  9.97910659e-01
   9.98639820e-01  9.97795796e-01  9.98554370e-01  9.98177685e-01
   9.98247093e-01  9.98387279e-01  0.00000000e+00]]

Maxcs is 
 [0.99910439 0.99897228 0.99921288 0.99919017 0.99924854 0.99911984
 0.99927156 0.99921288 0.99918696 0.99927156 0.99863982]

FG wv is [0.58457475 0.95808658 0.09391609 0.18924147 0.0671032  0.477497
 0.         0.09391609 0.3235107  0.         1.        ]

FG wv sum weight % is 0.34434962627404486

############################################################################################

############################################################################################

comm_round: 8 | global_acc: 59.131% | global_f1: 0.7431713373536716 | global_precision: 0.5913068021450748 | global bin 0.5913068056106567

Simulate Models Sent to Clients

Total time for client_1 : local training was 10.713611600003787
Total time for client_2 : local training was 10.698688899996341
Total time for client_3 : local training was 10.624139799998375
Total time for client_4 : local training was 10.58807959999831
Total time for client_5 : local training was 10.628172500000801
Total time for client_6 : local training was 10.744307800006936
Total time for client_7 : local training was 10.702372899992042
Total time for client_8 : local training was 10.610551100005978
Total time for client_9 : local training was 10.697288299998036
Total time for client_10 : local training was 10.658177600009367
Total time for client_11 : local training was 34.84176290000323

Total Client Grads Scaled : 11 unscaled 11

aggregate_gradients Total Client Grads: 11

CS Similarity is
 [[ 4.44089210e-16  9.99709905e-01  9.99557429e-01  9.99516401e-01
   9.99407141e-01  9.99508078e-01  9.99518428e-01  9.99599044e-01
   9.99346673e-01  9.99620122e-01  9.98902698e-01]
 [ 9.99709905e-01 -1.11022302e-16  9.99639140e-01  9.99535627e-01
   9.99504833e-01  9.99602355e-01  9.99613088e-01  9.99683752e-01
   9.99545868e-01  9.99642197e-01  9.98834723e-01]
 [ 9.99557429e-01  9.99639140e-01 -3.33066907e-16  9.99466156e-01
   9.99579268e-01  9.99511523e-01  9.99600488e-01  9.99572283e-01
   9.99406812e-01  9.99547112e-01  9.99124040e-01]
 [ 9.99516401e-01  9.99535627e-01  9.99466156e-01 -1.11022302e-16
   9.99401914e-01  9.99478340e-01  9.99502937e-01  9.99508628e-01
   9.99377436e-01  9.99436279e-01  9.98934706e-01]
 [ 9.99407141e-01  9.99504833e-01  9.99579268e-01  9.99401914e-01
   0.00000000e+00  9.99322386e-01  9.99454335e-01  9.99356889e-01
   9.99340567e-01  9.99381398e-01  9.98917252e-01]
 [ 9.99508078e-01  9.99602355e-01  9.99511523e-01  9.99478340e-01
   9.99322386e-01  2.22044605e-16  9.99492307e-01  9.99532035e-01
   9.99495536e-01  9.99456140e-01  9.98872880e-01]
 [ 9.99518428e-01  9.99613088e-01  9.99600488e-01  9.99502937e-01
   9.99454335e-01  9.99492307e-01 -1.11022302e-16  9.99523146e-01
   9.99509749e-01  9.99437522e-01  9.98783769e-01]
 [ 9.99599044e-01  9.99683752e-01  9.99572283e-01  9.99508628e-01
   9.99356889e-01  9.99532035e-01  9.99523146e-01  0.00000000e+00
   9.99369466e-01  9.99540811e-01  9.98946818e-01]
 [ 9.99346673e-01  9.99545868e-01  9.99406812e-01  9.99377436e-01
   9.99340567e-01  9.99495536e-01  9.99509749e-01  9.99369466e-01
  -6.66133815e-16  9.99354780e-01  9.98522706e-01]
 [ 9.99620122e-01  9.99642197e-01  9.99547112e-01  9.99436279e-01
   9.99381398e-01  9.99456140e-01  9.99437522e-01  9.99540811e-01
   9.99354780e-01  2.22044605e-16  9.98875923e-01]
 [ 9.98902698e-01  9.98834723e-01  9.99124040e-01  9.98934706e-01
   9.98917252e-01  9.98872880e-01  9.98783769e-01  9.98946818e-01
   9.98522706e-01  9.98875923e-01  6.66133815e-16]]

Maxcs is 
 [0.99970991 0.99970991 0.99963914 0.99953563 0.99957927 0.99960236
 0.99961309 0.99968375 0.99954587 0.9996422  0.99912404]

FG wv is [0.         0.         0.         0.14876993 0.         0.
 0.         0.         0.09796634 0.         1.        ]

FG wv sum weight % is 0.11333966121655605

############################################################################################

############################################################################################

comm_round: 9 | global_acc: 59.131% | global_f1: 0.7431713373536716 | global_precision: 0.5913068021450748 | global bin 0.5913068056106567

Simulate Models Sent to Clients

Total time for client_1 : local training was 10.53229229999124
Total time for client_2 : local training was 10.62647050000669
Total time for client_3 : local training was 10.661643400002504
Total time for client_4 : local training was 10.636677400005283
Total time for client_5 : local training was 10.869493799997144
Total time for client_6 : local training was 10.601764699997148
Total time for client_7 : local training was 10.606105999991996
Total time for client_8 : local training was 10.592641600000206
Total time for client_9 : local training was 10.568206399999326
Total time for client_10 : local training was 10.587670299995807
Total time for client_11 : local training was 34.807557100008125

Total Client Grads Scaled : 11 unscaled 11

aggregate_gradients Total Client Grads: 11

CS Similarity is
 [[ 4.44089210e-16  9.97478817e-01  9.98338884e-01  9.98523566e-01
   9.98582548e-01  9.98153241e-01  9.98411451e-01  9.98320731e-01
   9.98406163e-01  9.98141292e-01  9.97347511e-01]
 [ 9.97478817e-01  0.00000000e+00  9.97012135e-01  9.97714651e-01
   9.97920621e-01  9.97996603e-01  9.97356196e-01  9.96644429e-01
   9.97610952e-01  9.96831001e-01  9.95562755e-01]
 [ 9.98338884e-01  9.97012135e-01  0.00000000e+00  9.98463151e-01
   9.97938059e-01  9.98303041e-01  9.98014683e-01  9.97475300e-01
   9.98075828e-01  9.98048467e-01  9.97836042e-01]
 [ 9.98523566e-01  9.97714651e-01  9.98463151e-01  0.00000000e+00
   9.98178708e-01  9.98321476e-01  9.98063684e-01  9.98172380e-01
   9.98460379e-01  9.98335164e-01  9.97522569e-01]
 [ 9.98582548e-01  9.97920621e-01  9.97938059e-01  9.98178708e-01
   4.44089210e-16  9.98608625e-01  9.97671013e-01  9.97158001e-01
   9.97770405e-01  9.97994935e-01  9.97112210e-01]
 [ 9.98153241e-01  9.97996603e-01  9.98303041e-01  9.98321476e-01
   9.98608625e-01  4.44089210e-16  9.98035919e-01  9.97773837e-01
   9.98304880e-01  9.98171283e-01  9.97020452e-01]
 [ 9.98411451e-01  9.97356196e-01  9.98014683e-01  9.98063684e-01
   9.97671013e-01  9.98035919e-01  2.22044605e-16  9.98259361e-01
   9.97913189e-01  9.97911363e-01  9.96812560e-01]
 [ 9.98320731e-01  9.96644429e-01  9.97475300e-01  9.98172380e-01
   9.97158001e-01  9.97773837e-01  9.98259361e-01 -3.33066907e-16
   9.97905933e-01  9.97367200e-01  9.96755837e-01]
 [ 9.98406163e-01  9.97610952e-01  9.98075828e-01  9.98460379e-01
   9.97770405e-01  9.98304880e-01  9.97913189e-01  9.97905933e-01
   2.22044605e-16  9.98584575e-01  9.97010940e-01]
 [ 9.98141292e-01  9.96831001e-01  9.98048467e-01  9.98335164e-01
   9.97994935e-01  9.98171283e-01  9.97911363e-01  9.97367200e-01
   9.98584575e-01 -2.22044605e-16  9.96864619e-01]
 [ 9.97347511e-01  9.95562755e-01  9.97836042e-01  9.97522569e-01
   9.97112210e-01  9.97020452e-01  9.96812560e-01  9.96755837e-01
   9.97010940e-01  9.96864619e-01  0.00000000e+00]]

Maxcs is 
 [0.99858255 0.9979966  0.99846315 0.99852357 0.99860862 0.99860862
 0.99841145 0.99832073 0.99858458 0.99858458 0.99783604]

FG wv is [0.56910337 1.         0.79147298 0.70145737 0.49432301 0.49432301
 1.         1.         0.52879609 0.52879609 1.        ]

FG wv sum weight % is 0.737115630060709

############################################################################################

############################################################################################

comm_round: 10 | global_acc: 59.131% | global_f1: 0.7431713373536716 | global_precision: 0.5913068021450748 | global bin 0.5913068056106567

Simulate Models Sent to Clients

Total time for client_1 : local training was 10.730794300005073
Total time for client_2 : local training was 10.560662900010357
Total time for client_3 : local training was 10.737654899989138
Total time for client_4 : local training was 10.583689700011746
Total time for client_5 : local training was 10.550878599999123
Total time for client_6 : local training was 10.563625499999034
Total time for client_7 : local training was 10.60851140000159
