###############################################################################################################################################################                   Begin dba_1_sybils_asf Simulation              ###############################################################################################################################################################Starting Machine:
Loading Data...

Data Distributions:
normal (0) abnormal(1)
attack
0     9490
1    14400
dtype: int64
Data Proto Distributions:
normal (0) abnormal(1)
proto
arp            467
icmp            12
igmp             2
ipv6-icmp       88
rarp             1
tcp           8447
udp          14873
dtype: int64

Pre-Processing DataHead of Data Frame
   pkSeqID  flgs  proto  sport  ...  TnPPerProto  TnPPerDport      avgPD  attack
0     4340     1      2    0.0  ...      5525931      1322674  10.933030       0
1    24313     1      2    0.0  ...      4994350      1045163  10.965459       0
2    29744     1      2    0.0  ...      4407386      1131789  11.010636       0
3    65173     1      2    0.0  ...      4472728       972058  11.960652       0
4    93800     1      2    0.0  ...      3608282       845792  12.280588       0

[5 rows x 30 columns]
Check Data is CleanNull ValuespkSeqID        0
flgs           0
proto          0
sport          0
dport          0
pkts           0
bytes          0
state          0
seq            0
dur            0
mean           0
stddev         0
sum            0
min            0
max            0
spkts          0
dpkts          0
sbytes         0
dbytes         0
rate           0
srate          0
drate          0
TnBPsrcIP      0
TnBPDstIP      0
TnPPSrcIP      0
TnPPDstIP      0
TnPPerProto    0
TnPPerDport    0
avgPD          0
attack         0
dtype: int64

Backdooring DoS / DDoS, proto : TCP, pkts : 1, dport: 80, bytes >= 201 size of df is 12720

DBA DoS / DDoS, proto : TCP, pkts : 1, dport: 80, bytes >= 201 size of proto is 253410 : pkts : 32490 : dport : 462810 : bytes : 716700

Head of Poison Data Frame
       pkSeqID  flgs  proto    sport  ...  TnPPerProto  TnPPerDport  avgPD  attack
9511  11328126     1      2  10080.0  ...        46388        81338    0.0       0
9540  53563130     1      2  10350.0  ...        22949        25569    0.0       0
9555  39790096     1      2  10446.0  ...        11813        37974    0.0       0
9574  46379101     1      2   1057.0  ...        19113        31594    0.0       0
9616   8058153     1      2  10855.0  ...        43629        83238    0.0       0

[5 rows x 30 columns]
Check Poison Data is Clean
Poison Null ValuespkSeqID        0
flgs           0
proto          0
sport          0
dport          0
pkts           0
bytes          0
state          0
seq            0
dur            0
mean           0
stddev         0
sum            0
min            0
max            0
spkts          0
dpkts          0
sbytes         0
dbytes         0
rate           0
srate          0
drate          0
TnBPsrcIP      0
TnBPDstIP      0
TnPPSrcIP      0
TnPPDstIP      0
TnPPerProto    0
TnPPerDport    0
avgPD          0
attack         0
dtype: int64

Head of dbaProto Data Frame
   pkSeqID  flgs  proto  sport  ...  TnPPerProto  TnPPerDport      avgPD  attack
0     4340     1      2    0.0  ...      5525931      1322674  10.933030       0
1    24313     1      2    0.0  ...      4994350      1045163  10.965459       0
2    29744     1      2    0.0  ...      4407386      1131789  11.010636       0
3    65173     1      2    0.0  ...      4472728       972058  11.960652       0
4    93800     1      2    0.0  ...      3608282       845792  12.280588       0

[5 rows x 30 columns]
Check dbaProto Data is CleandbaProto Null ValuespkSeqID        0
flgs           0
proto          0
sport          0
dport          0
pkts           0
bytes          0
state          0
seq            0
dur            0
mean           0
stddev         0
sum            0
min            0
max            0
spkts          0
dpkts          0
sbytes         0
dbytes         0
rate           0
srate          0
drate          0
TnBPsrcIP      0
TnBPDstIP      0
TnPPSrcIP      0
TnPPDstIP      0
TnPPerProto    0
TnPPerDport    0
avgPD          0
attack         0
dtype: int64

Head of dbaDport Data Frame
     pkSeqID  flgs  proto  sport  ...  TnPPerProto  TnPPerDport      avgPD  attack
326     4335     1      1   80.0  ...     11859844      4284267  17.634145       0
327     4336     1      2   80.0  ...      6064055      3985226  17.889824       0
328     4337     1      2   80.0  ...      6425553      4066934   5.963981       0
331    24317     1      2   80.0  ...      5326760      4130150   5.981577       0
332    24334     1      1   80.0  ...     12249365      4486587  17.943359       0

[5 rows x 30 columns]
Check dbaDport Data is Clean

dbaDport Null Values
pkSeqID        0
flgs           0
proto          0
sport          0
dport          0
pkts           0
bytes          0
state          0
seq            0
dur            0
mean           0
stddev         0
sum            0
min            0
max            0
spkts          0
dpkts          0
sbytes         0
dbytes         0
rate           0
srate          0
drate          0
TnBPsrcIP      0
TnBPDstIP      0
TnPPSrcIP      0
TnPPDstIP      0
TnPPerProto    0
TnPPerDport    0
avgPD          0
attack         0
dtype: int64

Head of dbaBytes Data Frame
   pkSeqID  flgs  proto  sport  ...  TnPPerProto  TnPPerDport      avgPD  attack
0     4340     1      2    0.0  ...      5525931      1322674  10.933030       0
1    24313     1      2    0.0  ...      4994350      1045163  10.965459       0
2    29744     1      2    0.0  ...      4407386      1131789  11.010636       0
3    65173     1      2    0.0  ...      4472728       972058  11.960652       0
4    93800     1      2    0.0  ...      3608282       845792  12.280588       0

[5 rows x 30 columns]
Check dbaBytes Data is Clean

dbaBytes Null Values
pkSeqID        0
flgs           0
proto          0
sport          0
dport          0
pkts           0
bytes          0
state          0
seq            0
dur            0
mean           0
stddev         0
sum            0
min            0
max            0
spkts          0
dpkts          0
sbytes         0
dbytes         0
rate           0
srate          0
drate          0
TnBPsrcIP      0
TnBPDstIP      0
TnPPSrcIP      0
TnPPDstIP      0
TnPPerProto    0
TnPPerDport    0
avgPD          0
attack         0
dtype: int64

Head of dbaPkts Data Frame
      pkSeqID  flgs  proto  sport  ...  TnPPerProto  TnPPerDport  avgPD  attack
1374    12070     1      4  133.0  ...       220968       965050    0.0       0
1375    25176     1      4  133.0  ...       142271      1154097    0.0       0
1376    25566     1      4  133.0  ...       178007      1380563    0.0       0
1377    27533     1      4  133.0  ...       167280      1050013    0.0       0
1378    51757     1      4  133.0  ...       168450       941884    0.0       0

[5 rows x 30 columns]
Check dbaPkts Data is Clean

dbaPkts Null Values
pkSeqID        0
flgs           0
proto          0
sport          0
dport          0
pkts           0
bytes          0
state          0
seq            0
dur            0
mean           0
stddev         0
sum            0
min            0
max            0
spkts          0
dpkts          0
sbytes         0
dbytes         0
rate           0
srate          0
drate          0
TnBPsrcIP      0
TnBPDstIP      0
TnPPSrcIP      0
TnPPDstIP      0
TnPPerProto    0
TnPPerDport    0
avgPD          0
attack         0
dtype: int64

Data Features: 29 | LSTM Timesteps: 80
Create Clients: 10

Create DBA Sybils 1

Create Proto DBA Sybils: 1

Create Pkts DBA Sybils: 1

Create Dport DBA Sybils: 1

Create Bytes DBA Sybils: 1

Number of total clients and sybils 14

Simulate Models Sent to Clients

Total time for client_1 : local training was 10.530074100010097
Total time for client_2 : local training was 10.744459999987157
Total time for client_3 : local training was 11.624075900006574
Total time for client_4 : local training was 10.670371400017757
Total time for client_5 : local training was 10.490115599997807
Total time for client_6 : local training was 10.672398900002008
Total time for client_7 : local training was 12.244098900002427
Total time for client_8 : local training was 10.573071599996183
Total time for client_9 : local training was 10.662372799997684
Total time for client_10 : local training was 10.585145699995337
Total time for client_11 : local training was 18.69953539999551
Total time for client_12 : local training was 8.705868199991528
Total time for client_13 : local training was 25.739674100012053
Total time for client_14 : local training was 35.789330400002655

Total Client Grads Scaled : 14 unscaled 14

aggregate_gradients Total Client Grads: 14

ASF Similarity is
 [[-2.         -0.961125   -0.96991335 -0.97681471 -0.97467363 -0.97430181
  -0.97598029 -0.97147721 -0.97031877 -0.9768142  -0.92003055 -0.96928921
  -0.8479056  -0.06353427]
 [-0.961125   -2.         -0.97056563 -0.9706125  -0.96986696 -0.96953877
  -0.96509175 -0.9675854  -0.96774306 -0.96438936 -0.93771748 -0.96558793
  -0.84730623  0.13645136]
 [-0.96991335 -0.97056563 -2.         -0.9693204  -0.96970854 -0.9604858
  -0.97641445 -0.97109994 -0.96808795 -0.979241   -0.93034354 -0.97382903
  -0.83397601  0.06382507]
 [-0.97681471 -0.9706125  -0.9693204  -2.         -0.98321302 -0.96779902
  -0.98026335 -0.97775887 -0.96913469 -0.96831715 -0.94965753 -0.96935855
  -0.87291586  0.13325792]
 [-0.97467363 -0.96986696 -0.96970854 -0.98321302 -2.         -0.9736603
  -0.98270655 -0.98096467 -0.97916449 -0.97269545 -0.95877876 -0.97482832
  -0.87299927  0.19186887]
 [-0.97430181 -0.96953877 -0.9604858  -0.96779902 -0.9736603  -2.
  -0.97736117 -0.97254538 -0.97396053 -0.96574215 -0.91674054 -0.96757761
  -0.85059997  0.11785465]
 [-0.97598029 -0.96509175 -0.97641445 -0.98026335 -0.98270655 -0.97736117
  -2.         -0.98260853 -0.98312834 -0.98213815 -0.94628832 -0.9766756
  -0.88262855  0.15754786]
 [-0.97147721 -0.9675854  -0.97109994 -0.97775887 -0.98096467 -0.97254538
  -0.98260853 -2.         -0.98566921 -0.97289466 -0.95181145 -0.97388173
  -0.88006155  0.17715643]
 [-0.97031877 -0.96774306 -0.96808795 -0.96913469 -0.97916449 -0.97396053
  -0.98312834 -0.98566921 -2.         -0.96696252 -0.93061826 -0.9667896
  -0.87980356  0.19261173]
 [-0.9768142  -0.96438936 -0.979241   -0.96831715 -0.97269545 -0.96574215
  -0.98213815 -0.97289466 -0.96696252 -2.         -0.93200792 -0.98486139
  -0.83790394 -0.01736148]
 [-0.92003055 -0.93771748 -0.93034354 -0.94965753 -0.95877876 -0.91674054
  -0.94628832 -0.95181145 -0.93061826 -0.93200792 -2.         -0.9125857
  -0.89521896  0.31963491]
 [-0.96928921 -0.96558793 -0.97382903 -0.96935855 -0.97482832 -0.96757761
  -0.9766756  -0.97388173 -0.9667896  -0.98486139 -0.9125857  -2.
  -0.82754496  0.07860135]
 [-0.8479056  -0.84730623 -0.83397601 -0.87291586 -0.87299927 -0.85059997
  -0.88262855 -0.88006155 -0.87980356 -0.83790394 -0.89521896 -0.82754496
  -2.          1.        ]
 [-0.06353427  0.13645136  0.06382507  0.13325792  0.19186887  0.11785465
   0.15754786  0.17715643  0.19261173 -0.01736148  0.31963491  0.07860135
   1.         -2.        ]]

Maxsm is
 [-0.06353427  0.13645136  0.06382507  0.13325792  0.19186887  0.11785465
  0.15754786  0.17715643  0.19261173 -0.01736148  0.31963491  0.07860135
  1.          1.        ]

ASF wv is [1. 1. 1. 1. 1. 1. 1. 1. 1. 1. 1. 1. 0. 0.]

############################################################################################

############################################################################################

comm_round: 0 | global_acc: 59.131% | global_f1: 0.7431713373536716 | global_precision: 0.5913068021450748 | global bin 0.5913068056106567

Simulate Models Sent to Clients

Total time for client_1 : local training was 11.907938299991656
Total time for client_2 : local training was 10.673604600015096
Total time for client_3 : local training was 10.68336939997971
Total time for client_4 : local training was 10.745464299980085
Total time for client_5 : local training was 10.586565100005828
Total time for client_6 : local training was 10.537395099992864
Total time for client_7 : local training was 10.755006799998228
Total time for client_8 : local training was 10.65032029998838
Total time for client_9 : local training was 12.070440800016513
Total time for client_10 : local training was 10.536860799998976
Total time for client_11 : local training was 17.559052900003735
Total time for client_12 : local training was 10.05369659999269
Total time for client_13 : local training was 25.665678099991055
Total time for client_14 : local training was 35.99415089999093

Total Client Grads Scaled : 14 unscaled 14

aggregate_gradients Total Client Grads: 14

ASF Similarity is
 [[-2.         -0.94455864 -0.92544358 -0.94786493 -0.96312782 -0.91370261
  -0.95098601 -0.92967318 -0.92309992 -0.95990086 -0.66250308 -0.79126695
  -0.12838602 -0.75382789]
 [-0.94455864 -2.         -0.92390575 -0.9252109  -0.93025105 -0.89796647
  -0.95266548 -0.9465519  -0.89045021 -0.93534787 -0.66006678 -0.80327859
  -0.13923514 -0.74913546]
 [-0.92544358 -0.92390575 -2.         -0.95159004 -0.95048257 -0.93302312
  -0.93679599 -0.90285635 -0.87200232 -0.94685045 -0.77985047 -0.87543656
  -0.3404431  -0.64077086]
 [-0.94786493 -0.9252109  -0.95159004 -2.         -0.95958517 -0.92290969
  -0.95106074 -0.92540443 -0.92400831 -0.94449314 -0.75860218 -0.8764077
  -0.31890397 -0.67811634]
 [-0.96312782 -0.93025105 -0.95048257 -0.95958517 -2.         -0.92290923
  -0.95354435 -0.91945877 -0.91596839 -0.95429735 -0.74618027 -0.85779149
  -0.32545269 -0.69655108]
 [-0.91370261 -0.89796647 -0.93302312 -0.92290969 -0.92290923 -2.
  -0.91208181 -0.8626256  -0.89210641 -0.92438042 -0.85905187 -0.91315533
  -0.54218032 -0.48424964]
 [-0.95098601 -0.95266548 -0.93679599 -0.95106074 -0.95354435 -0.91208181
  -2.         -0.95358592 -0.90632091 -0.96401662 -0.69822556 -0.80975846
  -0.21772635 -0.72247455]
 [-0.92967318 -0.9465519  -0.90285635 -0.92540443 -0.91945877 -0.8626256
  -0.95358592 -2.         -0.88932323 -0.9293876  -0.55476359 -0.73335906
  -0.05224534 -0.78230009]
 [-0.92309992 -0.89045021 -0.87200232 -0.92400831 -0.91596839 -0.89210641
  -0.90632091 -0.88932323 -2.         -0.90893499 -0.65186551 -0.83133892
  -0.10428128 -0.63444964]
 [-0.95990086 -0.93534787 -0.94685045 -0.94449314 -0.95429735 -0.92438042
  -0.96401662 -0.9293876  -0.90893499 -2.         -0.70951438 -0.81514435
  -0.16296767 -0.6658269 ]
 [-0.66250308 -0.66006678 -0.77985047 -0.75860218 -0.74618027 -0.85905187
  -0.69822556 -0.55476359 -0.65186551 -0.70951438 -2.         -0.97686627
  -0.89339666  0.12736331]
 [-0.79126695 -0.80327859 -0.87543656 -0.8764077  -0.85779149 -0.91315533
  -0.80975846 -0.73335906 -0.83133892 -0.81514435 -0.97686627 -2.
  -0.81702442 -0.28182006]
 [-0.12838602 -0.13923514 -0.3404431  -0.31890397 -0.32545269 -0.54218032
  -0.21772635 -0.05224534 -0.10428128 -0.16296767 -0.89339666 -0.81702442
  -2.          1.        ]
 [-0.75382789 -0.74913546 -0.64077086 -0.67811634 -0.69655108 -0.48424964
  -0.72247455 -0.78230009 -0.63444964 -0.6658269   0.12736331 -0.28182006
   1.         -2.        ]]

Maxsm is
 [-0.12838602 -0.13923514 -0.3404431  -0.31890397 -0.32545269 -0.48424964
 -0.21772635 -0.05224534 -0.10428128 -0.16296767  0.12736331 -0.28182006
  1.          1.        ]

ASF wv is [1. 1. 1. 1. 1. 1. 1. 1. 1. 1. 1. 1. 0. 0.]

############################################################################################

############################################################################################

comm_round: 1 | global_acc: 73.158% | global_f1: 0.8141489153801056 | global_precision: 0.6892786234281932 | global bin 0.7315834164619446

Simulate Models Sent to Clients

Total time for client_1 : local training was 10.70517239999026
Total time for client_2 : local training was 11.822980800003279
Total time for client_3 : local training was 10.469058700022288
Total time for client_4 : local training was 10.558932900021318
Total time for client_5 : local training was 10.933340599993244
Total time for client_6 : local training was 11.815153100003954
Total time for client_7 : local training was 10.427976400009356
Total time for client_8 : local training was 10.581404600001406
Total time for client_9 : local training was 10.696969499986153
Total time for client_10 : local training was 11.722541900002398
Total time for client_11 : local training was 17.327261900005396
Total time for client_12 : local training was 8.764905899995938
Total time for client_13 : local training was 25.606614299991634
Total time for client_14 : local training was 36.91600029999972

Total Client Grads Scaled : 14 unscaled 14

aggregate_gradients Total Client Grads: 14

ASF Similarity is
 [[-2.         -0.93573309 -0.9529711  -0.9550724  -0.97433803 -0.95400689
  -0.95591695 -0.95968141 -0.97126538 -0.94441166 -0.61634715 -0.73535117
  -0.47749437 -0.56213715]
 [-0.93573309 -2.         -0.91262086 -0.90704059 -0.93357035 -0.95870529
  -0.93544641 -0.90790437 -0.93692436 -0.94525092 -0.47161068 -0.61609691
  -0.21313481 -0.67694984]
 [-0.9529711  -0.91262086 -2.         -0.95247704 -0.96957297 -0.95271452
  -0.96931847 -0.95661335 -0.96802988 -0.96027175 -0.66379652 -0.83531788
  -0.56100371 -0.4034932 ]
 [-0.9550724  -0.90704059 -0.95247704 -2.         -0.96266828 -0.9316851
  -0.95846333 -0.95619397 -0.95563562 -0.94124045 -0.70657819 -0.83736671
  -0.60782188 -0.44164251]
 [-0.97433803 -0.93357035 -0.96957297 -0.96266828 -2.         -0.95278453
  -0.96915047 -0.95814318 -0.97018005 -0.96555133 -0.66005438 -0.79459211
  -0.50668209 -0.59509039]
 [-0.95400689 -0.95870529 -0.95271452 -0.9316851  -0.95278453 -2.
  -0.96292168 -0.95222257 -0.95316812 -0.95963075 -0.5162192  -0.6770767
  -0.33330363 -0.64594569]
 [-0.95591695 -0.93544641 -0.96931847 -0.95846333 -0.96915047 -0.96292168
  -2.         -0.94880191 -0.96411264 -0.96737527 -0.60992521 -0.7929365
  -0.45567348 -0.52138633]
 [-0.95968141 -0.90790437 -0.95661335 -0.95619397 -0.95814318 -0.95222257
  -0.94880191 -2.         -0.95076367 -0.94682321 -0.63003948 -0.79738913
  -0.51792349 -0.48002152]
 [-0.97126538 -0.93692436 -0.96802988 -0.95563562 -0.97018005 -0.95316812
  -0.96411264 -0.95076367 -2.         -0.94744884 -0.67183981 -0.79046823
  -0.5091343  -0.54275037]
 [-0.94441166 -0.94525092 -0.96027175 -0.94124045 -0.96555133 -0.95963075
  -0.96737527 -0.94682321 -0.94744884 -2.         -0.58564758 -0.78254566
  -0.4040009  -0.48853547]
 [-0.61634715 -0.47161068 -0.66379652 -0.70657819 -0.66005438 -0.5162192
  -0.60992521 -0.63003948 -0.67183981 -0.58564758 -2.         -0.94213648
  -0.89049676  0.69802011]
 [-0.73535117 -0.61609691 -0.83531788 -0.83736671 -0.79459211 -0.6770767
  -0.7929365  -0.79738913 -0.79046823 -0.78254566 -0.94213648 -2.
  -0.88472718  0.5067639 ]
 [-0.47749437 -0.21313481 -0.56100371 -0.60782188 -0.50668209 -0.33330363
  -0.45567348 -0.51792349 -0.5091343  -0.4040009  -0.89049676 -0.88472718
  -2.          1.        ]
 [-0.56213715 -0.67694984 -0.4034932  -0.44164251 -0.59509039 -0.64594569
  -0.52138633 -0.48002152 -0.54275037 -0.48853547  0.69802011  0.5067639
   1.         -2.        ]]

Maxsm is
 [-0.47749437 -0.21313481 -0.4034932  -0.44164251 -0.50668209 -0.33330363
 -0.45567348 -0.48002152 -0.5091343  -0.4040009   0.69802011  0.5067639
  1.          1.        ]

ASF wv is [1. 1. 1. 1. 1. 1. 1. 1. 1. 1. 1. 1. 0. 0.]

############################################################################################

############################################################################################

comm_round: 2 | global_acc: 94.242% | global_f1: 0.9527887063179821 | global_precision: 0.9247529200359389 | global bin 0.9424216747283936

Simulate Models Sent to Clients

Total time for client_1 : local training was 10.450300299999071
Total time for client_2 : local training was 10.725692999985768
Total time for client_3 : local training was 11.922379100025864
Total time for client_4 : local training was 10.595465599995805
Total time for client_5 : local training was 10.55478469998343
Total time for client_6 : local training was 10.73779369998374
Total time for client_7 : local training was 12.100695599976461
Total time for client_8 : local training was 10.649768800009042
Total time for client_9 : local training was 10.467677699984051
Total time for client_10 : local training was 10.757698900008108
Total time for client_11 : local training was 18.783932999998797
Total time for client_12 : local training was 8.790745400008745
Total time for client_13 : local training was 25.521560299996054
Total time for client_14 : local training was 35.720117700024275

Total Client Grads Scaled : 14 unscaled 14

aggregate_gradients Total Client Grads: 14

ASF Similarity is
 [[-2.         -0.95827731 -0.95484121 -0.96597787 -0.96497207 -0.9534618
  -0.96853629 -0.90905997 -0.96679679 -0.95616325 -0.60073181 -0.79354833
  -0.63051881 -0.49099318]
 [-0.95827731 -2.         -0.96556618 -0.98186866 -0.97033499 -0.96148523
  -0.976365   -0.93372961 -0.96022212 -0.9778917  -0.68879624 -0.85985475
  -0.67734797 -0.37584259]
 [-0.95484121 -0.96556618 -2.         -0.95664658 -0.96454622 -0.94440605
  -0.96340289 -0.87738249 -0.95790118 -0.96597982 -0.8272349  -0.9172873
  -0.79455473 -0.31159023]
 [-0.96597787 -0.98186866 -0.95664658 -2.         -0.97043028 -0.97471779
  -0.97436799 -0.93839156 -0.95692841 -0.97750913 -0.66249032 -0.8372337
  -0.70483424 -0.4374659 ]
 [-0.96497207 -0.97033499 -0.96454622 -0.97043028 -2.         -0.96236981
  -0.96884272 -0.91758666 -0.97535865 -0.96137808 -0.68485273 -0.86310821
  -0.70733773 -0.46041467]
 [-0.9534618  -0.96148523 -0.94440605 -0.97471779 -0.96236981 -2.
  -0.96072114 -0.95757929 -0.95186063 -0.96854042 -0.58250024 -0.80229281
  -0.61619673 -0.53925089]
 [-0.96853629 -0.976365   -0.96340289 -0.97436799 -0.96884272 -0.96072114
  -2.         -0.91578999 -0.96260514 -0.95973148 -0.63944165 -0.83695759
  -0.65493799 -0.51209365]
 [-0.90905997 -0.93372961 -0.87738249 -0.93839156 -0.91758666 -0.95757929
  -0.91578999 -2.         -0.9339407  -0.91879195 -0.33100709 -0.62439669
  -0.34576737 -0.63820586]
 [-0.96679679 -0.96022212 -0.95790118 -0.95692841 -0.97535865 -0.95186063
  -0.96260514 -0.9339407  -2.         -0.95357461 -0.64315624 -0.79787988
  -0.6538439  -0.520691  ]
 [-0.95616325 -0.9778917  -0.96597982 -0.97750913 -0.96137808 -0.96854042
  -0.95973148 -0.91879195 -0.95357461 -2.         -0.68268648 -0.85770883
  -0.66104827 -0.35487601]
 [-0.60073181 -0.68879624 -0.8272349  -0.66249032 -0.68485273 -0.58250024
  -0.63944165 -0.33100709 -0.64315624 -0.68268648 -2.         -0.95388601
  -0.96133395  1.        ]
 [-0.79354833 -0.85985475 -0.9172873  -0.8372337  -0.86310821 -0.80229281
  -0.83695759 -0.62439669 -0.79787988 -0.85770883 -0.95388601 -2.
  -0.94553669  0.40325884]
 [-0.63051881 -0.67734797 -0.79455473 -0.70483424 -0.70733773 -0.61619673
  -0.65493799 -0.34576737 -0.6538439  -0.66104827 -0.96133395 -0.94553669
  -2.          0.93662397]
 [-0.49099318 -0.37584259 -0.31159023 -0.4374659  -0.46041467 -0.53925089
  -0.51209365 -0.63820586 -0.520691   -0.35487601  1.          0.40325884
   0.93662397 -2.        ]]

Maxsm is
 [-0.49099318 -0.37584259 -0.31159023 -0.4374659  -0.46041467 -0.53925089
 -0.51209365 -0.33100709 -0.520691   -0.35487601  1.          0.40325884
  0.93662397  1.        ]

ASF wv is [1. 1. 1. 1. 1. 1. 1. 1. 1. 1. 0. 1. 1. 0.]

############################################################################################

############################################################################################

comm_round: 3 | global_acc: 94.327% | global_f1: 0.9536439114391143 | global_precision: 0.9225792057117358 | global bin 0.9432684183120728

Simulate Models Sent to Clients

Total time for client_1 : local training was 12.219952900020871
Total time for client_2 : local training was 10.5368032999977
Total time for client_3 : local training was 10.677192899980582
Total time for client_4 : local training was 10.703495499998098
Total time for client_5 : local training was 11.760522700002184
Total time for client_6 : local training was 10.35455560000264
Total time for client_7 : local training was 10.502184199984185
Total time for client_8 : local training was 10.496543300017947
Total time for client_9 : local training was 11.690600999980234
Total time for client_10 : local training was 10.450970600009896
Total time for client_11 : local training was 17.541350300016347
Total time for client_12 : local training was 8.936258599977009
Total time for client_13 : local training was 27.170862900005886
Total time for client_14 : local training was 36.166235300013795

Total Client Grads Scaled : 14 unscaled 14

aggregate_gradients Total Client Grads: 14

ASF Similarity is
 [[-2.00000000e+00 -9.62972806e-01 -9.54358574e-01 -9.42752585e-01
  -9.63421221e-01 -9.64512199e-01 -9.51963261e-01 -9.52304122e-01
  -9.50655787e-01 -9.11962550e-01 -3.11726326e-01 -6.77420532e-01
  -9.38162512e-02 -6.44159247e-01]
 [-9.62972806e-01 -2.00000000e+00 -9.24587014e-01 -9.43044155e-01
  -9.27695818e-01 -9.51489928e-01 -9.15948450e-01 -9.42013755e-01
  -9.49482842e-01 -9.18152380e-01 -3.42185579e-01 -7.12132294e-01
  -2.05597877e-01 -6.09826819e-01]
 [-9.54358574e-01 -9.24587014e-01 -2.00000000e+00 -9.02091537e-01
  -9.53166712e-01 -9.53709062e-01 -9.57802068e-01 -9.52966963e-01
  -9.70443807e-01 -8.21424839e-01 -8.47618812e-02 -5.38461976e-01
   1.02741238e-01 -6.95023421e-01]
 [-9.42752585e-01 -9.43044155e-01 -9.02091537e-01 -2.00000000e+00
  -9.22858197e-01 -9.36718549e-01 -8.98163387e-01 -9.08941983e-01
  -9.06812948e-01 -9.65413125e-01 -5.72610182e-01 -8.40675731e-01
  -4.38810442e-01 -5.13520890e-01]
 [-9.63421221e-01 -9.27695818e-01 -9.53166712e-01 -9.22858197e-01
  -2.00000000e+00 -9.57902578e-01 -9.48753263e-01 -9.52127788e-01
  -9.50288886e-01 -8.84309295e-01 -1.99434049e-01 -6.23464957e-01
  -1.93564618e-03 -6.40192979e-01]
 [-9.64512199e-01 -9.51489928e-01 -9.53709062e-01 -9.36718549e-01
  -9.57902578e-01 -2.00000000e+00 -9.57510638e-01 -9.49575696e-01
  -9.50375240e-01 -8.98133826e-01 -2.51884540e-01 -6.62768828e-01
  -6.90457214e-02 -7.35360471e-01]
 [-9.51963261e-01 -9.15948450e-01 -9.57802068e-01 -8.98163387e-01
  -9.48753263e-01 -9.57510638e-01 -2.00000000e+00 -9.67473831e-01
  -9.64040724e-01 -8.45395891e-01 -5.70802795e-02 -5.26087847e-01
   1.86932880e-01 -6.90572456e-01]
 [-9.52304122e-01 -9.42013755e-01 -9.52966963e-01 -9.08941983e-01
  -9.52127788e-01 -9.49575696e-01 -9.67473831e-01 -2.00000000e+00
  -9.62787360e-01 -8.74600407e-01 -1.62883052e-01 -5.24331313e-01
   6.97376841e-02 -7.29241485e-01]
 [-9.50655787e-01 -9.49482842e-01 -9.70443807e-01 -9.06812948e-01
  -9.50288886e-01 -9.50375240e-01 -9.64040724e-01 -9.62787360e-01
  -2.00000000e+00 -8.70363443e-01 -1.45510929e-01 -5.66531666e-01
   1.06371045e-01 -7.01222672e-01]
 [-9.11962550e-01 -9.18152380e-01 -8.21424839e-01 -9.65413125e-01
  -8.84309295e-01 -8.98133826e-01 -8.45395891e-01 -8.74600407e-01
  -8.70363443e-01 -2.00000000e+00 -6.49441945e-01 -8.88677709e-01
  -5.53809552e-01 -4.13232019e-01]
 [-3.11726326e-01 -3.42185579e-01 -8.47618812e-02 -5.72610182e-01
  -1.99434049e-01 -2.51884540e-01 -5.70802795e-02 -1.62883052e-01
  -1.45510929e-01 -6.49441945e-01 -2.00000000e+00 -9.03074682e-01
  -7.78577849e-01  6.09028981e-01]
 [-6.77420532e-01 -7.12132294e-01 -5.38461976e-01 -8.40675731e-01
  -6.23464957e-01 -6.62768828e-01 -5.26087847e-01 -5.24331313e-01
  -5.66531666e-01 -8.88677709e-01 -9.03074682e-01 -2.00000000e+00
  -8.66443997e-01  2.51778346e-01]
 [-9.38162512e-02 -2.05597877e-01  1.02741238e-01 -4.38810442e-01
  -1.93564618e-03 -6.90457214e-02  1.86932880e-01  6.97376841e-02
   1.06371045e-01 -5.53809552e-01 -7.78577849e-01 -8.66443997e-01
  -2.00000000e+00  1.00000000e+00]
 [-6.44159247e-01 -6.09826819e-01 -6.95023421e-01 -5.13520890e-01
  -6.40192979e-01 -7.35360471e-01 -6.90572456e-01 -7.29241485e-01
  -7.01222672e-01 -4.13232019e-01  6.09028981e-01  2.51778346e-01
   1.00000000e+00 -2.00000000e+00]]

Maxsm is
 [-0.09381625 -0.20559788  0.10274124 -0.43881044 -0.00193565 -0.06904572
  0.18693288  0.06973768  0.10637104 -0.41323202  0.60902898  0.25177835
  1.          1.        ]

ASF wv is [1. 1. 1. 1. 1. 1. 1. 1. 1. 1. 1. 1. 0. 0.]

############################################################################################

############################################################################################

comm_round: 4 | global_acc: 94.524% | global_f1: 0.9552789303826648 | global_precision: 0.9237628176549264 | global bin 0.9452441334724426

Simulate Models Sent to Clients

Total time for client_1 : local training was 10.706582499988144
Total time for client_2 : local training was 10.71776949998457
Total time for client_3 : local training was 11.99461059999885
Total time for client_4 : local training was 10.704676699999254
Total time for client_5 : local training was 10.860191299987491
Total time for client_6 : local training was 11.974859099980677
Total time for client_7 : local training was 10.42591639998136
Total time for client_8 : local training was 10.570207299984759
Total time for client_9 : local training was 10.566205099981744
Total time for client_10 : local training was 11.987486799975159
Total time for client_11 : local training was 17.484901199990418
Total time for client_12 : local training was 8.720613999990746
Total time for client_13 : local training was 26.02692219999153
Total time for client_14 : local training was 37.398706900014076

Total Client Grads Scaled : 14 unscaled 14

aggregate_gradients Total Client Grads: 14

ASF Similarity is
 [[-2.         -0.94340599 -0.91007921 -0.9071469  -0.93175954 -0.92440312
  -0.92729479 -0.9024093  -0.91593385 -0.91594619  0.32019611 -0.21890176
   0.06404995 -0.51465156]
 [-0.94340599 -2.         -0.91687984 -0.91879824 -0.96020851 -0.91881782
  -0.90806727 -0.93191039 -0.94608881 -0.93837818  0.19992521 -0.23307241
   0.03810614 -0.54488239]
 [-0.91007921 -0.91687984 -2.         -0.95928039 -0.91682032 -0.96274294
  -0.9530104  -0.94885313 -0.9586697  -0.94961976 -0.18926862 -0.54270195
  -0.32938299 -0.48736437]
 [-0.9071469  -0.91879824 -0.95928039 -2.         -0.91336375 -0.96471698
  -0.93877211 -0.9438337  -0.94776787 -0.9381897  -0.38282055 -0.6836918
  -0.48530187 -0.40761728]
 [-0.93175954 -0.96020851 -0.91682032 -0.91336375 -2.         -0.89218773
  -0.89562827 -0.91077141 -0.93684775 -0.92243088  0.17991922 -0.22826877
   0.0440024  -0.49423521]
 [-0.92440312 -0.91881782 -0.96274294 -0.96471698 -0.89218773 -2.
  -0.96066164 -0.94126655 -0.96168818 -0.95908159 -0.23673105 -0.5608127
  -0.30437017 -0.54450792]
 [-0.92729479 -0.90806727 -0.9530104  -0.93877211 -0.89562827 -0.96066164
  -2.         -0.95902737 -0.95925381 -0.9504193  -0.12395428 -0.47062449
  -0.22348359 -0.51978401]
 [-0.9024093  -0.93191039 -0.94885313 -0.9438337  -0.91077141 -0.94126655
  -0.95902737 -2.         -0.97772498 -0.95294828 -0.18164501 -0.4882339
  -0.25202544 -0.55595092]
 [-0.91593385 -0.94608881 -0.9586697  -0.94776787 -0.93684775 -0.96168818
  -0.95925381 -0.97772498 -2.         -0.96972998 -0.10462952 -0.44294108
  -0.10777933 -0.57140573]
 [-0.91594619 -0.93837818 -0.94961976 -0.9381897  -0.92243088 -0.95908159
  -0.9504193  -0.95294828 -0.96972998 -2.         -0.03905322 -0.40267564
  -0.09108282 -0.42081314]
 [ 0.32019611  0.19992521 -0.18926862 -0.38282055  0.17991922 -0.23673105
  -0.12395428 -0.18164501 -0.10462952 -0.03905322 -2.         -0.95990919
  -0.87462923  1.        ]
 [-0.21890176 -0.23307241 -0.54270195 -0.6836918  -0.22826877 -0.5608127
  -0.47062449 -0.4882339  -0.44294108 -0.40267564 -0.95990919 -2.
  -0.92131917  0.48250586]
 [ 0.06404995  0.03810614 -0.32938299 -0.48530187  0.0440024  -0.30437017
  -0.22348359 -0.25202544 -0.10777933 -0.09108282 -0.87462923 -0.92131917
  -2.          0.56421972]
 [-0.51465156 -0.54488239 -0.48736437 -0.40761728 -0.49423521 -0.54450792
  -0.51978401 -0.55595092 -0.57140573 -0.42081314  1.          0.48250586
   0.56421972 -2.        ]]

Maxsm is
 [ 0.32019611  0.19992521 -0.18926862 -0.38282055  0.17991922 -0.23673105
 -0.12395428 -0.18164501 -0.10462952 -0.03905322  1.          0.48250586
  0.56421972  1.        ]

ASF wv is [1. 1. 1. 1. 1. 1. 1. 1. 1. 1. 1. 1. 1. 0.]

############################################################################################

############################################################################################

comm_round: 5 | global_acc: 93.819% | global_f1: 0.950215958172312 | global_precision: 0.9071180555555556 | global bin 0.9381879568099976

Simulate Models Sent to Clients

Total time for client_1 : local training was 10.498633099981816
Total time for client_2 : local training was 10.563318400003482
Total time for client_3 : local training was 10.636682399985148
Total time for client_4 : local training was 12.272386900003767
Total time for client_5 : local training was 10.532244500005618
Total time for client_6 : local training was 10.81017489999067
Total time for client_7 : local training was 10.603818900010083
Total time for client_8 : local training was 11.881997999997111
Total time for client_9 : local training was 10.405623900005594
Total time for client_10 : local training was 10.639422499982174
Total time for client_11 : local training was 17.579525599983754
Total time for client_12 : local training was 10.002965299994685
Total time for client_13 : local training was 25.895693499973277
Total time for client_14 : local training was 36.10785329999635

Total Client Grads Scaled : 14 unscaled 14

aggregate_gradients Total Client Grads: 14

ASF Similarity is
 [[-2.         -0.94387841 -0.95560243 -0.88277245 -0.93756304 -0.92441739
  -0.9349796  -0.95677728 -0.92775829 -0.90247738 -0.4820084  -0.72615188
  -0.55976019 -0.56842252]
 [-0.94387841 -2.         -0.93053359 -0.95239619 -0.95005763 -0.95503734
  -0.97498546 -0.96246392 -0.97799542 -0.97696868 -0.21410052 -0.5103819
  -0.16911582 -0.77611793]
 [-0.95560243 -0.93053359 -2.         -0.85919349 -0.92154944 -0.91960942
  -0.9305285  -0.94828934 -0.92477197 -0.90305067 -0.65477062 -0.82071287
  -0.65043217 -0.54745888]
 [-0.88277245 -0.95239619 -0.85919349 -2.         -0.91366601 -0.9549079
  -0.94914342 -0.93927485 -0.95334959 -0.96860242 -0.0304657  -0.32376327
  -0.00504972 -0.82532855]
 [-0.93756304 -0.95005763 -0.92154944 -0.91366601 -2.         -0.95405047
  -0.95891295 -0.96170947 -0.95225295 -0.94371222 -0.30912592 -0.52232657
  -0.23890785 -0.68368894]
 [-0.92441739 -0.95503734 -0.91960942 -0.9549079  -0.95405047 -2.
  -0.95298038 -0.97844942 -0.96836097 -0.96872098 -0.281903   -0.50057161
  -0.17526839 -0.77639699]
 [-0.9349796  -0.97498546 -0.9305285  -0.94914342 -0.95891295 -0.95298038
  -2.         -0.96501183 -0.96736742 -0.96428542 -0.1945127  -0.51489894
  -0.24006686 -0.77394441]
 [-0.95677728 -0.96246392 -0.94828934 -0.93927485 -0.96170947 -0.97844942
  -0.96501183 -2.         -0.97374278 -0.95970586 -0.34791465 -0.58584138
  -0.3251249  -0.70945987]
 [-0.92775829 -0.97799542 -0.92477197 -0.95334959 -0.95225295 -0.96836097
  -0.96736742 -0.97374278 -2.         -0.97434879 -0.13844222 -0.43094239
  -0.07633104 -0.79812895]
 [-0.90247738 -0.97696868 -0.90305067 -0.96860242 -0.94371222 -0.96872098
  -0.96428542 -0.95970586 -0.97434879 -2.         -0.13401904 -0.39079634
  -0.05165772 -0.78700635]
 [-0.4820084  -0.21410052 -0.65477062 -0.0304657  -0.30912592 -0.281903
  -0.1945127  -0.34791465 -0.13844222 -0.13401904 -2.         -0.95064311
  -0.89395185  0.81826864]
 [-0.72615188 -0.5103819  -0.82071287 -0.32376327 -0.52232657 -0.50057161
  -0.51489894 -0.58584138 -0.43094239 -0.39079634 -0.95064311 -2.
  -0.96549264  0.44663878]
 [-0.55976019 -0.16911582 -0.65043217 -0.00504972 -0.23890785 -0.17526839
  -0.24006686 -0.3251249  -0.07633104 -0.05165772 -0.89395185 -0.96549264
  -2.          1.        ]
 [-0.56842252 -0.77611793 -0.54745888 -0.82532855 -0.68368894 -0.77639699
  -0.77394441 -0.70945987 -0.79812895 -0.78700635  0.81826864  0.44663878
   1.         -2.        ]]

Maxsm is
 [-0.4820084  -0.16911582 -0.54745888 -0.00504972 -0.23890785 -0.17526839
 -0.1945127  -0.3251249  -0.07633104 -0.05165772  0.81826864  0.44663878
  1.          1.        ]

ASF wv is [1. 1. 1. 1. 1. 1. 1. 1. 1. 1. 1. 1. 0. 0.]

############################################################################################

############################################################################################

comm_round: 6 | global_acc: 95.851% | global_f1: 0.9656622284512963 | global_precision: 0.9455626715462031 | global bin 0.9585097432136536

Simulate Models Sent to Clients

Total time for client_1 : local training was 10.693971100001363
Total time for client_2 : local training was 11.876464400003897
Total time for client_3 : local training was 10.553543200017884
Total time for client_4 : local training was 10.659322799998336
Total time for client_5 : local training was 10.744990799983498
Total time for client_6 : local training was 11.944292100000894
Total time for client_7 : local training was 10.600892299989937
Total time for client_8 : local training was 10.769747700018343
Total time for client_9 : local training was 10.890543199988315
Total time for client_10 : local training was 11.944940600020345
Total time for client_11 : local training was 17.533664399990812
Total time for client_12 : local training was 8.893544999998994
Total time for client_13 : local training was 27.09050340001704
Total time for client_14 : local training was 36.068129899998894

Total Client Grads Scaled : 14 unscaled 14

aggregate_gradients Total Client Grads: 14

ASF Similarity is
 [[-2.         -0.93538473 -0.94420162 -0.95263048 -0.94315554 -0.94840891
  -0.89007472 -0.95552752 -0.94532441 -0.9604462  -0.68639958 -0.78967159
  -0.70306142 -0.45244329]
 [-0.93538473 -2.         -0.97836114 -0.97359031 -0.98010602 -0.97532366
  -0.9530632  -0.97579115 -0.9765331  -0.96057833 -0.49352711 -0.66553047
  -0.52458042 -0.6830464 ]
 [-0.94420162 -0.97836114 -2.         -0.98146627 -0.97675509 -0.98042853
  -0.9339485  -0.97385664 -0.98057489 -0.97731676 -0.48817294 -0.63905988
  -0.51236549 -0.66017763]
 [-0.95263048 -0.97359031 -0.98146627 -2.         -0.9712992  -0.97073086
  -0.93935402 -0.97678583 -0.97874872 -0.97377551 -0.54597872 -0.67195539
  -0.54038118 -0.64156001]
 [-0.94315554 -0.98010602 -0.97675509 -0.9712992  -2.         -0.97747947
  -0.94154887 -0.9766118  -0.97221208 -0.96555812 -0.50041026 -0.66462965
  -0.4997818  -0.66409645]
 [-0.94840891 -0.97532366 -0.98042853 -0.97073086 -0.97747947 -2.
  -0.93002697 -0.9783354  -0.96924145 -0.96971785 -0.5201613  -0.68761131
  -0.555502   -0.59548625]
 [-0.89007472 -0.9530632  -0.9339485  -0.93935402 -0.94154887 -0.93002697
  -2.         -0.95034725 -0.94027332 -0.94738192 -0.22216846 -0.47872461
  -0.28206137 -0.74036922]
 [-0.95552752 -0.97579115 -0.97385664 -0.97678583 -0.9766118  -0.9783354
  -0.95034725 -2.         -0.96813968 -0.97059775 -0.52971357 -0.66590092
  -0.50441123 -0.65472713]
 [-0.94532441 -0.9765331  -0.98057489 -0.97874872 -0.97221208 -0.96924145
  -0.94027332 -0.96813968 -2.         -0.966479   -0.54570014 -0.69382333
  -0.58831411 -0.60780925]
 [-0.9604462  -0.96057833 -0.97731676 -0.97377551 -0.96555812 -0.96971785
  -0.94738192 -0.97059775 -0.966479   -2.         -0.486357   -0.64560263
  -0.52016982 -0.6035567 ]
 [-0.68639958 -0.49352711 -0.48817294 -0.54597872 -0.50041026 -0.5201613
  -0.22216846 -0.52971357 -0.54570014 -0.486357   -2.         -0.97739973
  -0.97465341  0.95451905]
 [-0.78967159 -0.66553047 -0.63905988 -0.67195539 -0.66462965 -0.68761131
