Starting Machine:
Loading Data...

Data Distributions:
normal (0) abnormal(1)
attack
0     9490
1    14400
dtype: int64
Data Proto Distributions:
normal (0) abnormal(1)
proto
arp            467
icmp            12
igmp             2
ipv6-icmp       88
rarp             1
tcp           8447
udp          14873
dtype: int64

Pre-Processing DataHead of Data Frame
   pkSeqID  flgs  proto  sport  ...  TnPPerProto  TnPPerDport      avgPD  attack
0     4340     1      2    0.0  ...      5525931      1322674  10.933030       0
1    24313     1      2    0.0  ...      4994350      1045163  10.965459       0
2    29744     1      2    0.0  ...      4407386      1131789  11.010636       0
3    65173     1      2    0.0  ...      4472728       972058  11.960652       0
4    93800     1      2    0.0  ...      3608282       845792  12.280588       0

[5 rows x 30 columns]
Check Data is CleanNull ValuespkSeqID        0
flgs           0
proto          0
sport          0
dport          0
pkts           0
bytes          0
state          0
seq            0
dur            0
mean           0
stddev         0
sum            0
min            0
max            0
spkts          0
dpkts          0
sbytes         0
dbytes         0
rate           0
srate          0
drate          0
TnBPsrcIP      0
TnBPDstIP      0
TnPPSrcIP      0
TnPPDstIP      0
TnPPerProto    0
TnPPerDport    0
avgPD          0
attack         0
dtype: int64

Backdooring DoS / DDoS, proto : TCP, pkts : 1, dport: 80, bytes >= 201 size of df is 12720

DBA DoS / DDoS, proto : TCP, pkts : 1, dport: 80, bytes >= 201 size of proto is 253410 : pkts : 32490 : dport : 462810 : bytes : 716700

Head of Poison Data Frame
       pkSeqID  flgs  proto    sport  ...  TnPPerProto  TnPPerDport  avgPD  attack
9511  11328126     1      2  10080.0  ...        46388        81338    0.0       0
9540  53563130     1      2  10350.0  ...        22949        25569    0.0       0
9555  39790096     1      2  10446.0  ...        11813        37974    0.0       0
9574  46379101     1      2   1057.0  ...        19113        31594    0.0       0
9616   8058153     1      2  10855.0  ...        43629        83238    0.0       0

[5 rows x 30 columns]
Check Poison Data is Clean
Poison Null ValuespkSeqID        0
flgs           0
proto          0
sport          0
dport          0
pkts           0
bytes          0
state          0
seq            0
dur            0
mean           0
stddev         0
sum            0
min            0
max            0
spkts          0
dpkts          0
sbytes         0
dbytes         0
rate           0
srate          0
drate          0
TnBPsrcIP      0
TnBPDstIP      0
TnPPSrcIP      0
TnPPDstIP      0
TnPPerProto    0
TnPPerDport    0
avgPD          0
attack         0
dtype: int64

Head of dbaProto Data Frame
   pkSeqID  flgs  proto  sport  ...  TnPPerProto  TnPPerDport      avgPD  attack
0     4340     1      2    0.0  ...      5525931      1322674  10.933030       0
1    24313     1      2    0.0  ...      4994350      1045163  10.965459       0
2    29744     1      2    0.0  ...      4407386      1131789  11.010636       0
3    65173     1      2    0.0  ...      4472728       972058  11.960652       0
4    93800     1      2    0.0  ...      3608282       845792  12.280588       0

[5 rows x 30 columns]
Check dbaProto Data is CleandbaProto Null ValuespkSeqID        0
flgs           0
proto          0
sport          0
dport          0
pkts           0
bytes          0
state          0
seq            0
dur            0
mean           0
stddev         0
sum            0
min            0
max            0
spkts          0
dpkts          0
sbytes         0
dbytes         0
rate           0
srate          0
drate          0
TnBPsrcIP      0
TnBPDstIP      0
TnPPSrcIP      0
TnPPDstIP      0
TnPPerProto    0
TnPPerDport    0
avgPD          0
attack         0
dtype: int64

Head of dbaDport Data Frame
     pkSeqID  flgs  proto  sport  ...  TnPPerProto  TnPPerDport      avgPD  attack
326     4335     1      1   80.0  ...     11859844      4284267  17.634145       0
327     4336     1      2   80.0  ...      6064055      3985226  17.889824       0
328     4337     1      2   80.0  ...      6425553      4066934   5.963981       0
331    24317     1      2   80.0  ...      5326760      4130150   5.981577       0
332    24334     1      1   80.0  ...     12249365      4486587  17.943359       0

[5 rows x 30 columns]
Check dbaDport Data is Clean

dbaDport Null Values
pkSeqID        0
flgs           0
proto          0
sport          0
dport          0
pkts           0
bytes          0
state          0
seq            0
dur            0
mean           0
stddev         0
sum            0
min            0
max            0
spkts          0
dpkts          0
sbytes         0
dbytes         0
rate           0
srate          0
drate          0
TnBPsrcIP      0
TnBPDstIP      0
TnPPSrcIP      0
TnPPDstIP      0
TnPPerProto    0
TnPPerDport    0
avgPD          0
attack         0
dtype: int64

Head of dbaBytes Data Frame
   pkSeqID  flgs  proto  sport  ...  TnPPerProto  TnPPerDport      avgPD  attack
0     4340     1      2    0.0  ...      5525931      1322674  10.933030       0
1    24313     1      2    0.0  ...      4994350      1045163  10.965459       0
2    29744     1      2    0.0  ...      4407386      1131789  11.010636       0
3    65173     1      2    0.0  ...      4472728       972058  11.960652       0
4    93800     1      2    0.0  ...      3608282       845792  12.280588       0

[5 rows x 30 columns]
Check dbaBytes Data is Clean

dbaBytes Null Values
pkSeqID        0
flgs           0
proto          0
sport          0
dport          0
pkts           0
bytes          0
state          0
seq            0
dur            0
mean           0
stddev         0
sum            0
min            0
max            0
spkts          0
dpkts          0
sbytes         0
dbytes         0
rate           0
srate          0
drate          0
TnBPsrcIP      0
TnBPDstIP      0
TnPPSrcIP      0
TnPPDstIP      0
TnPPerProto    0
TnPPerDport    0
avgPD          0
attack         0
dtype: int64

Head of dbaPkts Data Frame
      pkSeqID  flgs  proto  sport  ...  TnPPerProto  TnPPerDport  avgPD  attack
1374    12070     1      4  133.0  ...       220968       965050    0.0       0
1375    25176     1      4  133.0  ...       142271      1154097    0.0       0
1376    25566     1      4  133.0  ...       178007      1380563    0.0       0
1377    27533     1      4  133.0  ...       167280      1050013    0.0       0
1378    51757     1      4  133.0  ...       168450       941884    0.0       0

[5 rows x 30 columns]
Check dbaPkts Data is Clean

dbaPkts Null Values
pkSeqID        0
flgs           0
proto          0
sport          0
dport          0
pkts           0
bytes          0
state          0
seq            0
dur            0
mean           0
stddev         0
sum            0
min            0
max            0
spkts          0
dpkts          0
sbytes         0
dbytes         0
rate           0
srate          0
drate          0
TnBPsrcIP      0
TnBPDstIP      0
TnPPSrcIP      0
TnPPDstIP      0
TnPPerProto    0
TnPPerDport    0
avgPD          0
attack         0
dtype: int64

Data Features: 29 | LSTM Timesteps: 80
Create Backdoor Sybils: 5
Create Clients: 25

Number of total clients and sybils 30

Simulate Models Sent to Clients


Total Client Grads scaled: 30 unscaled 30

aggregate_gradients Total Client Grads: 30

CS Similarity is
 [[-2.22044605e-16  9.99999926e-01  9.99999971e-01  9.99999947e-01
   9.99999960e-01  9.99938616e-01  9.99948999e-01  9.99917318e-01
   9.99912930e-01  9.99922163e-01  9.99927856e-01  9.99924484e-01
   9.99910175e-01  9.99928226e-01  9.99944198e-01  9.99930153e-01
   9.99900670e-01  9.99931124e-01  9.99918522e-01  9.99913547e-01
   9.99944250e-01  9.99908994e-01  9.99935033e-01  9.99944287e-01
   9.99960913e-01  9.99932997e-01  9.99935644e-01  9.99927564e-01
   9.99922982e-01  9.99926180e-01]
 [ 9.99999926e-01 -1.11022302e-16  9.99999847e-01  9.99999791e-01
   9.99999876e-01  9.99941186e-01  9.99951589e-01  9.99921127e-01
   9.99916813e-01  9.99925075e-01  9.99931620e-01  9.99928493e-01
   9.99913547e-01  9.99931207e-01  9.99947101e-01  9.99933715e-01
   9.99904910e-01  9.99934738e-01  9.99921357e-01  9.99917287e-01
   9.99947439e-01  9.99913250e-01  9.99938238e-01  9.99947210e-01
   9.99963048e-01  9.99935888e-01  9.99938529e-01  9.99930326e-01
   9.99926941e-01  9.99929486e-01]
 [ 9.99999971e-01  9.99999847e-01 -2.22044605e-16  9.99999937e-01
   9.99999937e-01  9.99937133e-01  9.99947667e-01  9.99915339e-01
   9.99911217e-01  9.99920885e-01  9.99925922e-01  9.99922819e-01
   9.99909016e-01  9.99927048e-01  9.99943227e-01  9.99928647e-01
   9.99898847e-01  9.99929170e-01  9.99917094e-01  9.99912016e-01
   9.99942804e-01  9.99907102e-01  9.99933700e-01  9.99942788e-01
   9.99959899e-01  9.99931716e-01  9.99934173e-01  9.99926331e-01
   9.99920867e-01  9.99924488e-01]
 [ 9.99999947e-01  9.99999791e-01  9.99999937e-01  0.00000000e+00
   9.99999937e-01  9.99935620e-01  9.99946547e-01  9.99913813e-01
   9.99909481e-01  9.99918865e-01  9.99924928e-01  9.99921441e-01
   9.99906587e-01  9.99924828e-01  9.99941064e-01  9.99927020e-01
   9.99896649e-01  9.99928105e-01  9.99915101e-01  9.99909813e-01
   9.99941474e-01  9.99905175e-01  9.99931848e-01  9.99941528e-01
   9.99958584e-01  9.99929764e-01  9.99932502e-01  9.99924566e-01
   9.99919705e-01  9.99923140e-01]
 [ 9.99999960e-01  9.99999876e-01  9.99999937e-01  9.99999937e-01
   0.00000000e+00  9.99936773e-01  9.99947524e-01  9.99915719e-01
   9.99910982e-01  9.99920201e-01  9.99926486e-01  9.99923070e-01
   9.99908393e-01  9.99926306e-01  9.99942745e-01  9.99928707e-01
   9.99899113e-01  9.99929456e-01  9.99915967e-01  9.99911971e-01
   9.99942798e-01  9.99907484e-01  9.99933639e-01  9.99942931e-01
   9.99959771e-01  9.99931322e-01  9.99933828e-01  9.99925927e-01
   9.99921747e-01  9.99924706e-01]
 [ 9.99938616e-01  9.99941186e-01  9.99937133e-01  9.99935620e-01
   9.99936773e-01  2.22044605e-16  9.99990072e-01  9.99993102e-01
   9.99990940e-01  9.99995469e-01  9.99989547e-01  9.99984612e-01
   9.99987901e-01  9.99996486e-01  9.99993789e-01  9.99987570e-01
   9.99987913e-01  9.99992566e-01  9.99994387e-01  9.99991906e-01
   9.99993414e-01  9.99988730e-01  9.99994840e-01  9.99995893e-01
   9.99993284e-01  9.99997464e-01  9.99998691e-01  9.99991266e-01
   9.99988958e-01  9.99993726e-01]
 [ 9.99948999e-01  9.99951589e-01  9.99947667e-01  9.99946547e-01
   9.99947524e-01  9.99990072e-01  0.00000000e+00  9.99989891e-01
   9.99990052e-01  9.99987419e-01  9.99990408e-01  9.99988812e-01
   9.99981564e-01  9.99987376e-01  9.99988073e-01  9.99996210e-01
   9.99981856e-01  9.99988590e-01  9.99975242e-01  9.99983113e-01
   9.99996060e-01  9.99981489e-01  9.99989483e-01  9.99996133e-01
   9.99995104e-01  9.99988097e-01  9.99985565e-01  9.99992793e-01
   9.99984101e-01  9.99990868e-01]
 [ 9.99917318e-01  9.99921127e-01  9.99915339e-01  9.99913813e-01
   9.99915719e-01  9.99993102e-01  9.99989891e-01  2.22044605e-16
   9.99996610e-01  9.99990413e-01  9.99996812e-01  9.99993570e-01
   9.99986858e-01  9.99991650e-01  9.99989978e-01  9.99995059e-01
   9.99996861e-01  9.99996789e-01  9.99984266e-01  9.99994933e-01
   9.99995441e-01  9.99997488e-01  9.99994539e-01  9.99995826e-01
   9.99986860e-01  9.99992798e-01  9.99992919e-01  9.99988911e-01
   9.99997488e-01  9.99995604e-01]
 [ 9.99912930e-01  9.99916813e-01  9.99911217e-01  9.99909481e-01
   9.99910982e-01  9.99990940e-01  9.99990052e-01  9.99996610e-01
   0.00000000e+00  9.99994034e-01  9.99996258e-01  9.99996845e-01
   9.99992796e-01  9.99994119e-01  9.99991322e-01  9.99995736e-01
   9.99995772e-01  9.99994096e-01  9.99985308e-01  9.99995590e-01
   9.99996284e-01  9.99995425e-01  9.99995135e-01  9.99994855e-01
   9.99986597e-01  9.99993491e-01  9.99991614e-01  9.99992411e-01
   9.99991974e-01  9.99996231e-01]
 [ 9.99922163e-01  9.99925075e-01  9.99920885e-01  9.99918865e-01
   9.99920201e-01  9.99995469e-01  9.99987419e-01  9.99990413e-01
   9.99994034e-01  0.00000000e+00  9.99988272e-01  9.99987307e-01
   9.99997630e-01  9.99998692e-01  9.99994434e-01  9.99988172e-01
   9.99991089e-01  9.99985915e-01  9.99990064e-01  9.99995781e-01
   9.99991973e-01  9.99988559e-01  9.99996598e-01  9.99994268e-01
   9.99991800e-01  9.99998640e-01  9.99994961e-01  9.99997022e-01
   9.99983351e-01  9.99996011e-01]
 [ 9.99927856e-01  9.99931620e-01  9.99925922e-01  9.99924928e-01
   9.99926486e-01  9.99989547e-01  9.99990408e-01  9.99996812e-01
   9.99996258e-01  9.99988272e-01 -1.11022302e-16  9.99998035e-01
   9.99985818e-01  9.99988417e-01  9.99988847e-01  9.99994588e-01
   9.99992962e-01  9.99996954e-01  9.99978814e-01  9.99992482e-01
   9.99997318e-01  9.99995069e-01  9.99994339e-01  9.99996564e-01
   9.99988481e-01  9.99990587e-01  9.99990429e-01  9.99988309e-01
   9.99997165e-01  9.99996797e-01]
 [ 9.99924484e-01  9.99928493e-01  9.99922819e-01  9.99921441e-01
   9.99923070e-01  9.99984612e-01  9.99988812e-01  9.99993570e-01
   9.99996845e-01  9.99987307e-01  9.99998035e-01  4.44089210e-16
   9.99988023e-01  9.99988163e-01  9.99989859e-01  9.99995544e-01
   9.99992579e-01  9.99993520e-01  9.99975351e-01  9.99992332e-01
   9.99996914e-01  9.99994146e-01  9.99993832e-01  9.99994023e-01
   9.99986467e-01  9.99988858e-01  9.99986802e-01  9.99987767e-01
   9.99993144e-01  9.99994411e-01]
 [ 9.99910175e-01  9.99913547e-01  9.99909016e-01  9.99906587e-01
   9.99908393e-01  9.99987901e-01  9.99981564e-01  9.99986858e-01
   9.99992796e-01  9.99997630e-01  9.99985818e-01  9.99988023e-01
   0.00000000e+00  9.99996174e-01  9.99993095e-01  9.99986729e-01
   9.99992330e-01  9.99979889e-01  9.99981815e-01  9.99996565e-01
   9.99988763e-01  9.99988428e-01  9.99995693e-01  9.99990245e-01
   9.99987324e-01  9.99995815e-01  9.99989123e-01  9.99995419e-01
   9.99979900e-01  9.99994042e-01]
 [ 9.99928226e-01  9.99931207e-01  9.99927048e-01  9.99924828e-01
   9.99926306e-01  9.99996486e-01  9.99987376e-01  9.99991650e-01
   9.99994119e-01  9.99998692e-01  9.99988417e-01  9.99988163e-01
   9.99996174e-01  0.00000000e+00  9.99997721e-01  9.99989378e-01
   9.99992262e-01  9.99988784e-01  9.99993244e-01  9.99996698e-01
   9.99993442e-01  9.99991274e-01  9.99997629e-01  9.99994336e-01
   9.99991941e-01  9.99999290e-01  9.99997212e-01  9.99994048e-01
   9.99985930e-01  9.99994123e-01]
 [ 9.99944198e-01  9.99947101e-01  9.99943227e-01  9.99941064e-01
   9.99942745e-01  9.99993789e-01  9.99988073e-01  9.99989978e-01
   9.99991322e-01  9.99994434e-01  9.99988847e-01  9.99989859e-01
   9.99993095e-01  9.99997721e-01 -2.22044605e-16  9.99990522e-01
   9.99990513e-01  9.99988924e-01  9.99988124e-01  9.99995268e-01
   9.99995037e-01  9.99991111e-01  9.99998169e-01  9.99994734e-01
   9.99994343e-01  9.99997649e-01  9.99995614e-01  9.99991029e-01
   9.99987249e-01  9.99992124e-01]
 [ 9.99930153e-01  9.99933715e-01  9.99928647e-01  9.99927020e-01
   9.99928707e-01  9.99987570e-01  9.99996210e-01  9.99995059e-01
   9.99995736e-01  9.99988172e-01  9.99994588e-01  9.99995544e-01
   9.99986729e-01  9.99989378e-01  9.99990522e-01  0.00000000e+00
   9.99991876e-01  9.99991640e-01  9.99974984e-01  9.99990417e-01
   9.99997402e-01  9.99991266e-01  9.99992863e-01  9.99995738e-01
   9.99990500e-01  9.99989319e-01  9.99985969e-01  9.99991901e-01
   9.99990376e-01  9.99992972e-01]
 [ 9.99900670e-01  9.99904910e-01  9.99898847e-01  9.99896649e-01
   9.99899113e-01  9.99987913e-01  9.99981856e-01  9.99996861e-01
   9.99995772e-01  9.99991089e-01  9.99992962e-01  9.99992579e-01
   9.99992330e-01  9.99992262e-01  9.99990513e-01  9.99991876e-01
   0.00000000e+00  9.99990213e-01  9.99980672e-01  9.99998361e-01
   9.99991165e-01  9.99998674e-01  9.99995126e-01  9.99991501e-01
   9.99982145e-01  9.99992773e-01  9.99989904e-01  9.99988323e-01
   9.99993648e-01  9.99994234e-01]
 [ 9.99931124e-01  9.99934738e-01  9.99929170e-01  9.99928105e-01
   9.99929456e-01  9.99992566e-01  9.99988590e-01  9.99996789e-01
   9.99994096e-01  9.99985915e-01  9.99996954e-01  9.99993520e-01
   9.99979889e-01  9.99988784e-01  9.99988924e-01  9.99991640e-01
   9.99990213e-01  2.22044605e-16  9.99986920e-01  9.99989796e-01
   9.99995977e-01  9.99994578e-01  9.99991819e-01  9.99994347e-01
   9.99985715e-01  9.99989885e-01  9.99993807e-01  9.99982183e-01
   9.99997570e-01  9.99992006e-01]
 [ 9.99918522e-01  9.99921357e-01  9.99917094e-01  9.99915101e-01
   9.99915967e-01  9.99994387e-01  9.99975242e-01  9.99984266e-01
   9.99985308e-01  9.99990064e-01  9.99978814e-01  9.99975351e-01
   9.99981815e-01  9.99993244e-01  9.99988124e-01  9.99974984e-01
   9.99980672e-01  9.99986920e-01  2.22044605e-16  9.99986006e-01
   9.99983597e-01  9.99983177e-01  9.99986598e-01  9.99983868e-01
   9.99979063e-01  9.99991569e-01  9.99996058e-01  9.99978633e-01
   9.99979652e-01  9.99982598e-01]
 [ 9.99913547e-01  9.99917287e-01  9.99912016e-01  9.99909813e-01
   9.99911971e-01  9.99991906e-01  9.99983113e-01  9.99994933e-01
   9.99995590e-01  9.99995781e-01  9.99992482e-01  9.99992332e-01
   9.99996565e-01  9.99996698e-01  9.99995268e-01  9.99990417e-01
   9.99998361e-01  9.99989796e-01  9.99986006e-01 -1.11022302e-16
   9.99992752e-01  9.99997204e-01  9.99998369e-01  9.99993698e-01
   9.99987574e-01  9.99997298e-01  9.99994259e-01  9.99991826e-01
   9.99991777e-01  9.99996183e-01]
 [ 9.99944250e-01  9.99947439e-01  9.99942804e-01  9.99941474e-01
   9.99942798e-01  9.99993414e-01  9.99996060e-01  9.99995441e-01
   9.99996284e-01  9.99991973e-01  9.99997318e-01  9.99996914e-01
   9.99988763e-01  9.99993442e-01  9.99995037e-01  9.99997402e-01
   9.99991165e-01  9.99995977e-01  9.99983597e-01  9.99992752e-01
   0.00000000e+00  9.99992736e-01  9.99996667e-01  9.99998778e-01
   9.99994984e-01  9.99994228e-01  9.99993290e-01  9.99992487e-01
   9.99993477e-01  9.99996007e-01]
 [ 9.99908994e-01  9.99913250e-01  9.99907102e-01  9.99905175e-01
   9.99907484e-01  9.99988730e-01  9.99981489e-01  9.99997488e-01
   9.99995425e-01  9.99988559e-01  9.99995069e-01  9.99994146e-01
   9.99988428e-01  9.99991274e-01  9.99991111e-01  9.99991266e-01
   9.99998674e-01  9.99994578e-01  9.99983177e-01  9.99997204e-01
   9.99992736e-01 -2.22044605e-16  9.99994953e-01  9.99991860e-01
   9.99981899e-01  9.99992050e-01  9.99991972e-01  9.99984113e-01
   9.99997160e-01  9.99993251e-01]
 [ 9.99935033e-01  9.99938238e-01  9.99933700e-01  9.99931848e-01
   9.99933639e-01  9.99994840e-01  9.99989483e-01  9.99994539e-01
   9.99995135e-01  9.99996598e-01  9.99994339e-01  9.99993832e-01
   9.99995693e-01  9.99997629e-01  9.99998169e-01  9.99992863e-01
   9.99995126e-01  9.99991819e-01  9.99986598e-01  9.99998369e-01
   9.99996667e-01  9.99994953e-01 -3.33066907e-16  9.99997581e-01
   9.99994587e-01  9.99998815e-01  9.99996160e-01  9.99994441e-01
   9.99992182e-01  9.99997590e-01]
 [ 9.99944287e-01  9.99947210e-01  9.99942788e-01  9.99941528e-01
   9.99942931e-01  9.99995893e-01  9.99996133e-01  9.99995826e-01
   9.99994855e-01  9.99994268e-01  9.99996564e-01  9.99994023e-01
   9.99990245e-01  9.99994336e-01  9.99994734e-01  9.99995738e-01
   9.99991501e-01  9.99994347e-01  9.99983868e-01  9.99993698e-01
   9.99998778e-01  9.99991860e-01  9.99997581e-01  0.00000000e+00
   9.99997164e-01  9.99996252e-01  9.99994562e-01  9.99995287e-01
   9.99993185e-01  9.99998067e-01]
 [ 9.99960913e-01  9.99963048e-01  9.99959899e-01  9.99958584e-01
   9.99959771e-01  9.99993284e-01  9.99995104e-01  9.99986860e-01
   9.99986597e-01  9.99991800e-01  9.99988481e-01  9.99986467e-01
   9.99987324e-01  9.99991941e-01  9.99994343e-01  9.99990500e-01
   9.99982145e-01  9.99985715e-01  9.99979063e-01  9.99987574e-01
   9.99994984e-01  9.99981899e-01  9.99994587e-01  9.99997164e-01
   2.22044605e-16  9.99994111e-01  9.99990864e-01  9.99994397e-01
   9.99983423e-01  9.99992955e-01]
 [ 9.99932997e-01  9.99935888e-01  9.99931716e-01  9.99929764e-01
   9.99931322e-01  9.99997464e-01  9.99988097e-01  9.99992798e-01
   9.99993491e-01  9.99998640e-01  9.99990587e-01  9.99988858e-01
   9.99995815e-01  9.99999290e-01  9.99997649e-01  9.99989319e-01
   9.99992773e-01  9.99989885e-01  9.99991569e-01  9.99997298e-01
   9.99994228e-01  9.99992050e-01  9.99998815e-01  9.99996252e-01
   9.99994111e-01  0.00000000e+00  9.99997974e-01  9.99994805e-01
   9.99988594e-01  9.99996317e-01]
 [ 9.99935644e-01  9.99938529e-01  9.99934173e-01  9.99932502e-01
   9.99933828e-01  9.99998691e-01  9.99985565e-01  9.99992919e-01
   9.99991614e-01  9.99994961e-01  9.99990429e-01  9.99986802e-01
   9.99989123e-01  9.99997212e-01  9.99995614e-01  9.99985969e-01
   9.99989904e-01  9.99993807e-01  9.99996058e-01  9.99994259e-01
   9.99993290e-01  9.99991972e-01  9.99996160e-01  9.99994562e-01
   9.99990864e-01  9.99997974e-01 -1.11022302e-16  9.99988173e-01
   9.99990961e-01  9.99993300e-01]
 [ 9.99927564e-01  9.99930326e-01  9.99926331e-01  9.99924566e-01
   9.99925927e-01  9.99991266e-01  9.99992793e-01  9.99988911e-01
   9.99992411e-01  9.99997022e-01  9.99988309e-01  9.99987767e-01
   9.99995419e-01  9.99994048e-01  9.99991029e-01  9.99991901e-01
   9.99988323e-01  9.99982183e-01  9.99978633e-01  9.99991826e-01
   9.99992487e-01  9.99984113e-01  9.99994441e-01  9.99995287e-01
   9.99994397e-01  9.99994805e-01  9.99988173e-01  2.22044605e-16
   9.99980570e-01  9.99996066e-01]
 [ 9.99922982e-01  9.99926941e-01  9.99920867e-01  9.99919705e-01
   9.99921747e-01  9.99988958e-01  9.99984101e-01  9.99997488e-01
   9.99991974e-01  9.99983351e-01  9.99997165e-01  9.99993144e-01
   9.99979900e-01  9.99985930e-01  9.99987249e-01  9.99990376e-01
   9.99993648e-01  9.99997570e-01  9.99979652e-01  9.99991777e-01
   9.99993477e-01  9.99997160e-01  9.99992182e-01  9.99993185e-01
   9.99983423e-01  9.99988594e-01  9.99990961e-01  9.99980570e-01
   0.00000000e+00  9.99992531e-01]
 [ 9.99926180e-01  9.99929486e-01  9.99924488e-01  9.99923140e-01
   9.99924706e-01  9.99993726e-01  9.99990868e-01  9.99995604e-01
   9.99996231e-01  9.99996011e-01  9.99996797e-01  9.99994411e-01
   9.99994042e-01  9.99994123e-01  9.99992124e-01  9.99992972e-01
   9.99994234e-01  9.99992006e-01  9.99982598e-01  9.99996183e-01
   9.99996007e-01  9.99993251e-01  9.99997590e-01  9.99998067e-01
   9.99992955e-01  9.99996317e-01  9.99993300e-01  9.99996066e-01
   9.99992531e-01 -3.33066907e-16]]

Simulate Models Sent to Clients
