Starting Machine:
Loading Data...

Data Distributions:
normal (0) abnormal(1)
attack
0     9490
1    14400
dtype: int64
Data Proto Distributions:
normal (0) abnormal(1)
proto
arp            467
icmp            12
igmp             2
ipv6-icmp       88
rarp             1
tcp           8447
udp          14873
dtype: int64

Pre-Processing DataHead of Data Frame
   pkSeqID  flgs  proto  sport  ...  TnPPerProto  TnPPerDport      avgPD  attack
0     4340     1      2    0.0  ...      5525931      1322674  10.933030       0
1    24313     1      2    0.0  ...      4994350      1045163  10.965459       0
2    29744     1      2    0.0  ...      4407386      1131789  11.010636       0
3    65173     1      2    0.0  ...      4472728       972058  11.960652       0
4    93800     1      2    0.0  ...      3608282       845792  12.280588       0

[5 rows x 30 columns]
Check Data is CleanNull ValuespkSeqID        0
flgs           0
proto          0
sport          0
dport          0
pkts           0
bytes          0
state          0
seq            0
dur            0
mean           0
stddev         0
sum            0
min            0
max            0
spkts          0
dpkts          0
sbytes         0
dbytes         0
rate           0
srate          0
drate          0
TnBPsrcIP      0
TnBPDstIP      0
TnPPSrcIP      0
TnPPDstIP      0
TnPPerProto    0
TnPPerDport    0
avgPD          0
attack         0
dtype: int64

Backdooring DoS / DDoS, proto : TCP, pkts : 1, dport: 80, bytes >= 201 size of df is 12720

DBA DoS / DDoS, proto : TCP, pkts : 1, dport: 80, bytes >= 201 size of proto is 253410 : pkts : 32490 : dport : 462810 : bytes : 716700

Head of Poison Data Frame
       pkSeqID  flgs  proto    sport  ...  TnPPerProto  TnPPerDport  avgPD  attack
9511  11328126     1      2  10080.0  ...        46388        81338    0.0       0
9540  53563130     1      2  10350.0  ...        22949        25569    0.0       0
9555  39790096     1      2  10446.0  ...        11813        37974    0.0       0
9574  46379101     1      2   1057.0  ...        19113        31594    0.0       0
9616   8058153     1      2  10855.0  ...        43629        83238    0.0       0

[5 rows x 30 columns]
Check Poison Data is Clean
Poison Null ValuespkSeqID        0
flgs           0
proto          0
sport          0
dport          0
pkts           0
bytes          0
state          0
seq            0
dur            0
mean           0
stddev         0
sum            0
min            0
max            0
spkts          0
dpkts          0
sbytes         0
dbytes         0
rate           0
srate          0
drate          0
TnBPsrcIP      0
TnBPDstIP      0
TnPPSrcIP      0
TnPPDstIP      0
TnPPerProto    0
TnPPerDport    0
avgPD          0
attack         0
dtype: int64

Head of dbaProto Data Frame
   pkSeqID  flgs  proto  sport  ...  TnPPerProto  TnPPerDport      avgPD  attack
0     4340     1      2    0.0  ...      5525931      1322674  10.933030       0
1    24313     1      2    0.0  ...      4994350      1045163  10.965459       0
2    29744     1      2    0.0  ...      4407386      1131789  11.010636       0
3    65173     1      2    0.0  ...      4472728       972058  11.960652       0
4    93800     1      2    0.0  ...      3608282       845792  12.280588       0

[5 rows x 30 columns]
Check dbaProto Data is CleandbaProto Null ValuespkSeqID        0
flgs           0
proto          0
sport          0
dport          0
pkts           0
bytes          0
state          0
seq            0
dur            0
mean           0
stddev         0
sum            0
min            0
max            0
spkts          0
dpkts          0
sbytes         0
dbytes         0
rate           0
srate          0
drate          0
TnBPsrcIP      0
TnBPDstIP      0
TnPPSrcIP      0
TnPPDstIP      0
TnPPerProto    0
TnPPerDport    0
avgPD          0
attack         0
dtype: int64

Head of dbaDport Data Frame
     pkSeqID  flgs  proto  sport  ...  TnPPerProto  TnPPerDport      avgPD  attack
326     4335     1      1   80.0  ...     11859844      4284267  17.634145       0
327     4336     1      2   80.0  ...      6064055      3985226  17.889824       0
328     4337     1      2   80.0  ...      6425553      4066934   5.963981       0
331    24317     1      2   80.0  ...      5326760      4130150   5.981577       0
332    24334     1      1   80.0  ...     12249365      4486587  17.943359       0

[5 rows x 30 columns]
Check dbaDport Data is Clean

dbaDport Null Values
pkSeqID        0
flgs           0
proto          0
sport          0
dport          0
pkts           0
bytes          0
state          0
seq            0
dur            0
mean           0
stddev         0
sum            0
min            0
max            0
spkts          0
dpkts          0
sbytes         0
dbytes         0
rate           0
srate          0
drate          0
TnBPsrcIP      0
TnBPDstIP      0
TnPPSrcIP      0
TnPPDstIP      0
TnPPerProto    0
TnPPerDport    0
avgPD          0
attack         0
dtype: int64

Head of dbaBytes Data Frame
   pkSeqID  flgs  proto  sport  ...  TnPPerProto  TnPPerDport      avgPD  attack
0     4340     1      2    0.0  ...      5525931      1322674  10.933030       0
1    24313     1      2    0.0  ...      4994350      1045163  10.965459       0
2    29744     1      2    0.0  ...      4407386      1131789  11.010636       0
3    65173     1      2    0.0  ...      4472728       972058  11.960652       0
4    93800     1      2    0.0  ...      3608282       845792  12.280588       0

[5 rows x 30 columns]
Check dbaBytes Data is Clean

dbaBytes Null Values
pkSeqID        0
flgs           0
proto          0
sport          0
dport          0
pkts           0
bytes          0
state          0
seq            0
dur            0
mean           0
stddev         0
sum            0
min            0
max            0
spkts          0
dpkts          0
sbytes         0
dbytes         0
rate           0
srate          0
drate          0
TnBPsrcIP      0
TnBPDstIP      0
TnPPSrcIP      0
TnPPDstIP      0
TnPPerProto    0
TnPPerDport    0
avgPD          0
attack         0
dtype: int64

Head of dbaPkts Data Frame
      pkSeqID  flgs  proto  sport  ...  TnPPerProto  TnPPerDport  avgPD  attack
1374    12070     1      4  133.0  ...       220968       965050    0.0       0
1375    25176     1      4  133.0  ...       142271      1154097    0.0       0
1376    25566     1      4  133.0  ...       178007      1380563    0.0       0
1377    27533     1      4  133.0  ...       167280      1050013    0.0       0
1378    51757     1      4  133.0  ...       168450       941884    0.0       0

[5 rows x 30 columns]
Check dbaPkts Data is Clean

dbaPkts Null Values
pkSeqID        0
flgs           0
proto          0
sport          0
dport          0
pkts           0
bytes          0
state          0
seq            0
dur            0
mean           0
stddev         0
sum            0
min            0
max            0
spkts          0
dpkts          0
sbytes         0
dbytes         0
rate           0
srate          0
drate          0
TnBPsrcIP      0
TnBPDstIP      0
TnPPSrcIP      0
TnPPDstIP      0
TnPPerProto    0
TnPPerDport    0
avgPD          0
attack         0
dtype: int64

Data Features: 29 | LSTM Timesteps: 80
Create Backdoor Sybils: 10
Create Clients: 25

Number of total clients and sybils 35

Simulate Models Sent to Clients


Total Client Grads scaled: 35 unscaled 35

aggregate_gradients Total Client Grads: 35

CS Similarity is
 [[0.00000000e+00 9.99999931e-01 9.99999910e-01 ... 9.99962409e-01
  9.99976394e-01 9.99953548e-01]
 [9.99999931e-01 0.00000000e+00 9.99999973e-01 ... 9.99963700e-01
  9.99976945e-01 9.99955934e-01]
 [9.99999910e-01 9.99999973e-01 2.22044605e-16 ... 9.99962693e-01
  9.99976186e-01 9.99955075e-01]
 ...
 [9.99962409e-01 9.99963700e-01 9.99962693e-01 ... 0.00000000e+00
  9.99994274e-01 9.99988953e-01]
 [9.99976394e-01 9.99976945e-01 9.99976186e-01 ... 9.99994274e-01
  0.00000000e+00 9.99973683e-01]
 [9.99953548e-01 9.99955934e-01 9.99955075e-01 ... 9.99988953e-01
  9.99973683e-01 0.00000000e+00]]

Simulate Models Sent to Clients


Total Client Grads scaled: 35 unscaled 35

aggregate_gradients Total Client Grads: 35

CS Similarity is
 [[-1.11022302e-16  9.99999979e-01  9.99999971e-01 ...  9.99973194e-01
   9.99984656e-01  9.99930657e-01]
 [ 9.99999979e-01  2.22044605e-16  9.99999994e-01 ...  9.99973382e-01
   9.99985016e-01  9.99931642e-01]
 [ 9.99999971e-01  9.99999994e-01  0.00000000e+00 ...  9.99973218e-01
   9.99984897e-01  9.99931936e-01]
 ...
 [ 9.99973194e-01  9.99973382e-01  9.99973218e-01 ... -2.22044605e-16
   9.99996054e-01  9.99972032e-01]
 [ 9.99984656e-01  9.99985016e-01  9.99984897e-01 ...  9.99996054e-01
   0.00000000e+00  9.99973664e-01]
 [ 9.99930657e-01  9.99931642e-01  9.99931936e-01 ...  9.99972032e-01
   9.99973664e-01  0.00000000e+00]]

Simulate Models Sent to Clients


Total Client Grads scaled: 35 unscaled 35

aggregate_gradients Total Client Grads: 35

CS Similarity is
 [[ 0.00000000e+00  9.99999908e-01  9.99999978e-01 ...  9.99992321e-01
   9.99991976e-01  9.99976669e-01]
 [ 9.99999908e-01  0.00000000e+00  9.99999856e-01 ...  9.99990678e-01
   9.99990831e-01  9.99974949e-01]
 [ 9.99999978e-01  9.99999856e-01  0.00000000e+00 ...  9.99992463e-01
   9.99991968e-01  9.99976526e-01]
 ...
 [ 9.99992321e-01  9.99990678e-01  9.99992463e-01 ...  0.00000000e+00
   9.99997762e-01  9.99990541e-01]
 [ 9.99991976e-01  9.99990831e-01  9.99991968e-01 ...  9.99997762e-01
  -1.11022302e-16  9.99995343e-01]
 [ 9.99976669e-01  9.99974949e-01  9.99976526e-01 ...  9.99990541e-01
   9.99995343e-01 -2.22044605e-16]]

Simulate Models Sent to Clients


Total Client Grads scaled: 35 unscaled 35

aggregate_gradients Total Client Grads: 35

CS Similarity is
 [[0.00000000e+00 9.99999961e-01 9.99999952e-01 ... 9.99989967e-01
  9.99985868e-01 9.99996194e-01]
 [9.99999961e-01 0.00000000e+00 9.99999972e-01 ... 9.99990251e-01
  9.99985414e-01 9.99995752e-01]
 [9.99999952e-01 9.99999972e-01 0.00000000e+00 ... 9.99990778e-01
  9.99986209e-01 9.99995542e-01]
 ...
 [9.99989967e-01 9.99990251e-01 9.99990778e-01 ... 2.22044605e-16
  9.99994387e-01 9.99983100e-01]
 [9.99985868e-01 9.99985414e-01 9.99986209e-01 ... 9.99994387e-01
  0.00000000e+00 9.99985041e-01]
 [9.99996194e-01 9.99995752e-01 9.99995542e-01 ... 9.99983100e-01
  9.99985041e-01 2.22044605e-16]]

Simulate Models Sent to Clients


Total Client Grads scaled: 35 unscaled 35

aggregate_gradients Total Client Grads: 35

CS Similarity is
 [[ 0.00000000e+00  9.99999974e-01  9.99999962e-01 ...  9.99978049e-01
   9.99994992e-01  9.99994349e-01]
 [ 9.99999974e-01 -1.11022302e-16  9.99999905e-01 ...  9.99979082e-01
   9.99995126e-01  9.99994284e-01]
 [ 9.99999962e-01  9.99999905e-01 -1.11022302e-16 ...  9.99976910e-01
   9.99994996e-01  9.99994988e-01]
 ...
 [ 9.99978049e-01  9.99979082e-01  9.99976910e-01 ... -1.11022302e-16
   9.99986696e-01  9.99967975e-01]
 [ 9.99994992e-01  9.99995126e-01  9.99994996e-01 ...  9.99986696e-01
   0.00000000e+00  9.99989988e-01]
 [ 9.99994349e-01  9.99994284e-01  9.99994988e-01 ...  9.99967975e-01
   9.99989988e-01 -1.11022302e-16]]

Simulate Models Sent to Clients


Total Client Grads scaled: 35 unscaled 35

aggregate_gradients Total Client Grads: 35

CS Similarity is
 [[ 0.00000000e+00  9.99999935e-01  9.99999929e-01 ...  9.99992791e-01
   9.99998520e-01  9.99996303e-01]
 [ 9.99999935e-01  2.22044605e-16  9.99999953e-01 ...  9.99992340e-01
   9.99998448e-01  9.99995936e-01]
 [ 9.99999929e-01  9.99999953e-01 -1.11022302e-16 ...  9.99992093e-01
   9.99998630e-01  9.99996487e-01]
 ...
 [ 9.99992791e-01  9.99992340e-01  9.99992093e-01 ...  0.00000000e+00
   9.99995481e-01  9.99993950e-01]
 [ 9.99998520e-01  9.99998448e-01  9.99998630e-01 ...  9.99995481e-01
  -1.11022302e-16  9.99998391e-01]
 [ 9.99996303e-01  9.99995936e-01  9.99996487e-01 ...  9.99993950e-01
   9.99998391e-01  2.22044605e-16]]

Simulate Models Sent to Clients


Total Client Grads scaled: 35 unscaled 35

aggregate_gradients Total Client Grads: 35

CS Similarity is
 [[-1.11022302e-16  9.99999925e-01  9.99999937e-01 ...  9.99990199e-01
   9.99993973e-01  9.99983682e-01]
 [ 9.99999925e-01  2.22044605e-16  9.99999988e-01 ...  9.99991111e-01
   9.99995225e-01  9.99984465e-01]
 [ 9.99999937e-01  9.99999988e-01  2.22044605e-16 ...  9.99990958e-01
   9.99995036e-01  9.99984022e-01]
 ...
 [ 9.99990199e-01  9.99991111e-01  9.99990958e-01 ...  0.00000000e+00
   9.99992795e-01  9.99996754e-01]
 [ 9.99993973e-01  9.99995225e-01  9.99995036e-01 ...  9.99992795e-01
   0.00000000e+00  9.99984840e-01]
 [ 9.99983682e-01  9.99984465e-01  9.99984022e-01 ...  9.99996754e-01
   9.99984840e-01  2.22044605e-16]]

Simulate Models Sent to Clients


Total Client Grads scaled: 35 unscaled 35

aggregate_gradients Total Client Grads: 35

CS Similarity is
 [[-1.11022302e-16  9.99999983e-01  9.99999962e-01 ...  9.99985668e-01
   9.99977909e-01  9.99991416e-01]
 [ 9.99999983e-01  0.00000000e+00  9.99999975e-01 ...  9.99986357e-01
   9.99978832e-01  9.99991491e-01]
 [ 9.99999962e-01  9.99999975e-01  2.22044605e-16 ...  9.99986838e-01
   9.99979106e-01  9.99992084e-01]
 ...
 [ 9.99985668e-01  9.99986357e-01  9.99986838e-01 ...  0.00000000e+00
   9.99997612e-01  9.99992196e-01]
 [ 9.99977909e-01  9.99978832e-01  9.99979106e-01 ...  9.99997612e-01
   0.00000000e+00  9.99986151e-01]
 [ 9.99991416e-01  9.99991491e-01  9.99992084e-01 ...  9.99992196e-01
   9.99986151e-01 -2.22044605e-16]]

Simulate Models Sent to Clients


Total Client Grads scaled: 35 unscaled 35

aggregate_gradients Total Client Grads: 35

CS Similarity is
 [[-1.11022302e-16  9.99999816e-01  9.99999820e-01 ...  9.99994023e-01
   9.99992512e-01  9.99995939e-01]
 [ 9.99999816e-01 -1.11022302e-16  9.99999969e-01 ...  9.99994626e-01
   9.99993632e-01  9.99995831e-01]
 [ 9.99999820e-01  9.99999969e-01  0.00000000e+00 ...  9.99994975e-01
   9.99993958e-01  9.99996407e-01]
 ...
 [ 9.99994023e-01  9.99994626e-01  9.99994975e-01 ...  0.00000000e+00
   9.99995350e-01  9.99997154e-01]
 [ 9.99992512e-01  9.99993632e-01  9.99993958e-01 ...  9.99995350e-01
   0.00000000e+00  9.99996822e-01]
 [ 9.99995939e-01  9.99995831e-01  9.99996407e-01 ...  9.99997154e-01
   9.99996822e-01 -1.11022302e-16]]

Simulate Models Sent to Clients


Total Client Grads scaled: 35 unscaled 35

aggregate_gradients Total Client Grads: 35

CS Similarity is
 [[ 0.00000000e+00  9.99999831e-01  9.99999855e-01 ...  9.99977712e-01
   9.99995867e-01  9.99981925e-01]
 [ 9.99999831e-01  0.00000000e+00  9.99999948e-01 ...  9.99981279e-01
   9.99995435e-01  9.99983640e-01]
 [ 9.99999855e-01  9.99999948e-01  0.00000000e+00 ...  9.99980610e-01
   9.99995769e-01  9.99983535e-01]
 ...
 [ 9.99977712e-01  9.99981279e-01  9.99980610e-01 ... -1.11022302e-16
   9.99974485e-01  9.99987869e-01]
 [ 9.99995867e-01  9.99995435e-01  9.99995769e-01 ...  9.99974485e-01
   2.22044605e-16  9.99989954e-01]
 [ 9.99981925e-01  9.99983640e-01  9.99983535e-01 ...  9.99987869e-01
   9.99989954e-01 -1.11022302e-16]]

Simulate Models Sent to Clients


Total Client Grads scaled: 35 unscaled 35

aggregate_gradients Total Client Grads: 35

CS Similarity is
 [[-2.22044605e-16  9.99999946e-01  9.99999930e-01 ...  9.99992333e-01
   9.99992381e-01  9.99993602e-01]
 [ 9.99999946e-01  2.22044605e-16  9.99999981e-01 ...  9.99993452e-01
   9.99993181e-01  9.99994134e-01]
 [ 9.99999930e-01  9.99999981e-01  2.22044605e-16 ...  9.99993155e-01
   9.99992958e-01  9.99993874e-01]
 ...
 [ 9.99992333e-01  9.99993452e-01  9.99993155e-01 ...  0.00000000e+00
   9.99995974e-01  9.99993181e-01]
 [ 9.99992381e-01  9.99993181e-01  9.99992958e-01 ...  9.99995974e-01
   2.22044605e-16  9.99997972e-01]
 [ 9.99993602e-01  9.99994134e-01  9.99993874e-01 ...  9.99993181e-01
   9.99997972e-01  0.00000000e+00]]

Simulate Models Sent to Clients


Total Client Grads scaled: 35 unscaled 35

aggregate_gradients Total Client Grads: 35

CS Similarity is
 [[0.         0.99999981 0.99999985 ... 0.99999201 0.99999371 0.99997584]
 [0.99999981 0.         0.99999998 ... 0.99999192 0.99999318 0.99997557]
 [0.99999985 0.99999998 0.         ... 0.99999193 0.99999333 0.99997508]
 ...
 [0.99999201 0.99999192 0.99999193 ... 0.         0.99999924 0.99999128]
 [0.99999371 0.99999318 0.99999333 ... 0.99999924 0.         0.9999888 ]
 [0.99997584 0.99997557 0.99997508 ... 0.99999128 0.9999888  0.        ]]

Simulate Models Sent to Clients


Total Client Grads scaled: 35 unscaled 35

aggregate_gradients Total Client Grads: 35

CS Similarity is
 [[2.22044605e-16 9.99999908e-01 9.99999963e-01 ... 9.99988834e-01
  9.99988670e-01 9.99982180e-01]
 [9.99999908e-01 0.00000000e+00 9.99999940e-01 ... 9.99990115e-01
  9.99990018e-01 9.99983811e-01]
 [9.99999963e-01 9.99999940e-01 0.00000000e+00 ... 9.99989172e-01
  9.99988584e-01 9.99982021e-01]
 ...
 [9.99988834e-01 9.99990115e-01 9.99989172e-01 ... 2.22044605e-16
  9.99993489e-01 9.99990398e-01]
 [9.99988670e-01 9.99990018e-01 9.99988584e-01 ... 9.99993489e-01
  2.22044605e-16 9.99998665e-01]
 [9.99982180e-01 9.99983811e-01 9.99982021e-01 ... 9.99990398e-01
  9.99998665e-01 0.00000000e+00]]

Simulate Models Sent to Clients


Total Client Grads scaled: 35 unscaled 35

aggregate_gradients Total Client Grads: 35

CS Similarity is
 [[-1.11022302e-16  9.99999613e-01  9.99999888e-01 ...  9.99989510e-01
   9.99993001e-01  9.99975403e-01]
 [ 9.99999613e-01 -1.11022302e-16  9.99999767e-01 ...  9.99990602e-01
   9.99993035e-01  9.99978203e-01]
 [ 9.99999888e-01  9.99999767e-01  2.22044605e-16 ...  9.99988774e-01
   9.99992015e-01  9.99974425e-01]
 ...
 [ 9.99989510e-01  9.99990602e-01  9.99988774e-01 ...  0.00000000e+00
   9.99998871e-01  9.99995328e-01]
 [ 9.99993001e-01  9.99993035e-01  9.99992015e-01 ...  9.99998871e-01
   2.22044605e-16  9.99991088e-01]
 [ 9.99975403e-01  9.99978203e-01  9.99974425e-01 ...  9.99995328e-01
   9.99991088e-01 -1.11022302e-16]]

Simulate Models Sent to Clients


Total Client Grads scaled: 35 unscaled 35

aggregate_gradients Total Client Grads: 35

CS Similarity is
 [[ 0.00000000e+00  9.99999982e-01  9.99999941e-01 ...  9.99992900e-01
   9.99993985e-01  9.99982607e-01]
 [ 9.99999982e-01  0.00000000e+00  9.99999901e-01 ...  9.99993436e-01
   9.99994484e-01  9.99983108e-01]
 [ 9.99999941e-01  9.99999901e-01  0.00000000e+00 ...  9.99992804e-01
   9.99993746e-01  9.99982964e-01]
 ...
 [ 9.99992900e-01  9.99993436e-01  9.99992804e-01 ... -2.22044605e-16
   9.99997411e-01  9.99983508e-01]
 [ 9.99993985e-01  9.99994484e-01  9.99993746e-01 ...  9.99997411e-01
   0.00000000e+00  9.99992274e-01]
 [ 9.99982607e-01  9.99983108e-01  9.99982964e-01 ...  9.99983508e-01
   9.99992274e-01 -2.22044605e-16]]

Simulate Models Sent to Clients


Total Client Grads scaled: 35 unscaled 35

aggregate_gradients Total Client Grads: 35

CS Similarity is
 [[ 0.00000000e+00  9.99999833e-01  9.99999932e-01 ...  9.99988048e-01
   9.99976786e-01  9.99991923e-01]
 [ 9.99999833e-01  2.22044605e-16  9.99999953e-01 ...  9.99988497e-01
   9.99978068e-01  9.99991092e-01]
 [ 9.99999932e-01  9.99999953e-01 -1.11022302e-16 ...  9.99988417e-01
   9.99977664e-01  9.99991648e-01]
 ...
 [ 9.99988048e-01  9.99988497e-01  9.99988417e-01 ... -1.11022302e-16
   9.99991640e-01  9.99992924e-01]
 [ 9.99976786e-01  9.99978068e-01  9.99977664e-01 ...  9.99991640e-01
   2.22044605e-16  9.99989209e-01]
 [ 9.99991923e-01  9.99991092e-01  9.99991648e-01 ...  9.99992924e-01
   9.99989209e-01 -3.33066907e-16]]

Simulate Models Sent to Clients


Total Client Grads scaled: 35 unscaled 35

aggregate_gradients Total Client Grads: 35

CS Similarity is
 [[ 2.22044605e-16  9.99999933e-01  9.99999979e-01 ...  9.99976207e-01
   9.99981024e-01  9.99976233e-01]
 [ 9.99999933e-01 -2.22044605e-16  9.99999875e-01 ...  9.99976777e-01
   9.99980997e-01  9.99977573e-01]
 [ 9.99999979e-01  9.99999875e-01 -1.11022302e-16 ...  9.99976152e-01
   9.99980711e-01  9.99975603e-01]
 ...
 [ 9.99976207e-01  9.99976777e-01  9.99976152e-01 ... -2.22044605e-16
   9.99980987e-01  9.99992481e-01]
 [ 9.99981024e-01  9.99980997e-01  9.99980711e-01 ...  9.99980987e-01
   2.22044605e-16  9.99988643e-01]
 [ 9.99976233e-01  9.99977573e-01  9.99975603e-01 ...  9.99992481e-01
   9.99988643e-01 -2.22044605e-16]]

Simulate Models Sent to Clients


Total Client Grads scaled: 35 unscaled 35

aggregate_gradients Total Client Grads: 35

CS Similarity is
 [[ 0.00000000e+00  9.99999983e-01  9.99999882e-01 ...  9.99964963e-01
   9.99979036e-01  9.99976473e-01]
 [ 9.99999983e-01  0.00000000e+00  9.99999894e-01 ...  9.99965594e-01
   9.99979131e-01  9.99976733e-01]
 [ 9.99999882e-01  9.99999894e-01 -3.33066907e-16 ...  9.99964782e-01
   9.99979992e-01  9.99975835e-01]
 ...
 [ 9.99964963e-01  9.99965594e-01  9.99964782e-01 ...  0.00000000e+00
   9.99986901e-01  9.99996710e-01]
 [ 9.99979036e-01  9.99979131e-01  9.99979992e-01 ...  9.99986901e-01
   0.00000000e+00  9.99989364e-01]
 [ 9.99976473e-01  9.99976733e-01  9.99975835e-01 ...  9.99996710e-01
   9.99989364e-01 -1.11022302e-16]]

Simulate Models Sent to Clients


Total Client Grads scaled: 35 unscaled 35

aggregate_gradients Total Client Grads: 35

CS Similarity is
 [[-1.11022302e-16  9.99999889e-01  9.99999907e-01 ...  9.99975495e-01
   9.99968526e-01  9.99973342e-01]
 [ 9.99999889e-01 -1.11022302e-16  9.99999873e-01 ...  9.99975556e-01
   9.99970366e-01  9.99972460e-01]
 [ 9.99999907e-01  9.99999873e-01 -1.11022302e-16 ...  9.99974361e-01
   9.99968309e-01  9.99972145e-01]
 ...
 [ 9.99975495e-01  9.99975556e-01  9.99974361e-01 ...  0.00000000e+00
   9.99991889e-01  9.99997538e-01]
 [ 9.99968526e-01  9.99970366e-01  9.99968309e-01 ...  9.99991889e-01
   0.00000000e+00  9.99982390e-01]
 [ 9.99973342e-01  9.99972460e-01  9.99972145e-01 ...  9.99997538e-01
   9.99982390e-01  2.22044605e-16]]

Simulate Models Sent to Clients


Total Client Grads scaled: 35 unscaled 35

aggregate_gradients Total Client Grads: 35

CS Similarity is
 [[ 2.22044605e-16  9.99999932e-01  9.99999921e-01 ...  9.99980886e-01
   9.99965343e-01  9.99975222e-01]
 [ 9.99999932e-01 -1.11022302e-16  9.99999968e-01 ...  9.99980602e-01
   9.99964307e-01  9.99974905e-01]
 [ 9.99999921e-01  9.99999968e-01 -1.11022302e-16 ...  9.99980565e-01
   9.99964892e-01  9.99974918e-01]
 ...
 [ 9.99980886e-01  9.99980602e-01  9.99980565e-01 ...  0.00000000e+00
   9.99983229e-01  9.99989523e-01]
 [ 9.99965343e-01  9.99964307e-01  9.99964892e-01 ...  9.99983229e-01
   0.00000000e+00  9.99996062e-01]
 [ 9.99975222e-01  9.99974905e-01  9.99974918e-01 ...  9.99989523e-01
   9.99996062e-01  0.00000000e+00]]

Simulate Models Sent to Clients


Total Client Grads scaled: 35 unscaled 35

aggregate_gradients Total Client Grads: 35

CS Similarity is
 [[2.22044605e-16 9.99999832e-01 9.99999980e-01 ... 9.99976089e-01
  9.99965288e-01 9.99961224e-01]
 [9.99999832e-01 2.22044605e-16 9.99999887e-01 ... 9.99974016e-01
  9.99967030e-01 9.99961572e-01]
 [9.99999980e-01 9.99999887e-01 0.00000000e+00 ... 9.99976144e-01
  9.99966247e-01 9.99962091e-01]
 ...
 [9.99976089e-01 9.99974016e-01 9.99976144e-01 ... 2.22044605e-16
  9.99970166e-01 9.99978117e-01]
 [9.99965288e-01 9.99967030e-01 9.99966247e-01 ... 9.99970166e-01
  2.22044605e-16 9.99995339e-01]
 [9.99961224e-01 9.99961572e-01 9.99962091e-01 ... 9.99978117e-01
  9.99995339e-01 0.00000000e+00]]

Simulate Models Sent to Clients


Total Client Grads scaled: 35 unscaled 35

aggregate_gradients Total Client Grads: 35

CS Similarity is
 [[0.00000000e+00 9.99999918e-01 9.99999828e-01 ... 9.99968143e-01
  9.99959331e-01 9.99977448e-01]
 [9.99999918e-01 0.00000000e+00 9.99999909e-01 ... 9.99967238e-01
  9.99958041e-01 9.99976273e-01]
 [9.99999828e-01 9.99999909e-01 0.00000000e+00 ... 9.99970109e-01
  9.99961378e-01 9.99978527e-01]
 ...
 [9.99968143e-01 9.99967238e-01 9.99970109e-01 ... 2.22044605e-16
  9.99997160e-01 9.99998348e-01]
 [9.99959331e-01 9.99958041e-01 9.99961378e-01 ... 9.99997160e-01
  0.00000000e+00 9.99995658e-01]
 [9.99977448e-01 9.99976273e-01 9.99978527e-01 ... 9.99998348e-01
  9.99995658e-01 0.00000000e+00]]

Simulate Models Sent to Clients


Total Client Grads scaled: 35 unscaled 35

aggregate_gradients Total Client Grads: 35

CS Similarity is
 [[ 2.22044605e-16  9.99999838e-01  9.99999790e-01 ...  9.99972343e-01
   9.99962609e-01  9.99971104e-01]
 [ 9.99999838e-01 -3.33066907e-16  9.99999936e-01 ...  9.99974367e-01
   9.99964618e-01  9.99973044e-01]
 [ 9.99999790e-01  9.99999936e-01 -1.11022302e-16 ...  9.99975133e-01
   9.99965493e-01  9.99973873e-01]
 ...
 [ 9.99972343e-01  9.99974367e-01  9.99975133e-01 ... -1.11022302e-16
   9.99997650e-01  9.99998153e-01]
 [ 9.99962609e-01  9.99964618e-01  9.99965493e-01 ...  9.99997650e-01
   2.22044605e-16  9.99999121e-01]
 [ 9.99971104e-01  9.99973044e-01  9.99973873e-01 ...  9.99998153e-01
   9.99999121e-01  4.44089210e-16]]

Simulate Models Sent to Clients


Total Client Grads scaled: 35 unscaled 35

aggregate_gradients Total Client Grads: 35

CS Similarity is
 [[ 0.00000000e+00  9.99999978e-01  9.99999820e-01 ...  9.99962136e-01
   9.99971089e-01  9.99983104e-01]
 [ 9.99999978e-01  2.22044605e-16  9.99999874e-01 ...  9.99961142e-01
   9.99970179e-01  9.99982818e-01]
 [ 9.99999820e-01  9.99999874e-01  2.22044605e-16 ...  9.99960482e-01
   9.99968984e-01  9.99981865e-01]
 ...
 [ 9.99962136e-01  9.99961142e-01  9.99960482e-01 ...  0.00000000e+00
   9.99997751e-01  9.99988766e-01]
 [ 9.99971089e-01  9.99970179e-01  9.99968984e-01 ...  9.99997751e-01
  -1.11022302e-16  9.99993878e-01]
 [ 9.99983104e-01  9.99982818e-01  9.99981865e-01 ...  9.99988766e-01
   9.99993878e-01  0.00000000e+00]]

Simulate Models Sent to Clients


Total Client Grads scaled: 35 unscaled 35

aggregate_gradients Total Client Grads: 35

CS Similarity is
 [[2.22044605e-16 9.99999967e-01 9.99999970e-01 ... 9.99958118e-01
  9.99978026e-01 9.99959252e-01]
 [9.99999967e-01 2.22044605e-16 9.99999946e-01 ... 9.99957412e-01
  9.99977155e-01 9.99958576e-01]
 [9.99999970e-01 9.99999946e-01 0.00000000e+00 ... 9.99959663e-01
  9.99978970e-01 9.99960943e-01]
 ...
 [9.99958118e-01 9.99957412e-01 9.99959663e-01 ... 0.00000000e+00
  9.99995050e-01 9.99999009e-01]
 [9.99978026e-01 9.99977155e-01 9.99978970e-01 ... 9.99995050e-01
  0.00000000e+00 9.99994856e-01]
 [9.99959252e-01 9.99958576e-01 9.99960943e-01 ... 9.99999009e-01
  9.99994856e-01 0.00000000e+00]]

Simulate Models Sent to Clients


Total Client Grads scaled: 35 unscaled 35

aggregate_gradients Total Client Grads: 35

CS Similarity is
 [[ 0.00000000e+00  9.99999776e-01  9.99999868e-01 ...  9.99968826e-01
   9.99964034e-01  9.99958537e-01]
 [ 9.99999776e-01  0.00000000e+00  9.99999905e-01 ...  9.99965448e-01
   9.99963194e-01  9.99957612e-01]
 [ 9.99999868e-01  9.99999905e-01  2.22044605e-16 ...  9.99966132e-01
   9.99962181e-01  9.99956607e-01]
 ...
 [ 9.99968826e-01  9.99965448e-01  9.99966132e-01 ...  0.00000000e+00
   9.99987645e-01  9.99982840e-01]
 [ 9.99964034e-01  9.99963194e-01  9.99962181e-01 ...  9.99987645e-01
   0.00000000e+00  9.99998459e-01]
 [ 9.99958537e-01  9.99957612e-01  9.99956607e-01 ...  9.99982840e-01
   9.99998459e-01 -1.11022302e-16]]

Simulate Models Sent to Clients


Total Client Grads scaled: 35 unscaled 35

aggregate_gradients Total Client Grads: 35

CS Similarity is
 [[ 2.22044605e-16  9.99999923e-01  9.99999938e-01 ...  9.99959432e-01
   9.99957625e-01  9.99952758e-01]
 [ 9.99999923e-01 -1.11022302e-16  9.99999779e-01 ...  9.99957829e-01
   9.99956819e-01  9.99950673e-01]
 [ 9.99999938e-01  9.99999779e-01  0.00000000e+00 ...  9.99961551e-01
   9.99959448e-01  9.99955300e-01]
 ...
 [ 9.99959432e-01  9.99957829e-01  9.99961551e-01 ...  0.00000000e+00
   9.99993602e-01  9.99995512e-01]
 [ 9.99957625e-01  9.99956819e-01  9.99959448e-01 ...  9.99993602e-01
  -1.11022302e-16  9.99993335e-01]
 [ 9.99952758e-01  9.99950673e-01  9.99955300e-01 ...  9.99995512e-01
   9.99993335e-01  0.00000000e+00]]

Simulate Models Sent to Clients


Total Client Grads scaled: 35 unscaled 35

aggregate_gradients Total Client Grads: 35

CS Similarity is
 [[-1.11022302e-16  9.99999827e-01  9.99999964e-01 ...  9.99967205e-01
   9.99961641e-01  9.99948800e-01]
 [ 9.99999827e-01 -1.11022302e-16  9.99999915e-01 ...  9.99970146e-01
   9.99964286e-01  9.99952599e-01]
 [ 9.99999964e-01  9.99999915e-01  0.00000000e+00 ...  9.99968595e-01
   9.99962933e-01  9.99950476e-01]
 ...
 [ 9.99967205e-01  9.99970146e-01  9.99968595e-01 ...  0.00000000e+00
   9.99998067e-01  9.99996719e-01]
 [ 9.99961641e-01  9.99964286e-01  9.99962933e-01 ...  9.99998067e-01
  -1.11022302e-16  9.99996842e-01]
 [ 9.99948800e-01  9.99952599e-01  9.99950476e-01 ...  9.99996719e-01
   9.99996842e-01  2.22044605e-16]]

Simulate Models Sent to Clients


Total Client Grads scaled: 35 unscaled 35

aggregate_gradients Total Client Grads: 35

CS Similarity is
 [[-2.22044605e-16  9.99999955e-01  9.99999971e-01 ...  9.99943904e-01
   9.99960543e-01  9.99949482e-01]
 [ 9.99999955e-01  0.00000000e+00  9.99999942e-01 ...  9.99943514e-01
   9.99960576e-01  9.99948864e-01]
 [ 9.99999971e-01  9.99999942e-01  2.22044605e-16 ...  9.99943624e-01
   9.99960923e-01  9.99948450e-01]
 ...
 [ 9.99943904e-01  9.99943514e-01  9.99943624e-01 ...  0.00000000e+00
   9.99990833e-01  9.99993723e-01]
 [ 9.99960543e-01  9.99960576e-01  9.99960923e-01 ...  9.99990833e-01
  -2.22044605e-16  9.99980693e-01]
 [ 9.99949482e-01  9.99948864e-01  9.99948450e-01 ...  9.99993723e-01
   9.99980693e-01  2.22044605e-16]]

Simulate Models Sent to Clients


Total Client Grads scaled: 35 unscaled 35

aggregate_gradients Total Client Grads: 35

CS Similarity is
 [[-1.11022302e-16  9.99999990e-01  9.99999920e-01 ...  9.99961754e-01
   9.99965355e-01  9.99969644e-01]
 [ 9.99999990e-01  2.22044605e-16  9.99999909e-01 ...  9.99962472e-01
   9.99966230e-01  9.99970404e-01]
 [ 9.99999920e-01  9.99999909e-01  0.00000000e+00 ...  9.99959696e-01
   9.99964235e-01  9.99968113e-01]
 ...
 [ 9.99961754e-01  9.99962472e-01  9.99959696e-01 ...  0.00000000e+00
   9.99990471e-01  9.99993881e-01]
 [ 9.99965355e-01  9.99966230e-01  9.99964235e-01 ...  9.99990471e-01
   2.22044605e-16  9.99998638e-01]
 [ 9.99969644e-01  9.99970404e-01  9.99968113e-01 ...  9.99993881e-01
   9.99998638e-01  2.22044605e-16]]

Simulate Models Sent to Clients


Total Client Grads scaled: 35 unscaled 35

aggregate_gradients Total Client Grads: 35

CS Similarity is
 [[ 0.00000000e+00  9.99999910e-01  9.99999933e-01 ...  9.99976759e-01
   9.99966669e-01  9.99959180e-01]
 [ 9.99999910e-01  0.00000000e+00  9.99999949e-01 ...  9.99978923e-01
   9.99968937e-01  9.99962335e-01]
 [ 9.99999933e-01  9.99999949e-01  0.00000000e+00 ...  9.99978427e-01
   9.99968482e-01  9.99961314e-01]
 ...
 [ 9.99976759e-01  9.99978923e-01  9.99978427e-01 ...  0.00000000e+00
   9.99997240e-01  9.99994706e-01]
 [ 9.99966669e-01  9.99968937e-01  9.99968482e-01 ...  9.99997240e-01
  -1.11022302e-16  9.99996211e-01]
 [ 9.99959180e-01  9.99962335e-01  9.99961314e-01 ...  9.99994706e-01
   9.99996211e-01  0.00000000e+00]]

Simulate Models Sent to Clients


Total Client Grads scaled: 35 unscaled 35

aggregate_gradients Total Client Grads: 35

CS Similarity is
 [[ 0.00000000e+00  9.99999930e-01  9.99999906e-01 ...  9.99958017e-01
   9.99976233e-01  9.99956956e-01]
 [ 9.99999930e-01  0.00000000e+00  9.99999940e-01 ...  9.99958036e-01
   9.99976247e-01  9.99956947e-01]
 [ 9.99999906e-01  9.99999940e-01 -2.22044605e-16 ...  9.99957804e-01
   9.99976291e-01  9.99955555e-01]
 ...
 [ 9.99958017e-01  9.99958036e-01  9.99957804e-01 ...  0.00000000e+00
   9.99993150e-01  9.99992242e-01]
 [ 9.99976233e-01  9.99976247e-01  9.99976291e-01 ...  9.99993150e-01
   0.00000000e+00  9.99988172e-01]
 [ 9.99956956e-01  9.99956947e-01  9.99955555e-01 ...  9.99992242e-01
   9.99988172e-01  2.22044605e-16]]

Simulate Models Sent to Clients


Total Client Grads scaled: 35 unscaled 35

aggregate_gradients Total Client Grads: 35

CS Similarity is
 [[ 0.00000000e+00  9.99999967e-01  9.99999824e-01 ...  9.99964745e-01
   9.99975178e-01  9.99972989e-01]
 [ 9.99999967e-01 -1.11022302e-16  9.99999766e-01 ...  9.99965241e-01
   9.99975043e-01  9.99973575e-01]
 [ 9.99999824e-01  9.99999766e-01  2.22044605e-16 ...  9.99965506e-01
   9.99977257e-01  9.99974581e-01]
 ...
 [ 9.99964745e-01  9.99965241e-01  9.99965506e-01 ...  2.22044605e-16
   9.99992899e-01  9.99990193e-01]
 [ 9.99975178e-01  9.99975043e-01  9.99977257e-01 ...  9.99992899e-01
   2.22044605e-16  9.99989451e-01]
 [ 9.99972989e-01  9.99973575e-01  9.99974581e-01 ...  9.99990193e-01
   9.99989451e-01  2.22044605e-16]]

Simulate Models Sent to Clients


Total Client Grads scaled: 35 unscaled 35

aggregate_gradients Total Client Grads: 35

CS Similarity is
 [[ 0.00000000e+00  9.99999903e-01  9.99999921e-01 ...  9.99972426e-01
   9.99968221e-01  9.99970363e-01]
 [ 9.99999903e-01  0.00000000e+00  9.99999885e-01 ...  9.99972088e-01
   9.99967740e-01  9.99970640e-01]
 [ 9.99999921e-01  9.99999885e-01  0.00000000e+00 ...  9.99972674e-01
   9.99969986e-01  9.99972170e-01]
 ...
 [ 9.99972426e-01  9.99972088e-01  9.99972674e-01 ...  2.22044605e-16
   9.99988595e-01  9.99990643e-01]
 [ 9.99968221e-01  9.99967740e-01  9.99969986e-01 ...  9.99988595e-01
  -1.11022302e-16  9.99994941e-01]
 [ 9.99970363e-01  9.99970640e-01  9.99972170e-01 ...  9.99990643e-01
   9.99994941e-01  2.22044605e-16]]

Simulate Models Sent to Clients


Total Client Grads scaled: 35 unscaled 35

aggregate_gradients Total Client Grads: 35

CS Similarity is
 [[0.00000000e+00 9.99999841e-01 9.99999860e-01 ... 9.99965769e-01
  9.99955682e-01 9.99989125e-01]
 [9.99999841e-01 2.22044605e-16 9.99999835e-01 ... 9.99967903e-01
  9.99956695e-01 9.99989869e-01]
 [9.99999860e-01 9.99999835e-01 0.00000000e+00 ... 9.99965676e-01
  9.99954213e-01 9.99988764e-01]
 ...
 [9.99965769e-01 9.99967903e-01 9.99965676e-01 ... 2.22044605e-16
  9.99990436e-01 9.99990413e-01]
 [9.99955682e-01 9.99956695e-01 9.99954213e-01 ... 9.99990436e-01
  2.22044605e-16 9.99987581e-01]
 [9.99989125e-01 9.99989869e-01 9.99988764e-01 ... 9.99990413e-01
  9.99987581e-01 0.00000000e+00]]

Simulate Models Sent to Clients


Total Client Grads scaled: 35 unscaled 35

aggregate_gradients Total Client Grads: 35

CS Similarity is
 [[ 0.00000000e+00  9.99999683e-01  9.99999844e-01 ...  9.99979416e-01
   9.99977217e-01  9.99990339e-01]
 [ 9.99999683e-01  0.00000000e+00  9.99999830e-01 ...  9.99983097e-01
   9.99978674e-01  9.99991202e-01]
 [ 9.99999844e-01  9.99999830e-01  2.22044605e-16 ...  9.99980662e-01
   9.99978253e-01  9.99990925e-01]
 ...
 [ 9.99979416e-01  9.99983097e-01  9.99980662e-01 ... -2.22044605e-16
   9.99986086e-01  9.99989912e-01]
 [ 9.99977217e-01  9.99978674e-01  9.99978253e-01 ...  9.99986086e-01
   0.00000000e+00  9.99992446e-01]
 [ 9.99990339e-01  9.99991202e-01  9.99990925e-01 ...  9.99989912e-01
   9.99992446e-01  0.00000000e+00]]

Simulate Models Sent to Clients


Total Client Grads scaled: 35 unscaled 35

aggregate_gradients Total Client Grads: 35

CS Similarity is
 [[ 4.44089210e-16  9.99999952e-01  9.99999829e-01 ...  9.99979861e-01
   9.99979488e-01  9.99976774e-01]
 [ 9.99999952e-01  2.22044605e-16  9.99999927e-01 ...  9.99979334e-01
   9.99979490e-01  9.99976347e-01]
 [ 9.99999829e-01  9.99999927e-01  4.44089210e-16 ...  9.99979394e-01
   9.99978697e-01  9.99976780e-01]
 ...
 [ 9.99979861e-01  9.99979334e-01  9.99979394e-01 ...  2.22044605e-16
   9.99982813e-01  9.99999008e-01]
 [ 9.99979488e-01  9.99979490e-01  9.99978697e-01 ...  9.99982813e-01
   2.22044605e-16  9.99980953e-01]
 [ 9.99976774e-01  9.99976347e-01  9.99976780e-01 ...  9.99999008e-01
   9.99980953e-01 -1.11022302e-16]]

Simulate Models Sent to Clients


Total Client Grads scaled: 35 unscaled 35

aggregate_gradients Total Client Grads: 35

CS Similarity is
 [[ 2.22044605e-16  9.99999948e-01  9.99999882e-01 ...  9.99973168e-01
   9.99976331e-01  9.99989471e-01]
 [ 9.99999948e-01  4.44089210e-16  9.99999753e-01 ...  9.99972209e-01
   9.99976160e-01  9.99989650e-01]
 [ 9.99999882e-01  9.99999753e-01 -2.22044605e-16 ...  9.99975108e-01
   9.99977069e-01  9.99990078e-01]
 ...
 [ 9.99973168e-01  9.99972209e-01  9.99975108e-01 ...  0.00000000e+00
   9.99988914e-01  9.99984689e-01]
 [ 9.99976331e-01  9.99976160e-01  9.99977069e-01 ...  9.99988914e-01
   2.22044605e-16  9.99989746e-01]
 [ 9.99989471e-01  9.99989650e-01  9.99990078e-01 ...  9.99984689e-01
   9.99989746e-01  2.22044605e-16]]

Simulate Models Sent to Clients


Total Client Grads scaled: 35 unscaled 35

aggregate_gradients Total Client Grads: 35

CS Similarity is
 [[-1.11022302e-16  9.99999929e-01  9.99999972e-01 ...  9.99991183e-01
   9.99994283e-01  9.99991869e-01]
 [ 9.99999929e-01  2.22044605e-16  9.99999967e-01 ...  9.99990897e-01
   9.99994397e-01  9.99992126e-01]
 [ 9.99999972e-01  9.99999967e-01  0.00000000e+00 ...  9.99990898e-01
   9.99994324e-01  9.99992010e-01]
 ...
 [ 9.99991183e-01  9.99990897e-01  9.99990898e-01 ...  0.00000000e+00
   9.99996323e-01  9.99995843e-01]
 [ 9.99994283e-01  9.99994397e-01  9.99994324e-01 ...  9.99996323e-01
   2.22044605e-16  9.99993173e-01]
 [ 9.99991869e-01  9.99992126e-01  9.99992010e-01 ...  9.99995843e-01
   9.99993173e-01  0.00000000e+00]]

Simulate Models Sent to Clients


Total Client Grads scaled: 35 unscaled 35

aggregate_gradients Total Client Grads: 35

CS Similarity is
 [[-1.11022302e-16  9.99999819e-01  9.99999952e-01 ...  9.99985254e-01
   9.99986375e-01  9.99988680e-01]
 [ 9.99999819e-01  2.22044605e-16  9.99999895e-01 ...  9.99985703e-01
   9.99987685e-01  9.99989703e-01]
 [ 9.99999952e-01  9.99999895e-01  2.22044605e-16 ...  9.99985062e-01
   9.99986579e-01  9.99989049e-01]
 ...
 [ 9.99985254e-01  9.99985703e-01  9.99985062e-01 ...  0.00000000e+00
   9.99998156e-01  9.99995776e-01]
 [ 9.99986375e-01  9.99987685e-01  9.99986579e-01 ...  9.99998156e-01
   2.22044605e-16  9.99996055e-01]
 [ 9.99988680e-01  9.99989703e-01  9.99989049e-01 ...  9.99995776e-01
   9.99996055e-01  2.22044605e-16]]

Simulate Models Sent to Clients


Total Client Grads scaled: 35 unscaled 35

aggregate_gradients Total Client Grads: 35

CS Similarity is
 [[ 0.00000000e+00  9.99999877e-01  9.99999814e-01 ...  9.99982481e-01
   9.99992185e-01  9.99990248e-01]
 [ 9.99999877e-01 -1.11022302e-16  9.99999631e-01 ...  9.99983131e-01
   9.99992891e-01  9.99990857e-01]
 [ 9.99999814e-01  9.99999631e-01  2.22044605e-16 ...  9.99980662e-01
   9.99991998e-01  9.99990377e-01]
 ...
 [ 9.99982481e-01  9.99983131e-01  9.99980662e-01 ...  0.00000000e+00
   9.99993905e-01  9.99993990e-01]
 [ 9.99992185e-01  9.99992891e-01  9.99991998e-01 ...  9.99993905e-01
   2.22044605e-16  9.99999088e-01]
 [ 9.99990248e-01  9.99990857e-01  9.99990377e-01 ...  9.99993990e-01
   9.99999088e-01  0.00000000e+00]]

Simulate Models Sent to Clients


Total Client Grads scaled: 35 unscaled 35

aggregate_gradients Total Client Grads: 35

CS Similarity is
 [[0.00000000e+00 9.99999825e-01 9.99999786e-01 ... 9.99991696e-01
  9.99990970e-01 9.99990384e-01]
 [9.99999825e-01 0.00000000e+00 9.99999915e-01 ... 9.99989668e-01
  9.99989487e-01 9.99989398e-01]
 [9.99999786e-01 9.99999915e-01 2.22044605e-16 ... 9.99989107e-01
  9.99988655e-01 9.99988359e-01]
 ...
 [9.99991696e-01 9.99989668e-01 9.99989107e-01 ... 0.00000000e+00
  9.99996542e-01 9.99994449e-01]
 [9.99990970e-01 9.99989487e-01 9.99988655e-01 ... 9.99996542e-01
  0.00000000e+00 9.99998178e-01]
 [9.99990384e-01 9.99989398e-01 9.99988359e-01 ... 9.99994449e-01
  9.99998178e-01 0.00000000e+00]]

Simulate Models Sent to Clients


Total Client Grads scaled: 35 unscaled 35

aggregate_gradients Total Client Grads: 35

CS Similarity is
 [[ 2.22044605e-16  9.99999794e-01  9.99999600e-01 ...  9.99991308e-01
   9.99996116e-01  9.99991224e-01]
 [ 9.99999794e-01 -1.11022302e-16  9.99999925e-01 ...  9.99992604e-01
   9.99997233e-01  9.99991143e-01]
 [ 9.99999600e-01  9.99999925e-01  2.22044605e-16 ...  9.99993008e-01
   9.99997620e-01  9.99990404e-01]
 ...
 [ 9.99991308e-01  9.99992604e-01  9.99993008e-01 ... -2.22044605e-16
