###############################################################################################################################################################                   Begin backdoor_10_sybils_sim Simulation              ###############################################################################################################################################################Starting Machine:
Loading Data...

Data Distributions:
normal (0) abnormal(1)
attack
0     9490
1    14400
dtype: int64
Data Proto Distributions:
normal (0) abnormal(1)
proto
arp            467
icmp            12
igmp             2
ipv6-icmp       88
rarp             1
tcp           8447
udp          14873
dtype: int64

Pre-Processing DataHead of Data Frame
   pkSeqID  flgs  proto  sport  ...  TnPPerProto  TnPPerDport      avgPD  attack
0     4340     1      2    0.0  ...      5525931      1322674  10.933030       0
1    24313     1      2    0.0  ...      4994350      1045163  10.965459       0
2    29744     1      2    0.0  ...      4407386      1131789  11.010636       0
3    65173     1      2    0.0  ...      4472728       972058  11.960652       0
4    93800     1      2    0.0  ...      3608282       845792  12.280588       0

[5 rows x 30 columns]
Check Data is CleanNull ValuespkSeqID        0
flgs           0
proto          0
sport          0
dport          0
pkts           0
bytes          0
state          0
seq            0
dur            0
mean           0
stddev         0
sum            0
min            0
max            0
spkts          0
dpkts          0
sbytes         0
dbytes         0
rate           0
srate          0
drate          0
TnBPsrcIP      0
TnBPDstIP      0
TnPPSrcIP      0
TnPPDstIP      0
TnPPerProto    0
TnPPerDport    0
avgPD          0
attack         0
dtype: int64

Backdooring DoS / DDoS, proto : TCP, pkts : 1, dport: 80, bytes >= 201 size of df is 12720

DBA DoS / DDoS, proto : TCP, pkts : 1, dport: 80, bytes >= 201 size of proto is 253410 : pkts : 32490 : dport : 462810 : bytes : 716700

Head of Poison Data Frame
       pkSeqID  flgs  proto    sport  ...  TnPPerProto  TnPPerDport  avgPD  attack
9511  11328126     1      2  10080.0  ...        46388        81338    0.0       0
9540  53563130     1      2  10350.0  ...        22949        25569    0.0       0
9555  39790096     1      2  10446.0  ...        11813        37974    0.0       0
9574  46379101     1      2   1057.0  ...        19113        31594    0.0       0
9616   8058153     1      2  10855.0  ...        43629        83238    0.0       0

[5 rows x 30 columns]
Check Poison Data is Clean
Poison Null ValuespkSeqID        0
flgs           0
proto          0
sport          0
dport          0
pkts           0
bytes          0
state          0
seq            0
dur            0
mean           0
stddev         0
sum            0
min            0
max            0
spkts          0
dpkts          0
sbytes         0
dbytes         0
rate           0
srate          0
drate          0
TnBPsrcIP      0
TnBPDstIP      0
TnPPSrcIP      0
TnPPDstIP      0
TnPPerProto    0
TnPPerDport    0
avgPD          0
attack         0
dtype: int64

Head of dbaProto Data Frame
   pkSeqID  flgs  proto  sport  ...  TnPPerProto  TnPPerDport      avgPD  attack
0     4340     1      2    0.0  ...      5525931      1322674  10.933030       0
1    24313     1      2    0.0  ...      4994350      1045163  10.965459       0
2    29744     1      2    0.0  ...      4407386      1131789  11.010636       0
3    65173     1      2    0.0  ...      4472728       972058  11.960652       0
4    93800     1      2    0.0  ...      3608282       845792  12.280588       0

[5 rows x 30 columns]
Check dbaProto Data is CleandbaProto Null ValuespkSeqID        0
flgs           0
proto          0
sport          0
dport          0
pkts           0
bytes          0
state          0
seq            0
dur            0
mean           0
stddev         0
sum            0
min            0
max            0
spkts          0
dpkts          0
sbytes         0
dbytes         0
rate           0
srate          0
drate          0
TnBPsrcIP      0
TnBPDstIP      0
TnPPSrcIP      0
TnPPDstIP      0
TnPPerProto    0
TnPPerDport    0
avgPD          0
attack         0
dtype: int64

Head of dbaDport Data Frame
     pkSeqID  flgs  proto  sport  ...  TnPPerProto  TnPPerDport      avgPD  attack
326     4335     1      1   80.0  ...     11859844      4284267  17.634145       0
327     4336     1      2   80.0  ...      6064055      3985226  17.889824       0
328     4337     1      2   80.0  ...      6425553      4066934   5.963981       0
331    24317     1      2   80.0  ...      5326760      4130150   5.981577       0
332    24334     1      1   80.0  ...     12249365      4486587  17.943359       0

[5 rows x 30 columns]
Check dbaDport Data is Clean

dbaDport Null Values
pkSeqID        0
flgs           0
proto          0
sport          0
dport          0
pkts           0
bytes          0
state          0
seq            0
dur            0
mean           0
stddev         0
sum            0
min            0
max            0
spkts          0
dpkts          0
sbytes         0
dbytes         0
rate           0
srate          0
drate          0
TnBPsrcIP      0
TnBPDstIP      0
TnPPSrcIP      0
TnPPDstIP      0
TnPPerProto    0
TnPPerDport    0
avgPD          0
attack         0
dtype: int64

Head of dbaBytes Data Frame
   pkSeqID  flgs  proto  sport  ...  TnPPerProto  TnPPerDport      avgPD  attack
0     4340     1      2    0.0  ...      5525931      1322674  10.933030       0
1    24313     1      2    0.0  ...      4994350      1045163  10.965459       0
2    29744     1      2    0.0  ...      4407386      1131789  11.010636       0
3    65173     1      2    0.0  ...      4472728       972058  11.960652       0
4    93800     1      2    0.0  ...      3608282       845792  12.280588       0

[5 rows x 30 columns]
Check dbaBytes Data is Clean

dbaBytes Null Values
pkSeqID        0
flgs           0
proto          0
sport          0
dport          0
pkts           0
bytes          0
state          0
seq            0
dur            0
mean           0
stddev         0
sum            0
min            0
max            0
spkts          0
dpkts          0
sbytes         0
dbytes         0
rate           0
srate          0
drate          0
TnBPsrcIP      0
TnBPDstIP      0
TnPPSrcIP      0
TnPPDstIP      0
TnPPerProto    0
TnPPerDport    0
avgPD          0
attack         0
dtype: int64

Head of dbaPkts Data Frame
      pkSeqID  flgs  proto  sport  ...  TnPPerProto  TnPPerDport  avgPD  attack
1374    12070     1      4  133.0  ...       220968       965050    0.0       0
1375    25176     1      4  133.0  ...       142271      1154097    0.0       0
1376    25566     1      4  133.0  ...       178007      1380563    0.0       0
1377    27533     1      4  133.0  ...       167280      1050013    0.0       0
1378    51757     1      4  133.0  ...       168450       941884    0.0       0

[5 rows x 30 columns]
Check dbaPkts Data is Clean

dbaPkts Null Values
pkSeqID        0
flgs           0
proto          0
sport          0
dport          0
pkts           0
bytes          0
state          0
seq            0
dur            0
mean           0
stddev         0
sum            0
min            0
max            0
spkts          0
dpkts          0
sbytes         0
dbytes         0
rate           0
srate          0
drate          0
TnBPsrcIP      0
TnBPDstIP      0
TnPPSrcIP      0
TnPPDstIP      0
TnPPerProto    0
TnPPerDport    0
avgPD          0
attack         0
dtype: int64

Data Features: 29 | LSTM Timesteps: 80
Create Clients: 10
Create Backdoor Sybils: 10

Number of total clients and sybils 20

Simulate Models Sent to Clients

Total time for client_1 : local training was 10.515574399993056
Total time for client_2 : local training was 11.342514300020412
Total time for client_3 : local training was 10.608159299998078
Total time for client_4 : local training was 10.455053999990923
Total time for client_5 : local training was 11.37904920001165
Total time for client_6 : local training was 10.442750399990473
Total time for client_7 : local training was 10.633307900017826
Total time for client_8 : local training was 11.317314400017494
Total time for client_9 : local training was 10.43817599999602
Total time for client_10 : local training was 10.488783100008732
Total time for client_11 : local training was 8.083709600003203
Total time for client_12 : local training was 7.2203789000050165
Total time for client_13 : local training was 7.312501200009137
Total time for client_14 : local training was 8.048139799997443
Total time for client_15 : local training was 7.178762499999721
Total time for client_16 : local training was 7.267105900013121
Total time for client_17 : local training was 8.09026939998148
Total time for client_18 : local training was 7.210753299994394
Total time for client_19 : local training was 7.303543999994872
Total time for client_20 : local training was 8.085381000011694

Total Client Grads Scaled : 20 unscaled 20

aggregate_gradients Total Client Grads: 20

TS-SS Similarity is
 [[-2.00000000e+00 -3.19452342e-01 -2.94924759e-01 -6.67255326e-01
  -2.92660510e-01 -2.35602307e-01 -5.34575420e-01 -4.78045614e-01
  -3.34914910e-01 -2.70173232e-01 -1.29872723e-02 -9.12882638e-02
   4.06365644e-02 -1.26222926e-01 -7.32551904e-02 -3.98818993e-02
   7.96744974e-03 -1.20061139e-01 -1.36618432e-01 -1.17927110e-01]
 [-3.19452342e-01 -2.00000000e+00 -2.68655119e-01 -3.37716717e-01
  -5.27541964e-01 -3.02660598e-01 -4.30133802e-01 -4.94138030e-01
  -2.75376076e-01 -5.74234413e-01  6.68724703e-01  7.51170393e-01
   8.00712163e-01  5.60539477e-01  4.99974192e-01  6.69166387e-01
   7.91676862e-01  5.59179509e-01  5.11939647e-01  5.71915347e-01]
 [-2.94924759e-01 -2.68655119e-01 -2.00000000e+00 -3.96367886e-01
  -1.08624463e-01 -4.05510264e-01 -3.35438236e-01 -3.43992323e-01
  -2.19714614e-01 -4.89177706e-01  9.26874601e-01  9.19737363e-01
   1.00000000e+00  8.03009779e-01  7.75051672e-01  9.04038493e-01
   9.53823801e-01  7.58558823e-01  7.53231406e-01  7.79526835e-01]
 [-6.67255326e-01 -3.37716717e-01 -3.96367886e-01 -2.00000000e+00
  -2.13272763e-01 -2.84383637e-01 -4.35074671e-01 -5.31820258e-01
  -4.23787370e-01 -2.83458427e-01 -5.55563231e-04 -1.27734229e-02
   8.66263244e-02 -6.85223846e-02  3.14467445e-02  1.78840592e-02
   1.87786482e-02 -9.52548285e-02 -1.03723763e-01 -6.89709632e-02]
 [-2.92660510e-01 -5.27541964e-01 -1.08624463e-01 -2.13272763e-01
  -2.00000000e+00 -2.98601718e-01 -3.98059911e-01 -4.89888949e-01
  -3.04528565e-01 -4.83694467e-01  5.95288459e-01  6.55014635e-01
   7.98348090e-01  5.29986535e-01  5.62644047e-01  6.24275273e-01
   7.17079708e-01  5.35709854e-01  5.04533461e-01  5.39435356e-01]
 [-2.35602307e-01 -3.02660598e-01 -4.05510264e-01 -2.84383637e-01
  -2.98601718e-01 -2.00000000e+00 -1.51768779e-01 -4.50803913e-01
  -3.71190684e-01 -5.07000507e-01  6.87257672e-01  7.19705292e-01
   8.41940226e-01  6.16252096e-01  5.63700476e-01  6.57324442e-01
   8.37780180e-01  6.07665811e-01  5.88158198e-01  6.02791631e-01]
 [-5.34575420e-01 -4.30133802e-01 -3.35438236e-01 -4.35074671e-01
  -3.98059911e-01 -1.51768779e-01 -2.00000000e+00 -5.10131361e-01
  -5.47070986e-01 -3.08053365e-01  1.49015482e-01  1.39985621e-01
   2.20770629e-01  6.77640595e-02  4.89597257e-02  1.65246694e-01
   2.12640749e-01  6.89492313e-02  2.17499681e-02  3.38476999e-02]
 [-4.78045614e-01 -4.94138030e-01 -3.43992323e-01 -5.31820258e-01
  -4.89888949e-01 -4.50803913e-01 -5.10131361e-01 -2.00000000e+00
  -5.03129924e-01 -5.33706522e-01  2.06072153e-01  1.67536130e-01
   2.92999693e-01  1.12204787e-01  1.68441446e-01  1.81905152e-01
   2.37919294e-01  1.10238530e-01  7.29032077e-02  1.07473700e-01]
 [-3.34914910e-01 -2.75376076e-01 -2.19714614e-01 -4.23787370e-01
  -3.04528565e-01 -3.71190684e-01 -5.47070986e-01 -5.03129924e-01
  -2.00000000e+00 -3.86742894e-01  2.67777586e-01  2.54978840e-01
   3.45398322e-01  1.93568445e-01  1.90175681e-01  2.77558613e-01
   3.01052716e-01  1.82154791e-01  1.63156205e-01  1.74826342e-01]
 [-2.70173232e-01 -5.74234413e-01 -4.89177706e-01 -2.83458427e-01
  -4.83694467e-01 -5.07000507e-01 -3.08053365e-01 -5.33706522e-01
  -3.86742894e-01 -2.00000000e+00  7.40017079e-01  7.88183576e-01
   9.22735957e-01  6.50694718e-01  5.96474982e-01  7.24986436e-01
   8.50347917e-01  6.68672794e-01  6.02775524e-01  6.67152282e-01]
 [-1.29872723e-02  6.68724703e-01  9.26874601e-01 -5.55563231e-04
   5.95288459e-01  6.87257672e-01  1.49015482e-01  2.06072153e-01
   2.67777586e-01  7.40017079e-01 -2.00000000e+00 -9.84740432e-01
  -9.79261693e-01 -9.87640584e-01 -9.78247172e-01 -9.82766358e-01
  -9.85306754e-01 -9.83149533e-01 -9.86991437e-01 -9.87356186e-01]
 [-9.12882638e-02  7.51170393e-01  9.19737363e-01 -1.27734229e-02
   6.55014635e-01  7.19705292e-01  1.39985621e-01  1.67536130e-01
   2.54978840e-01  7.88183576e-01 -9.84740432e-01 -2.00000000e+00
  -9.85614811e-01 -9.89833564e-01 -9.68547686e-01 -9.86414985e-01
  -9.89084407e-01 -9.84425361e-01 -9.88164589e-01 -9.89068347e-01]
 [ 4.06365644e-02  8.00712163e-01  1.00000000e+00  8.66263244e-02
   7.98348090e-01  8.41940226e-01  2.20770629e-01  2.92999693e-01
   3.45398322e-01  9.22735957e-01 -9.79261693e-01 -9.85614811e-01
  -2.00000000e+00 -9.84025161e-01 -9.66683392e-01 -9.81033912e-01
  -9.87543492e-01 -9.82279503e-01 -9.83073488e-01 -9.84921123e-01]
 [-1.26222926e-01  5.60539477e-01  8.03009779e-01 -6.85223846e-02
   5.29986535e-01  6.16252096e-01  6.77640595e-02  1.12204787e-01
   1.93568445e-01  6.50694718e-01 -9.87640584e-01 -9.89833564e-01
  -9.84025161e-01 -2.00000000e+00 -9.79880868e-01 -9.85395295e-01
  -9.83840804e-01 -9.93178935e-01 -9.96917244e-01 -9.96914362e-01]
 [-7.32551904e-02  4.99974192e-01  7.75051672e-01  3.14467445e-02
   5.62644047e-01  5.63700476e-01  4.89597257e-02  1.68441446e-01
   1.90175681e-01  5.96474982e-01 -9.78247172e-01 -9.68547686e-01
  -9.66683392e-01 -9.79880868e-01 -2.00000000e+00 -9.76616356e-01
  -9.68324667e-01 -9.75858412e-01 -9.83567051e-01 -9.79019388e-01]
 [-3.98818993e-02  6.69166387e-01  9.04038493e-01  1.78840592e-02
   6.24275273e-01  6.57324442e-01  1.65246694e-01  1.81905152e-01
   2.77558613e-01  7.24986436e-01 -9.82766358e-01 -9.86414985e-01
  -9.81033912e-01 -9.85395295e-01 -9.76616356e-01 -2.00000000e+00
  -9.84835097e-01 -9.84578792e-01 -9.87969974e-01 -9.86123173e-01]
 [ 7.96744974e-03  7.91676862e-01  9.53823801e-01  1.87786482e-02
   7.17079708e-01  8.37780180e-01  2.12640749e-01  2.37919294e-01
   3.01052716e-01  8.50347917e-01 -9.85306754e-01 -9.89084407e-01
  -9.87543492e-01 -9.83840804e-01 -9.68324667e-01 -9.84835097e-01
  -2.00000000e+00 -9.82669401e-01 -9.83943981e-01 -9.83305336e-01]
 [-1.20061139e-01  5.59179509e-01  7.58558823e-01 -9.52548285e-02
   5.35709854e-01  6.07665811e-01  6.89492313e-02  1.10238530e-01
   1.82154791e-01  6.68672794e-01 -9.83149533e-01 -9.84425361e-01
  -9.82279503e-01 -9.93178935e-01 -9.75858412e-01 -9.84578792e-01
  -9.82669401e-01 -2.00000000e+00 -9.94913803e-01 -9.94269403e-01]
 [-1.36618432e-01  5.11939647e-01  7.53231406e-01 -1.03723763e-01
   5.04533461e-01  5.88158198e-01  2.17499681e-02  7.29032077e-02
   1.63156205e-01  6.02775524e-01 -9.86991437e-01 -9.88164589e-01
  -9.83073488e-01 -9.96917244e-01 -9.83567051e-01 -9.87969974e-01
  -9.83943981e-01 -9.94913803e-01 -2.00000000e+00 -9.96361520e-01]
 [-1.17927110e-01  5.71915347e-01  7.79526835e-01 -6.89709632e-02
   5.39435356e-01  6.02791631e-01  3.38476999e-02  1.07473700e-01
   1.74826342e-01  6.67152282e-01 -9.87356186e-01 -9.89068347e-01
  -9.84921123e-01 -9.96914362e-01 -9.79019388e-01 -9.86123173e-01
  -9.83305336e-01 -9.94269403e-01 -9.96361520e-01 -2.00000000e+00]]

Maxsm is
 [0.04063656 0.80071216 1.         0.08662632 0.79834809 0.84194023
 0.22077063 0.29299969 0.34539832 0.92273596 0.9268746  0.91973736
 1.         0.80300978 0.77505167 0.90403849 0.9538238  0.75855882
 0.75323141 0.77952684]


TS-SS wv is [1.         0.21047435 0.         1.         0.24824698 0.0264637
 1.         1.         1.         0.         0.         0.
 0.         0.25679553 1.         0.         0.         1.
 1.         1.        ]

TS-SS wv sum weight % is
 0.4870990279479816

############################################################################################

############################################################################################

comm_round: 0 | global_acc: 59.131% | global_f1: 0.7431713373536716 | global_precision: 0.5913068021450748 | global bin 0.5913068056106567

Simulate Models Sent to Clients

Total time for client_1 : local training was 10.466909200011287
Total time for client_2 : local training was 10.294830400001956
Total time for client_3 : local training was 11.406701100000646
Total time for client_4 : local training was 10.453030400007265
Total time for client_5 : local training was 10.39577730000019
Total time for client_6 : local training was 11.347731799993198
Total time for client_7 : local training was 10.527440600009868
Total time for client_8 : local training was 10.471997899992857
Total time for client_9 : local training was 11.50473640000564
Total time for client_10 : local training was 10.32846179997432
Total time for client_11 : local training was 7.26561760000186
Total time for client_12 : local training was 8.112613100005547
Total time for client_13 : local training was 7.238780600018799
Total time for client_14 : local training was 7.363916800008155
Total time for client_15 : local training was 7.384201899985783
Total time for client_16 : local training was 8.217154399986612
Total time for client_17 : local training was 7.327695999993011
Total time for client_18 : local training was 7.265704699995695
Total time for client_19 : local training was 7.21787740002037
Total time for client_20 : local training was 7.252504400006728

Total Client Grads Scaled : 20 unscaled 20

aggregate_gradients Total Client Grads: 20

TS-SS Similarity is
 [[-2.         -0.7091877  -0.62715642 -0.36721346  0.45804249 -0.63979584
  -0.51577764 -0.58790276 -0.5786014  -0.83016937 -0.84309311 -0.84603478
  -0.83070734 -0.81708637 -0.78978811 -0.81855375 -0.84806536 -0.84896424
  -0.84998965 -0.83391622]
 [-0.7091877  -2.         -0.64496307 -0.64978683 -0.32617557 -0.62212393
  -0.61927847 -0.41384202 -0.50219028 -0.75515979 -0.86425451 -0.87536949
  -0.84257991 -0.84832999 -0.83080395 -0.85899343 -0.8794926  -0.87284422
  -0.8757661  -0.86734161]
 [-0.62715642 -0.64496307 -2.         -0.15811306  0.35324471 -0.54480955
  -0.47124415 -0.44883475 -0.3231335  -0.67474253 -0.81777228 -0.81516727
  -0.82023626 -0.8285125  -0.8337199  -0.83028996 -0.80579001 -0.82197343
  -0.80650877 -0.81850412]
 [-0.36721346 -0.64978683 -0.15811306 -2.         -0.23275718 -0.5026954
  -0.39918318  0.10352499  0.10424785 -0.56126626 -0.71636647 -0.70870605
  -0.70278106 -0.68119093 -0.66022768 -0.67836021 -0.73871589 -0.72214241
  -0.72184835 -0.7055093 ]
 [ 0.45804249 -0.32617557  0.35324471 -0.23275718 -2.          0.39895227
   0.41796467  0.99286546  1.          0.1066703  -0.02681503 -0.03446773
   0.01098937  0.06394006  0.10437177  0.01910949 -0.05699787 -0.05184969
  -0.0135549   0.01532568]
 [-0.63979584 -0.62212393 -0.54480955 -0.5026954   0.39895227 -2.
  -0.42676565 -0.41048347 -0.3737478  -0.64706604 -0.78712548 -0.79832849
  -0.79306631 -0.76952509 -0.74234445 -0.79447848 -0.81535068 -0.80874236
  -0.79845758 -0.78589607]
 [-0.51577764 -0.61927847 -0.47124415 -0.39918318  0.41796467 -0.42676565
  -2.         -0.34643755 -0.3438125  -0.71972914 -0.75534954 -0.74460524
  -0.74447987 -0.73211632 -0.6931202  -0.74053037 -0.76355355 -0.76453752
  -0.76192853 -0.74375111]
 [-0.58790276 -0.41384202 -0.44883475  0.10352499  0.99286546 -0.41048347
  -0.34643755 -2.         -0.50873741 -0.60837137 -0.76025383 -0.76280974
  -0.77235443 -0.77975435 -0.78179212 -0.77553115 -0.73870283 -0.75046289
  -0.75562273 -0.7667761 ]
 [-0.5786014  -0.50219028 -0.3231335   0.10424785  1.         -0.3737478
  -0.3438125  -0.50873741 -2.         -0.50413651 -0.65650969 -0.64401917
  -0.64685394 -0.689884   -0.67252828 -0.6865762  -0.65071104 -0.65417448
  -0.67045438 -0.6787351 ]
 [-0.83016937 -0.75515979 -0.67474253 -0.56126626  0.1066703  -0.64706604
  -0.71972914 -0.60837137 -0.50413651 -2.         -0.89083875 -0.90034297
  -0.884521   -0.87190969 -0.85865413 -0.8762678  -0.89838092 -0.89861243
  -0.89189825 -0.88570803]
 [-0.84309311 -0.86425451 -0.81777228 -0.71636647 -0.02681503 -0.78712548
  -0.75534954 -0.76025383 -0.65650969 -0.89083875 -2.         -0.99773043
  -0.99731921 -0.99729639 -0.99355168 -0.99522904 -0.99834659 -0.99866672
  -0.99873159 -0.9983585 ]
 [-0.84603478 -0.87536949 -0.81516727 -0.70870605 -0.03446773 -0.79832849
  -0.74460524 -0.76280974 -0.64401917 -0.90034297 -0.99773043 -2.
  -0.99706407 -0.99663097 -0.99179463 -0.99547816 -0.99805451 -0.99828359
  -0.99842014 -0.99792045]
 [-0.83070734 -0.84257991 -0.82023626 -0.70278106  0.01098937 -0.79306631
  -0.74447987 -0.77235443 -0.64685394 -0.884521   -0.99731921 -0.99706407
  -2.         -0.99727831 -0.9932181  -0.99617212 -0.99690125 -0.9971208
  -0.99706103 -0.99790789]
 [-0.81708637 -0.84832999 -0.8285125  -0.68119093  0.06394006 -0.76952509
  -0.73211632 -0.77975435 -0.689884   -0.87190969 -0.99729639 -0.99663097
  -0.99727831 -2.         -0.9970549  -0.99760681 -0.99650712 -0.99653541
  -0.99756973 -0.99911051]
 [-0.78978811 -0.83080395 -0.8337199  -0.66022768  0.10437177 -0.74234445
  -0.6931202  -0.78179212 -0.67252828 -0.85865413 -0.99355168 -0.99179463
  -0.9932181  -0.9970549  -2.         -0.99341192 -0.99106529 -0.99180758
  -0.99243136 -0.99535759]
 [-0.81855375 -0.85899343 -0.83028996 -0.67836021  0.01910949 -0.79447848
  -0.74053037 -0.77553115 -0.6865762  -0.8762678  -0.99522904 -0.99547816
  -0.99617212 -0.99760681 -0.99341192 -2.         -0.9953394  -0.99613529
  -0.99623376 -0.99752284]
 [-0.84806536 -0.8794926  -0.80579001 -0.73871589 -0.05699787 -0.81535068
  -0.76355355 -0.73870283 -0.65071104 -0.89838092 -0.99834659 -0.99805451
  -0.99690125 -0.99650712 -0.99106529 -0.9953394  -2.         -0.99930124
  -0.99894463 -0.99829134]
 [-0.84896424 -0.87284422 -0.82197343 -0.72214241 -0.05184969 -0.80874236
  -0.76453752 -0.75046289 -0.65417448 -0.89861243 -0.99866672 -0.99828359
  -0.9971208  -0.99653541 -0.99180758 -0.99613529 -0.99930124 -2.
  -0.99895095 -0.99830177]
 [-0.84998965 -0.8757661  -0.80650877 -0.72184835 -0.0135549  -0.79845758
  -0.76192853 -0.75562273 -0.67045438 -0.89189825 -0.99873159 -0.99842014
  -0.99706103 -0.99756973 -0.99243136 -0.99623376 -0.99894463 -0.99895095
  -2.         -0.99886813]
 [-0.83391622 -0.86734161 -0.81850412 -0.7055093   0.01532568 -0.78589607
  -0.74375111 -0.7667761  -0.6787351  -0.88570803 -0.9983585  -0.99792045
  -0.99790789 -0.99911051 -0.99535759 -0.99752284 -0.99829134 -0.99830177
  -0.99886813 -2.        ]]

Maxsm is
 [ 0.45804249 -0.32617557  0.35324471  0.10424785  1.          0.39895227
  0.41796467  0.99286546  1.          0.1066703  -0.02681503 -0.03446773
  0.01098937  0.06394006  0.10437177  0.01910949 -0.05699787 -0.05184969
 -0.0135549   0.01532568]


TS-SS wv is [1. 0. 1. 1. 0. 1. 1. 1. 0. 1. 1. 1. 1. 1. 1. 1. 1. 1. 1. 1.]

TS-SS wv sum weight % is
 0.85

CS Similarity is
 [[-1.11022302e-16  9.95583839e-01  9.94465255e-01  9.94090499e-01
   9.88858774e-01  9.94358409e-01  9.92857942e-01  9.95292356e-01
   9.94550633e-01  9.96646246e-01  9.96891460e-01  9.96919011e-01
   9.96769183e-01  9.96712847e-01  9.96444203e-01  9.96700442e-01
   9.96867731e-01  9.96940400e-01  9.96975980e-01  9.96837150e-01]
 [ 9.95583839e-01  4.44089210e-16  9.95399710e-01  9.96018026e-01
   9.93552895e-01  9.94326498e-01  9.94390741e-01  9.94464380e-01
   9.94582621e-01  9.96094676e-01  9.97747895e-01  9.97896168e-01
   9.97500634e-01  9.97720892e-01  9.97590273e-01  9.97839121e-01
   9.97879953e-01  9.97834879e-01  9.97897736e-01  9.97874950e-01]
 [ 9.94465255e-01  9.95399710e-01 -1.11022302e-16  9.93142309e-01
   9.90285472e-01  9.93893563e-01  9.93010213e-01  9.93109759e-01
   9.91188284e-01  9.95094968e-01  9.96736051e-01  9.96720985e-01
   9.96691647e-01  9.96645797e-01  9.96598135e-01  9.96711494e-01
   9.96694206e-01  9.96849141e-01  9.96603743e-01  9.96642111e-01]
 [ 9.94090499e-01  9.96018026e-01  9.93142309e-01  2.22044605e-16
   9.91127561e-01  9.94972383e-01  9.94177844e-01  9.92894258e-01
   9.92084784e-01  9.95708499e-01  9.97402332e-01  9.97303380e-01
   9.97344189e-01  9.97301916e-01  9.97234062e-01  9.97235049e-01
   9.97510997e-01  9.97410287e-01  9.97430930e-01  9.97395003e-01]
 [ 9.88858774e-01  9.93552895e-01  9.90285472e-01  9.91127561e-01
   4.44089210e-16  9.88876696e-01  9.88889944e-01  9.88401031e-01
   9.87453839e-01  9.91030573e-01  9.92201933e-01  9.92226448e-01
   9.92045161e-01  9.91911783e-01  9.91817727e-01  9.92162586e-01
   9.92250315e-01  9.92309202e-01  9.92072965e-01  9.92047269e-01]
 [ 9.94358409e-01  9.94326498e-01  9.93893563e-01  9.94972383e-01
   9.88876696e-01  2.22044605e-16  9.91904884e-01  9.93935613e-01
   9.92895754e-01  9.94381460e-01  9.96329950e-01  9.96464351e-01
   9.96481488e-01  9.96320523e-01  9.96094971e-01  9.96616129e-01
   9.96615334e-01  9.96583859e-01  9.96461125e-01  9.96405663e-01]
 [ 9.92857942e-01  9.94390741e-01  9.93010213e-01  9.94177844e-01
   9.88889944e-01  9.91904884e-01  2.22044605e-16  9.93220639e-01
   9.92479434e-01  9.95160266e-01  9.95803055e-01  9.95641662e-01
   9.95734859e-01  9.95736962e-01  9.95384405e-01  9.95806411e-01
   9.95797773e-01  9.95877457e-01  9.95864806e-01  9.95747912e-01]
 [ 9.95292356e-01  9.94464380e-01  9.93109759e-01  9.92894258e-01
   9.88401031e-01  9.93935613e-01  9.93220639e-01  8.88178420e-16
   9.92880800e-01  9.95585341e-01  9.97043989e-01  9.97099634e-01
   9.97103181e-01  9.97009452e-01  9.96893622e-01  9.96999027e-01
   9.96931225e-01  9.96985724e-01  9.97019627e-01  9.97007626e-01]
 [ 9.94550633e-01  9.94582621e-01  9.91188284e-01  9.92084784e-01
   9.87453839e-01  9.92895754e-01  9.92479434e-01  9.92880800e-01
   4.44089210e-16  9.93868953e-01  9.95236713e-01  9.95122848e-01
   9.95025587e-01  9.95320396e-01  9.94950727e-01  9.95328454e-01
   9.95329250e-01  9.95275949e-01  9.95431696e-01  9.95365636e-01]
 [ 9.96646246e-01  9.96094676e-01  9.95094968e-01  9.95708499e-01
   9.91030573e-01  9.94381460e-01  9.95160266e-01  9.95585341e-01
   9.93868953e-01  2.22044605e-16  9.97715003e-01  9.97861869e-01
   9.97668409e-01  9.97594426e-01  9.97492371e-01  9.97633200e-01
   9.97754115e-01  9.97810336e-01  9.97712628e-01  9.97705927e-01]
 [ 9.96891460e-01  9.97747895e-01  9.96736051e-01  9.97402332e-01
   9.92201933e-01  9.96329950e-01  9.95803055e-01  9.97043989e-01
   9.95236713e-01  9.97715003e-01  4.44089210e-16  9.99918812e-01
   9.99915195e-01  9.99948909e-01  9.99878396e-01  9.99879088e-01
   9.99958108e-01  9.99957434e-01  9.99956224e-01  9.99954661e-01]
 [ 9.96919011e-01  9.97896168e-01  9.96720985e-01  9.97303380e-01
   9.92226448e-01  9.96464351e-01  9.95641662e-01  9.97099634e-01
   9.95122848e-01  9.97861869e-01  9.99918812e-01  2.22044605e-16
   9.99911129e-01  9.99934811e-01  9.99841364e-01  9.99891595e-01
   9.99945058e-01  9.99940478e-01  9.99941538e-01  9.99944243e-01]
 [ 9.96769183e-01  9.97500634e-01  9.96691647e-01  9.97344189e-01
   9.92045161e-01  9.96481488e-01  9.95734859e-01  9.97103181e-01
   9.95025587e-01  9.97668409e-01  9.99915195e-01  9.99911129e-01
   4.44089210e-16  9.99931735e-01  9.99846732e-01  9.99887880e-01
   9.99928592e-01  9.99919530e-01  9.99912272e-01  9.99925216e-01]
 [ 9.96712847e-01  9.97720892e-01  9.96645797e-01  9.97301916e-01
   9.91911783e-01  9.96320523e-01  9.95736962e-01  9.97009452e-01
   9.95320396e-01  9.97594426e-01  9.99948909e-01  9.99934811e-01
   9.99931735e-01 -1.11022302e-16  9.99915236e-01  9.99916390e-01
   9.99955704e-01  9.99939182e-01  9.99962093e-01  9.99983427e-01]
 [ 9.96444203e-01  9.97590273e-01  9.96598135e-01  9.97234062e-01
   9.91817727e-01  9.96094971e-01  9.95384405e-01  9.96893622e-01
   9.94950727e-01  9.97492371e-01  9.99878396e-01  9.99841364e-01
   9.99846732e-01  9.99915236e-01  2.22044605e-16  9.99814262e-01
   9.99857304e-01  9.99851228e-01  9.99858831e-01  9.99897740e-01]
 [ 9.96700442e-01  9.97839121e-01  9.96711494e-01  9.97235049e-01
   9.92162586e-01  9.96616129e-01  9.95806411e-01  9.96999027e-01
   9.95328454e-01  9.97633200e-01  9.99879088e-01  9.99891595e-01
   9.99887880e-01  9.99916390e-01  9.99814262e-01  2.22044605e-16
   9.99914735e-01  9.99918445e-01  9.99915332e-01  9.99926939e-01]
 [ 9.96867731e-01  9.97879953e-01  9.96694206e-01  9.97510997e-01
   9.92250315e-01  9.96615334e-01  9.95797773e-01  9.96931225e-01
   9.95329250e-01  9.97754115e-01  9.99958108e-01  9.99945058e-01
   9.99928592e-01  9.99955704e-01  9.99857304e-01  9.99914735e-01
   2.22044605e-16  9.99981457e-01  9.99972950e-01  9.99973126e-01]
 [ 9.96940400e-01  9.97834879e-01  9.96849141e-01  9.97410287e-01
   9.92309202e-01  9.96583859e-01  9.95877457e-01  9.96985724e-01
   9.95275949e-01  9.97810336e-01  9.99957434e-01  9.99940478e-01
   9.99919530e-01  9.99939182e-01  9.99851228e-01  9.99918445e-01
   9.99981457e-01  2.22044605e-16  9.99963735e-01  9.99961396e-01]
 [ 9.96975980e-01  9.97897736e-01  9.96603743e-01  9.97430930e-01
   9.92072965e-01  9.96461125e-01  9.95864806e-01  9.97019627e-01
   9.95431696e-01  9.97712628e-01  9.99956224e-01  9.99941538e-01
   9.99912272e-01  9.99962093e-01  9.99858831e-01  9.99915332e-01
   9.99972950e-01  9.99963735e-01  2.22044605e-16  9.99974808e-01]
 [ 9.96837150e-01  9.97874950e-01  9.96642111e-01  9.97395003e-01
   9.92047269e-01  9.96405663e-01  9.95747912e-01  9.97007626e-01
   9.95365636e-01  9.97705927e-01  9.99954661e-01  9.99944243e-01
   9.99925216e-01  9.99983427e-01  9.99897740e-01  9.99926939e-01
   9.99973126e-01  9.99961396e-01  9.99974808e-01  6.66133815e-16]]

Maxcs is 
 [0.99697598 0.99789774 0.99684914 0.997511   0.9935529  0.99661613
 0.99587746 0.99710318 0.9954317  0.99786187 0.99995811 0.99994506
 0.99993173 0.99998343 0.99991524 0.99992694 0.99998146 0.99998146
 0.99997481 0.99998343]

FG wv is [0.06713409 0.         0.59651782 0.11721566 1.         0.69881176
 1.         0.24658982 1.         0.         0.         0.
 0.         0.         0.         0.         0.         0.
 0.         0.        ]

FG wv sum weight % is 0.23631345706938262

############################################################################################

############################################################################################

comm_round: 1 | global_acc: 59.131% | global_f1: 0.7431713373536716 | global_precision: 0.5913068021450748 | global bin 0.5913068056106567

Simulate Models Sent to Clients

Total time for client_1 : local training was 10.42104460002156
Total time for client_2 : local training was 11.418332900007954
Total time for client_3 : local training was 10.334172000002582
Total time for client_4 : local training was 10.38607380000758
Total time for client_5 : local training was 11.207103799999459
Total time for client_6 : local training was 10.50642119999975
Total time for client_7 : local training was 10.438169800007017
Total time for client_8 : local training was 11.26905010000337
Total time for client_9 : local training was 10.359909899998456
Total time for client_10 : local training was 10.520939899986843
Total time for client_11 : local training was 8.054688300006092
Total time for client_12 : local training was 7.181506399996579
Total time for client_13 : local training was 7.326571099983994
Total time for client_14 : local training was 8.04891419998603
Total time for client_15 : local training was 7.205323200003477
Total time for client_16 : local training was 7.268843000027118
Total time for client_17 : local training was 8.096396799985087
Total time for client_18 : local training was 7.222814499982633
Total time for client_19 : local training was 7.229017700010445
Total time for client_20 : local training was 7.989681700011715

Total Client Grads Scaled : 20 unscaled 20

aggregate_gradients Total Client Grads: 20

TS-SS Similarity is
 [[-2.00000000e+00 -4.78813239e-01  1.00000000e+00 -4.94557779e-01
  -2.23757974e-01 -3.17919184e-01 -4.87573371e-01 -3.07342638e-01
  -5.49913485e-01 -6.16384582e-01  8.64563971e-02  8.97689401e-02
   1.84168014e-02  8.25099459e-02  5.84059527e-02  2.28651454e-01
   2.61242538e-02  2.18408146e-02  8.02806719e-02  6.72253371e-02]
 [-4.78813239e-01 -2.00000000e+00  5.42541508e-01 -5.73137340e-01
  -7.99120453e-01 -6.61425441e-01 -7.77528779e-01 -6.22530172e-01
  -7.88661033e-01 -6.98350602e-01 -3.56746900e-01 -3.54112358e-01
  -4.21768566e-01 -3.76532964e-01 -3.61894853e-01 -2.49253763e-01
  -4.16733158e-01 -4.44437432e-01 -3.91651798e-01 -3.67232123e-01]
 [ 1.00000000e+00  5.42541508e-01 -2.00000000e+00 -3.44194839e-04
   1.00551971e-01 -3.04500156e-01  4.45303146e-01 -3.65170288e-01
   2.97006423e-01 -1.26869366e-01 -8.31797245e-01 -8.38861082e-01
  -8.18443543e-01 -8.38005135e-01 -8.26674863e-01 -8.38589845e-01
  -8.21185967e-01 -8.21512133e-01 -8.29733420e-01 -8.28697214e-01]
 [-4.94557779e-01 -5.73137340e-01 -3.44194839e-04 -2.00000000e+00
  -6.64764686e-01 -7.81123854e-01 -8.20712496e-01 -7.06226783e-01
  -7.84987648e-01 -8.26329316e-01 -5.18126910e-01 -5.22289755e-01
  -5.65981445e-01 -5.18025116e-01 -5.43340456e-01 -4.44805860e-01
  -5.67226210e-01 -5.69142728e-01 -5.29782696e-01 -5.38058950e-01]
 [-2.23757974e-01 -7.99120453e-01  1.00551971e-01 -6.64764686e-01
  -2.00000000e+00 -7.69614591e-01 -8.10647944e-01 -7.85314103e-01
  -7.54239415e-01 -8.17179355e-01 -5.40863477e-01 -5.53250110e-01
  -6.02653048e-01 -5.59194690e-01 -5.50361175e-01 -4.82004577e-01
  -6.09190088e-01 -6.18587251e-01 -5.72354335e-01 -5.58221738e-01]
 [-3.17919184e-01 -6.61425441e-01 -3.04500156e-01 -7.81123854e-01
  -7.69614591e-01 -2.00000000e+00 -7.69041189e-01 -8.97530427e-01
  -7.56181846e-01 -8.93834011e-01 -7.90907011e-01 -7.87023886e-01
  -8.11789879e-01 -7.90984206e-01 -7.96814215e-01 -7.47869682e-01
  -8.19798661e-01 -8.18654126e-01 -7.99734643e-01 -7.87667263e-01]
 [-4.87573371e-01 -7.77528779e-01  4.45303146e-01 -8.20712496e-01
  -8.10647944e-01 -7.69041189e-01 -2.00000000e+00 -7.07294146e-01
  -8.26588086e-01 -7.66399333e-01 -4.98359110e-01 -4.99237010e-01
  -5.44694960e-01 -5.04254849e-01 -5.25360991e-01 -4.28583653e-01
  -5.51452081e-01 -5.62617359e-01 -5.18081264e-01 -5.16787207e-01]
 [-3.07342638e-01 -6.22530172e-01 -3.65170288e-01 -7.06226783e-01
  -7.85314103e-01 -8.97530427e-01 -7.07294146e-01 -2.00000000e+00
  -7.59759680e-01 -8.91054741e-01 -8.21948891e-01 -8.16940286e-01
  -8.41387834e-01 -8.17145522e-01 -8.30201998e-01 -7.77649651e-01
  -8.44032512e-01 -8.44114208e-01 -8.21158160e-01 -8.23240179e-01]
 [-5.49913485e-01 -7.88661033e-01  2.97006423e-01 -7.84987648e-01
  -7.54239415e-01 -7.56181846e-01 -8.26588086e-01 -7.59759680e-01
  -2.00000000e+00 -7.67740798e-01 -4.29547483e-01 -4.18419733e-01
  -4.79314078e-01 -4.27773656e-01 -4.36331538e-01 -3.26387112e-01
  -4.83797687e-01 -4.89211794e-01 -4.45931625e-01 -4.33302345e-01]
 [-6.16384582e-01 -6.98350602e-01 -1.26869366e-01 -8.26329316e-01
  -8.17179355e-01 -8.93834011e-01 -7.66399333e-01 -8.91054741e-01
  -7.67740798e-01 -2.00000000e+00 -7.43933776e-01 -7.42019349e-01
  -7.72483335e-01 -7.50182809e-01 -7.51332224e-01 -6.88920854e-01
  -7.72213656e-01 -7.73135026e-01 -7.43526207e-01 -7.46858929e-01]
 [ 8.64563971e-02 -3.56746900e-01 -8.31797245e-01 -5.18126910e-01
  -5.40863477e-01 -7.90907011e-01 -4.98359110e-01 -8.21948891e-01
  -4.29547483e-01 -7.43933776e-01 -2.00000000e+00 -9.99273048e-01
  -9.98550552e-01 -9.99129419e-01 -9.98967996e-01 -9.97784242e-01
  -9.98344200e-01 -9.98403935e-01 -9.98786280e-01 -9.98894256e-01]
 [ 8.97689401e-02 -3.54112358e-01 -8.38861082e-01 -5.22289755e-01
  -5.53250110e-01 -7.87023886e-01 -4.99237010e-01 -8.16940286e-01
  -4.18419733e-01 -7.42019349e-01 -9.99273048e-01 -2.00000000e+00
  -9.99404316e-01 -9.99692892e-01 -9.99559989e-01 -9.98434112e-01
  -9.99258942e-01 -9.99225255e-01 -9.99366519e-01 -9.99465353e-01]
 [ 1.84168014e-02 -4.21768566e-01 -8.18443543e-01 -5.65981445e-01
  -6.02653048e-01 -8.11789879e-01 -5.44694960e-01 -8.41387834e-01
  -4.79314078e-01 -7.72483335e-01 -9.98550552e-01 -9.99404316e-01
  -2.00000000e+00 -9.99055799e-01 -9.99037288e-01 -9.96555243e-01
  -9.99673435e-01 -9.99689121e-01 -9.99156413e-01 -9.99087374e-01]
 [ 8.25099459e-02 -3.76532964e-01 -8.38005135e-01 -5.18025116e-01
  -5.59194690e-01 -7.90984206e-01 -5.04254849e-01 -8.17145522e-01
  -4.27773656e-01 -7.50182809e-01 -9.99129419e-01 -9.99692892e-01
  -9.99055799e-01 -2.00000000e+00 -9.99277628e-01 -9.97585934e-01
  -9.99061997e-01 -9.99195188e-01 -9.99275189e-01 -9.99133343e-01]
 [ 5.84059527e-02 -3.61894853e-01 -8.26674863e-01 -5.43340456e-01
  -5.50361175e-01 -7.96814215e-01 -5.25360991e-01 -8.30201998e-01
  -4.36331538e-01 -7.51332224e-01 -9.98967996e-01 -9.99559989e-01
  -9.99037288e-01 -9.99277628e-01 -2.00000000e+00 -9.97732823e-01
  -9.99054757e-01 -9.98929504e-01 -9.98983116e-01 -9.99521022e-01]
 [ 2.28651454e-01 -2.49253763e-01 -8.38589845e-01 -4.44805860e-01
  -4.82004577e-01 -7.47869682e-01 -4.28583653e-01 -7.77649651e-01
  -3.26387112e-01 -6.88920854e-01 -9.97784242e-01 -9.98434112e-01
  -9.96555243e-01 -9.97585934e-01 -9.97732823e-01 -2.00000000e+00
  -9.96390186e-01 -9.96075102e-01 -9.97110316e-01 -9.97681937e-01]
 [ 2.61242538e-02 -4.16733158e-01 -8.21185967e-01 -5.67226210e-01
  -6.09190088e-01 -8.19798661e-01 -5.51452081e-01 -8.44032512e-01
  -4.83797687e-01 -7.72213656e-01 -9.98344200e-01 -9.99258942e-01
  -9.99673435e-01 -9.99061997e-01 -9.99054757e-01 -9.96390186e-01
  -2.00000000e+00 -9.99762473e-01 -9.98964863e-01 -9.99040853e-01]
 [ 2.18408146e-02 -4.44437432e-01 -8.21512133e-01 -5.69142728e-01
  -6.18587251e-01 -8.18654126e-01 -5.62617359e-01 -8.44114208e-01
  -4.89211794e-01 -7.73135026e-01 -9.98403935e-01 -9.99225255e-01
  -9.99689121e-01 -9.99195188e-01 -9.98929504e-01 -9.96075102e-01
  -9.99762473e-01 -2.00000000e+00 -9.99116036e-01 -9.98924239e-01]
 [ 8.02806719e-02 -3.91651798e-01 -8.29733420e-01 -5.29782696e-01
  -5.72354335e-01 -7.99734643e-01 -5.18081264e-01 -8.21158160e-01
  -4.45931625e-01 -7.43526207e-01 -9.98786280e-01 -9.99366519e-01
  -9.99156413e-01 -9.99275189e-01 -9.98983116e-01 -9.97110316e-01
  -9.98964863e-01 -9.99116036e-01 -2.00000000e+00 -9.99059066e-01]
 [ 6.72253371e-02 -3.67232123e-01 -8.28697214e-01 -5.38058950e-01
  -5.58221738e-01 -7.87667263e-01 -5.16787207e-01 -8.23240179e-01
  -4.33302345e-01 -7.46858929e-01 -9.98894256e-01 -9.99465353e-01
  -9.99087374e-01 -9.99133343e-01 -9.99521022e-01 -9.97681937e-01
  -9.99040853e-01 -9.98924239e-01 -9.99059066e-01 -2.00000000e+00]]

Maxsm is
 [ 1.00000000e+00  5.42541508e-01  1.00000000e+00 -3.44194839e-04
  1.00551971e-01 -3.04500156e-01  4.45303146e-01 -3.07342638e-01
  2.97006423e-01 -1.26869366e-01  8.64563971e-02  8.97689401e-02
  1.84168014e-02  8.25099459e-02  5.84059527e-02  2.28651454e-01
  2.61242538e-02  2.18408146e-02  8.02806719e-02  6.72253371e-02]


TS-SS wv is [0. 1. 0. 1. 1. 0. 1. 0. 1. 1. 1. 1. 1. 1. 1. 1. 1. 1. 1. 1.]

TS-SS wv sum weight % is
 0.8

CS Similarity is
 [[ 2.22044605e-16  9.79968240e-01  9.69063027e-01  9.83261973e-01
   9.76268997e-01  9.80955560e-01  9.82127481e-01  9.81916650e-01
   9.83007905e-01  9.87332738e-01  9.82418856e-01  9.82271184e-01
   9.82819145e-01  9.82344935e-01  9.82688721e-01  9.80767646e-01
   9.82577366e-01  9.82640628e-01  9.82232245e-01  9.82504685e-01]
 [ 9.79968240e-01 -2.22044605e-16  9.73216710e-01  9.83685079e-01
   9.90272726e-01  9.87916758e-01  9.89250146e-01  9.87858275e-01
   9.89024767e-01  9.88221589e-01  9.88735190e-01  9.88598110e-01
   9.89417913e-01  9.89019326e-01  9.88654879e-01  9.87208072e-01
   9.89213213e-01  9.89803884e-01  9.89201842e-01  9.88735521e-01]
