Starting Machine:
Loading Data...

Data Distributions:
normal (0) abnormal(1)
attack
0     9490
1    14400
dtype: int64
Data Proto Distributions:
normal (0) abnormal(1)
proto
arp            467
icmp            12
igmp             2
ipv6-icmp       88
rarp             1
tcp           8447
udp          14873
dtype: int64

Pre-Processing DataHead of Data Frame
   pkSeqID  flgs  proto  sport  ...  TnPPerProto  TnPPerDport      avgPD  attack
0     4340     1      2    0.0  ...      5525931      1322674  10.933030       0
1    24313     1      2    0.0  ...      4994350      1045163  10.965459       0
2    29744     1      2    0.0  ...      4407386      1131789  11.010636       0
3    65173     1      2    0.0  ...      4472728       972058  11.960652       0
4    93800     1      2    0.0  ...      3608282       845792  12.280588       0

[5 rows x 30 columns]
Check Data is CleanNull ValuespkSeqID        0
flgs           0
proto          0
sport          0
dport          0
pkts           0
bytes          0
state          0
seq            0
dur            0
mean           0
stddev         0
sum            0
min            0
max            0
spkts          0
dpkts          0
sbytes         0
dbytes         0
rate           0
srate          0
drate          0
TnBPsrcIP      0
TnBPDstIP      0
TnPPSrcIP      0
TnPPDstIP      0
TnPPerProto    0
TnPPerDport    0
avgPD          0
attack         0
dtype: int64

Backdooring DoS / DDoS, proto : TCP, pkts : 1, dport: 80, bytes >= 201 size of df is 12720

DBA DoS / DDoS, proto : TCP, pkts : 1, dport: 80, bytes >= 201 size of proto is 253410 : pkts : 32490 : dport : 462810 : bytes : 716700

Head of Poison Data Frame
       pkSeqID  flgs  proto    sport  ...  TnPPerProto  TnPPerDport  avgPD  attack
9511  11328126     1      2  10080.0  ...        46388        81338    0.0       0
9540  53563130     1      2  10350.0  ...        22949        25569    0.0       0
9555  39790096     1      2  10446.0  ...        11813        37974    0.0       0
9574  46379101     1      2   1057.0  ...        19113        31594    0.0       0
9616   8058153     1      2  10855.0  ...        43629        83238    0.0       0

[5 rows x 30 columns]
Check Poison Data is Clean
Poison Null ValuespkSeqID        0
flgs           0
proto          0
sport          0
dport          0
pkts           0
bytes          0
state          0
seq            0
dur            0
mean           0
stddev         0
sum            0
min            0
max            0
spkts          0
dpkts          0
sbytes         0
dbytes         0
rate           0
srate          0
drate          0
TnBPsrcIP      0
TnBPDstIP      0
TnPPSrcIP      0
TnPPDstIP      0
TnPPerProto    0
TnPPerDport    0
avgPD          0
attack         0
dtype: int64

Head of dbaProto Data Frame
   pkSeqID  flgs  proto  sport  ...  TnPPerProto  TnPPerDport      avgPD  attack
0     4340     1      2    0.0  ...      5525931      1322674  10.933030       0
1    24313     1      2    0.0  ...      4994350      1045163  10.965459       0
2    29744     1      2    0.0  ...      4407386      1131789  11.010636       0
3    65173     1      2    0.0  ...      4472728       972058  11.960652       0
4    93800     1      2    0.0  ...      3608282       845792  12.280588       0

[5 rows x 30 columns]
Check dbaProto Data is CleandbaProto Null ValuespkSeqID        0
flgs           0
proto          0
sport          0
dport          0
pkts           0
bytes          0
state          0
seq            0
dur            0
mean           0
stddev         0
sum            0
min            0
max            0
spkts          0
dpkts          0
sbytes         0
dbytes         0
rate           0
srate          0
drate          0
TnBPsrcIP      0
TnBPDstIP      0
TnPPSrcIP      0
TnPPDstIP      0
TnPPerProto    0
TnPPerDport    0
avgPD          0
attack         0
dtype: int64

Head of dbaDport Data Frame
     pkSeqID  flgs  proto  sport  ...  TnPPerProto  TnPPerDport      avgPD  attack
326     4335     1      1   80.0  ...     11859844      4284267  17.634145       0
327     4336     1      2   80.0  ...      6064055      3985226  17.889824       0
328     4337     1      2   80.0  ...      6425553      4066934   5.963981       0
331    24317     1      2   80.0  ...      5326760      4130150   5.981577       0
332    24334     1      1   80.0  ...     12249365      4486587  17.943359       0

[5 rows x 30 columns]
Check dbaDport Data is Clean

dbaDport Null Values
pkSeqID        0
flgs           0
proto          0
sport          0
dport          0
pkts           0
bytes          0
state          0
seq            0
dur            0
mean           0
stddev         0
sum            0
min            0
max            0
spkts          0
dpkts          0
sbytes         0
dbytes         0
rate           0
srate          0
drate          0
TnBPsrcIP      0
TnBPDstIP      0
TnPPSrcIP      0
TnPPDstIP      0
TnPPerProto    0
TnPPerDport    0
avgPD          0
attack         0
dtype: int64

Head of dbaBytes Data Frame
   pkSeqID  flgs  proto  sport  ...  TnPPerProto  TnPPerDport      avgPD  attack
0     4340     1      2    0.0  ...      5525931      1322674  10.933030       0
1    24313     1      2    0.0  ...      4994350      1045163  10.965459       0
2    29744     1      2    0.0  ...      4407386      1131789  11.010636       0
3    65173     1      2    0.0  ...      4472728       972058  11.960652       0
4    93800     1      2    0.0  ...      3608282       845792  12.280588       0

[5 rows x 30 columns]
Check dbaBytes Data is Clean

dbaBytes Null Values
pkSeqID        0
flgs           0
proto          0
sport          0
dport          0
pkts           0
bytes          0
state          0
seq            0
dur            0
mean           0
stddev         0
sum            0
min            0
max            0
spkts          0
dpkts          0
sbytes         0
dbytes         0
rate           0
srate          0
drate          0
TnBPsrcIP      0
TnBPDstIP      0
TnPPSrcIP      0
TnPPDstIP      0
TnPPerProto    0
TnPPerDport    0
avgPD          0
attack         0
dtype: int64

Head of dbaPkts Data Frame
      pkSeqID  flgs  proto  sport  ...  TnPPerProto  TnPPerDport  avgPD  attack
1374    12070     1      4  133.0  ...       220968       965050    0.0       0
1375    25176     1      4  133.0  ...       142271      1154097    0.0       0
1376    25566     1      4  133.0  ...       178007      1380563    0.0       0
1377    27533     1      4  133.0  ...       167280      1050013    0.0       0
1378    51757     1      4  133.0  ...       168450       941884    0.0       0

[5 rows x 30 columns]
Check dbaPkts Data is Clean

dbaPkts Null Values
pkSeqID        0
flgs           0
proto          0
sport          0
dport          0
pkts           0
bytes          0
state          0
seq            0
dur            0
mean           0
stddev         0
sum            0
min            0
max            0
spkts          0
dpkts          0
sbytes         0
dbytes         0
rate           0
srate          0
drate          0
TnBPsrcIP      0
TnBPDstIP      0
TnPPSrcIP      0
TnPPDstIP      0
TnPPerProto    0
TnPPerDport    0
avgPD          0
attack         0
dtype: int64

Data Features: 29 | LSTM Timesteps: 80
Create Clients: 10

Create DBA Sybils 5

Create Proto DBA Sybils: 5

Create Pkts DBA Sybils: 5

Create Dport DBA Sybils: 5

Create Bytes DBA Sybils: 5

Number of total clients and sybils 30

Simulate Models Sent to Clients

Total time for client_1 : local training was 11.65821429999778
Total time for client_2 : local training was 10.299624699997366
Total time for client_3 : local training was 10.254543800008832
Total time for client_4 : local training was 10.717829900007928
Total time for client_5 : local training was 10.55930310000258
Total time for client_6 : local training was 10.432300200001919
Total time for client_7 : local training was 10.519486200006213
Total time for client_8 : local training was 10.60977309998998
Total time for client_9 : local training was 10.301710499988985
Total time for client_10 : local training was 10.300443700005417
Total time for client_11 : local training was 9.709968300012406
Total time for client_12 : local training was 9.556612099986523
Total time for client_13 : local training was 9.59127200000512
Total time for client_14 : local training was 9.486200399987865
Total time for client_15 : local training was 9.569992499993532
Total time for client_16 : local training was 7.799404200006393
Total time for client_17 : local training was 7.792997099997592
Total time for client_18 : local training was 7.685758799998439
Total time for client_19 : local training was 7.982665699993959
Total time for client_20 : local training was 7.884480199994869
Total time for client_21 : local training was 11.260957500009681
Total time for client_22 : local training was 11.229781400004867
Total time for client_23 : local training was 11.01351550000254
Total time for client_24 : local training was 10.96109389999765
Total time for client_25 : local training was 11.028885100007756
Total time for client_26 : local training was 13.432434200003627
Total time for client_27 : local training was 13.450335300003644
Total time for client_28 : local training was 13.506865899995319
Total time for client_29 : local training was 13.164066800003638
Total time for client_30 : local training was 13.157200300003751

Total Client Grads Scaled : 30 unscaled 30

aggregate_gradients Total Client Grads: 30

TS-SS Similarity is
 [[-2.         -0.8705396  -0.8338643  -0.79246744 -0.8992629  -0.8775842
  -0.91440489 -0.8821169  -0.83739617 -0.8566778  -0.87471179 -0.89387592
  -0.85019641 -0.84718721 -0.83656531 -0.69197811 -0.8061622  -0.75967682
  -0.70850456 -0.78105419 -0.84559315 -0.86698456 -0.820605   -0.86921869
  -0.85298912  0.27712452 -0.31526353 -0.75746068  0.74636436 -0.83468388]
 [-0.8705396  -2.         -0.81241194 -0.8272333  -0.83070061 -0.87090346
  -0.84758872 -0.76920413 -0.82633142 -0.88451923 -0.81235719 -0.87550158
  -0.81140774 -0.88110833 -0.80336439 -0.61498427 -0.76816102 -0.71087681
  -0.70324646 -0.73086342 -0.7919945  -0.77295647 -0.771885   -0.88195491
  -0.81691152  0.0411475  -0.37204175 -0.78768598  0.36518061 -0.77489178]
 [-0.8338643  -0.81241194 -2.         -0.82391755 -0.84730895 -0.86061916
  -0.78838482 -0.83030585 -0.91283079 -0.84818254 -0.8559615  -0.89260403
  -0.83565394 -0.87565931 -0.88541199 -0.75563049 -0.84391458 -0.80335606
  -0.80645777 -0.83141778 -0.71559357 -0.75503611 -0.83046759 -0.79406705
  -0.77593176 -0.07420948 -0.40206139 -0.74575095  0.46383724 -0.77436899]
 [-0.79246744 -0.8272333  -0.82391755 -2.         -0.84814573 -0.75594188
  -0.75325836 -0.81912332 -0.84609875 -0.8191243  -0.80754168 -0.87041759
  -0.86558564 -0.87548429 -0.81398537 -0.72293567 -0.8116303  -0.76281684
  -0.78206142 -0.77843437 -0.73493468 -0.71336011 -0.81696652 -0.81583677
  -0.6965094  -0.04207025 -0.44650356 -0.73047054  0.08233758 -0.73343407]
 [-0.8992629  -0.83070061 -0.84730895 -0.84814573 -2.         -0.80409038
  -0.81061307 -0.87039306 -0.82574187 -0.85396559 -0.83064158 -0.89819231
  -0.82015502 -0.87404816 -0.85137848 -0.70374232 -0.79042139 -0.79214086
  -0.75087967 -0.78166973 -0.76355391 -0.76895204 -0.77533786 -0.85226766
  -0.8063711  -0.06016543 -0.44254544 -0.71579695  0.34961744 -0.81659439]
 [-0.8775842  -0.87090346 -0.86061916 -0.75594188 -0.80409038 -2.
  -0.81518217 -0.75832669 -0.79929182 -0.84856981 -0.81568108 -0.83361268
  -0.79686268 -0.80048631 -0.81286973 -0.60008653 -0.75858225 -0.65524421
  -0.65569989 -0.72553674 -0.75570021 -0.81540882 -0.74421176 -0.80669854
  -0.79122573  0.19474852 -0.27047169 -0.69793088  0.73684786 -0.80235981]
 [-0.91440489 -0.84758872 -0.78838482 -0.75325836 -0.81061307 -0.81518217
  -2.         -0.83376464 -0.84663137 -0.85583873 -0.83438507 -0.87579582
  -0.78912246 -0.8226551  -0.83512433 -0.65023081 -0.75238938 -0.70519944
  -0.67669085 -0.69918434 -0.78787675 -0.84272573 -0.79018776 -0.85803745
  -0.87511206  0.28989322 -0.12368033 -0.72622069  0.70907601 -0.80635762]
 [-0.8821169  -0.76920413 -0.83030585 -0.81912332 -0.87039306 -0.75832669
  -0.83376464 -2.         -0.85572897 -0.83303023 -0.8560436  -0.88692924
  -0.83439558 -0.84945729 -0.83370779 -0.75714404 -0.80774371 -0.80325428
  -0.7464263  -0.79594489 -0.77479025 -0.77901823 -0.85924056 -0.81566859
  -0.77702514  0.16156722 -0.33333526 -0.68699731  0.54102855 -0.77103181]
 [-0.83739617 -0.82633142 -0.91283079 -0.84609875 -0.82574187 -0.79929182
  -0.84663137 -0.85572897 -2.         -0.84317509 -0.89076401 -0.89936754
  -0.84498716 -0.87285913 -0.87250497 -0.76321099 -0.86466369 -0.7984004
  -0.81569643 -0.83244967 -0.74669039 -0.7206539  -0.82886972 -0.82738928
  -0.76754777 -0.03560838 -0.47125685 -0.65579865  0.36623886 -0.73795111]
 [-0.8566778  -0.88451923 -0.84818254 -0.8191243  -0.85396559 -0.84856981
  -0.85583873 -0.83303023 -0.84317509 -2.         -0.85668415 -0.89534041
  -0.84063976 -0.84628558 -0.85805564 -0.71078838 -0.80526533 -0.77031194
  -0.76119329 -0.79270886 -0.74913842 -0.83004475 -0.80022003 -0.86949759
  -0.79693003 -0.03391249 -0.36613819 -0.7135477   0.53839539 -0.79852248]
 [-0.87471179 -0.81235719 -0.8559615  -0.80754168 -0.83064158 -0.81568108
  -0.83438507 -0.8560436  -0.89076401 -0.85668415 -2.         -0.89560912
  -0.89048068 -0.89383296 -0.93056727 -0.82416751 -0.9083827  -0.85726322
  -0.85373912 -0.8852661  -0.72887065 -0.74776837 -0.88000136 -0.76830858
  -0.83587299  0.02771847 -0.51172785 -0.60816268  0.21739938 -0.80490743]
 [-0.89387592 -0.87550158 -0.89260403 -0.87041759 -0.89819231 -0.83361268
  -0.87579582 -0.88692924 -0.89936754 -0.89534041 -0.89560912 -2.
  -0.89408918 -0.91380451 -0.89124568 -0.80252726 -0.87069308 -0.85623477
  -0.84323068 -0.8639292  -0.77329845 -0.78673634 -0.85242179 -0.84244346
  -0.83365536  0.01602846 -0.43559555 -0.74011793  0.29967714 -0.80089475]
 [-0.85019641 -0.81140774 -0.83565394 -0.86558564 -0.82015502 -0.79686268
  -0.78912246 -0.83439558 -0.84498716 -0.84063976 -0.89048068 -0.89408918
  -2.         -0.88704344 -0.86944598 -0.7479414  -0.83688412 -0.76358788
  -0.80819423 -0.80490378 -0.77320037 -0.81946107 -0.87345785 -0.76498821
  -0.73216738  0.12907124 -0.40749986 -0.70458959  0.24595556 -0.75598344]
 [-0.84718721 -0.88110833 -0.87565931 -0.87548429 -0.87404816 -0.80048631
  -0.8226551  -0.84945729 -0.87285913 -0.84628558 -0.89383296 -0.91380451
  -0.88704344 -2.         -0.89418431 -0.80012296 -0.88058402 -0.84007915
  -0.83354186 -0.85386705 -0.73796946 -0.72262132 -0.83216592 -0.84331396
  -0.79494888 -0.26910381 -0.48897881 -0.77114829  0.13468304 -0.76791434]
 [-0.83656531 -0.80336439 -0.88541199 -0.81398537 -0.85137848 -0.81286973
  -0.83512433 -0.83370779 -0.87250497 -0.85805564 -0.93056727 -0.89124568
  -0.86944598 -0.89418431 -2.         -0.80974634 -0.89768484 -0.87392349
  -0.86485579 -0.88332166 -0.70800029 -0.75461194 -0.85492916 -0.81651131
  -0.75728359 -0.03993117 -0.43123648 -0.68919085  0.16240031 -0.82826755]
 [-0.69197811 -0.61498427 -0.75563049 -0.72293567 -0.70374232 -0.60008653
  -0.65023081 -0.75714404 -0.76321099 -0.71078838 -0.82416751 -0.80252726
  -0.7479414  -0.80012296 -0.80974634 -2.         -0.95703306 -0.97404587
  -0.96861785 -0.97508848 -0.43450671 -0.51745733 -0.80920163 -0.60089254
  -0.618254   -0.48382285 -0.58108752 -0.40498693 -0.31232046 -0.63034229]
 [-0.8061622  -0.76816102 -0.84391458 -0.8116303  -0.79042139 -0.75858225
  -0.75238938 -0.80774371 -0.86466369 -0.80526533 -0.9083827  -0.87069308
  -0.83688412 -0.88058402 -0.89768484 -0.95703306 -2.         -0.96545661
  -0.97110454 -0.98821401 -0.62754513 -0.67262282 -0.82392226 -0.71921613
  -0.66227221 -0.45409842 -0.67182202 -0.56899227 -0.20002074 -0.68253033]
 [-0.75967682 -0.71087681 -0.80335606 -0.76281684 -0.79214086 -0.65524421
  -0.70519944 -0.80325428 -0.7984004  -0.77031194 -0.85726322 -0.85623477
  -0.76358788 -0.84007915 -0.87392349 -0.97404587 -0.96545661 -2.
  -0.97010376 -0.98133981 -0.52360562 -0.59248093 -0.8358156  -0.72972005
  -0.64987297 -0.40762332 -0.62413275 -0.5075956  -0.21161579 -0.71080145]
 [-0.70850456 -0.70324646 -0.80645777 -0.78206142 -0.75087967 -0.65569989
  -0.67669085 -0.7464263  -0.81569643 -0.76119329 -0.85373912 -0.84323068
  -0.80819423 -0.83354186 -0.86485579 -0.96861785 -0.97110454 -0.97010376
  -2.         -0.97955202 -0.55973477 -0.58080173 -0.80484141 -0.67719085
  -0.63610696 -0.47763174 -0.63171362 -0.50967813 -0.29461384 -0.66645734]
 [-0.78105419 -0.73086342 -0.83141778 -0.77843437 -0.78166973 -0.72553674
  -0.69918434 -0.79594489 -0.83244967 -0.79270886 -0.8852661  -0.8639292
  -0.80490378 -0.85386705 -0.88332166 -0.97508848 -0.98821401 -0.98133981
  -0.97955202 -2.         -0.57474139 -0.63799808 -0.8342476  -0.71011268
  -0.66891353 -0.43128393 -0.61021433 -0.52537202 -0.17250296 -0.68557226]
 [-0.84559315 -0.7919945  -0.71559357 -0.73493468 -0.76355391 -0.75570021
  -0.78787675 -0.77479025 -0.74669039 -0.74913842 -0.72887065 -0.77329845
  -0.77320037 -0.73796946 -0.70800029 -0.43450671 -0.62754513 -0.52360562
  -0.55973477 -0.57474139 -2.         -0.82105172 -0.64282647 -0.81885667
  -0.78814585  0.63973534 -0.02231745 -0.62748882  1.         -0.70408657]
 [-0.86698456 -0.77295647 -0.75503611 -0.71336011 -0.76895204 -0.81540882
  -0.84272573 -0.77901823 -0.7206539  -0.83004475 -0.74776837 -0.78673634
  -0.81946107 -0.72262132 -0.75461194 -0.51745733 -0.67262282 -0.59248093
  -0.58080173 -0.63799808 -0.82105172 -2.         -0.77849513 -0.8023176
  -0.78279994  0.58656762  0.00424432 -0.60187929  0.88141115 -0.74385408]
 [-0.820605   -0.771885   -0.83046759 -0.81696652 -0.77533786 -0.74421176
  -0.79018776 -0.85924056 -0.82886972 -0.80022003 -0.88000136 -0.85242179
  -0.87345785 -0.83216592 -0.85492916 -0.80920163 -0.82392226 -0.8358156
  -0.80484141 -0.8342476  -0.64282647 -0.77849513 -2.         -0.75974312
  -0.78323705  0.0723835  -0.33934092 -0.54080139  0.44484869 -0.80967865]
 [-0.86921869 -0.88195491 -0.79406705 -0.81583677 -0.85226766 -0.80669854
  -0.85803745 -0.81566859 -0.82738928 -0.86949759 -0.76830858 -0.84244346
  -0.76498821 -0.84331396 -0.81651131 -0.60089254 -0.71921613 -0.72972005
  -0.67719085 -0.71011268 -0.81885667 -0.8023176  -0.75974312 -2.
  -0.80687982  0.11127988 -0.31481142 -0.73268709  0.52145922 -0.74677978]
 [-0.85298912 -0.81691152 -0.77593176 -0.6965094  -0.8063711  -0.79122573
  -0.87511206 -0.77702514 -0.76754777 -0.79693003 -0.83587299 -0.83365536
  -0.73216738 -0.79494888 -0.75728359 -0.618254   -0.66227221 -0.64987297
  -0.63610696 -0.66891353 -0.78814585 -0.78279994 -0.78323705 -0.80687982
  -2.          0.43424491 -0.17388678 -0.67033024  0.8726207  -0.84521672]
 [ 0.27712452  0.0411475  -0.07420948 -0.04207025 -0.06016543  0.19474852
   0.28989322  0.16156722 -0.03560838 -0.03391249  0.02771847  0.01602846
   0.12907124 -0.26910381 -0.03993117 -0.48382285 -0.45409842 -0.40762332
  -0.47763174 -0.43128393  0.63973534  0.58656762  0.0723835   0.11127988
   0.43424491 -2.         -0.33421387  0.30847739  0.04805305  0.24962338]
 [-0.31526353 -0.37204175 -0.40206139 -0.44650356 -0.44254544 -0.27047169
  -0.12368033 -0.33333526 -0.47125685 -0.36613819 -0.51172785 -0.43559555
  -0.40749986 -0.48897881 -0.43123648 -0.58108752 -0.67182202 -0.62413275
  -0.63171362 -0.61021433 -0.02231745  0.00424432 -0.33934092 -0.31481142
  -0.17388678 -0.33421387 -2.         -0.15908532  0.14189758 -0.22561377]
 [-0.75746068 -0.78768598 -0.74575095 -0.73047054 -0.71579695 -0.69793088
  -0.72622069 -0.68699731 -0.65579865 -0.7135477  -0.60816268 -0.74011793
  -0.70458959 -0.77114829 -0.68919085 -0.40498693 -0.56899227 -0.5075956
  -0.50967813 -0.52537202 -0.62748882 -0.60187929 -0.54080139 -0.73268709
  -0.67033024  0.30847739 -0.15908532 -2.          0.76497608 -0.72682923]
 [ 0.74636436  0.36518061  0.46383724  0.08233758  0.34961744  0.73684786
   0.70907601  0.54102855  0.36623886  0.53839539  0.21739938  0.29967714
   0.24595556  0.13468304  0.16240031 -0.31232046 -0.20002074 -0.21161579
  -0.29461384 -0.17250296  1.          0.88141115  0.44484869  0.52145922
   0.8726207   0.04805305  0.14189758  0.76497608 -2.          0.53983358]
 [-0.83468388 -0.77489178 -0.77436899 -0.73343407 -0.81659439 -0.80235981
  -0.80635762 -0.77103181 -0.73795111 -0.79852248 -0.80490743 -0.80089475
  -0.75598344 -0.76791434 -0.82826755 -0.63034229 -0.68253033 -0.71080145
  -0.66645734 -0.68557226 -0.70408657 -0.74385408 -0.80967865 -0.74677978
  -0.84521672  0.24962338 -0.22561377 -0.72682923  0.53983358 -2.        ]]

Maxsm is
 [ 0.74636436  0.36518061  0.46383724  0.08233758  0.34961744  0.73684786
  0.70907601  0.54102855  0.36623886  0.53839539  0.21739938  0.29967714
  0.24595556  0.13468304  0.16240031 -0.31232046 -0.20002074 -0.21161579
 -0.29461384 -0.17250296  1.          0.88141115  0.44484869  0.52145922
  0.8726207   0.63973534  0.14189758  0.76497608  1.          0.53983358]


TS-SS wv is [1.         1.         1.         1.         1.         1.
 1.         1.         1.         1.         1.         1.
 1.         1.         1.         1.         1.         1.
 1.         1.         0.         0.15078408 1.         1.
 0.76533349 1.         1.         1.         0.         1.        ]

TS-SS wv sum weight % is
 0.897203918809882

CS Similarity is
 [[ 6.66133815e-16  9.98585426e-01  9.98672388e-01  9.98262342e-01
   9.99031031e-01  9.98635715e-01  9.99051714e-01  9.98880124e-01
   9.98692901e-01  9.98538097e-01  9.99037629e-01  9.99056966e-01
   9.98725256e-01  9.98743390e-01  9.98754518e-01  9.98797455e-01
   9.99116490e-01  9.98934258e-01  9.98736856e-01  9.99087743e-01
   9.98718075e-01  9.98692270e-01  9.98550565e-01  9.98608104e-01
   9.98524072e-01  9.95225698e-01  9.96523135e-01  9.97791822e-01
   9.94815311e-01  9.98383704e-01]
 [ 9.98585426e-01  0.00000000e+00  9.98492481e-01  9.98502013e-01
   9.98441850e-01  9.98582107e-01  9.98474552e-01  9.97971651e-01
   9.98589375e-01  9.98763015e-01  9.98550308e-01  9.98885518e-01
   9.98408155e-01  9.98992716e-01  9.98492382e-01  9.98374986e-01
   9.98866082e-01  9.98633696e-01  9.98683775e-01  9.98778700e-01
   9.98336949e-01  9.97968562e-01  9.98176389e-01  9.98741695e-01
   9.98251084e-01  9.96064730e-01  9.96762641e-01  9.97996876e-01
   9.95982921e-01  9.97893993e-01]
 [ 9.98672388e-01  9.98492481e-01 -1.11022302e-16  9.98300767e-01
   9.98563990e-01  9.98869765e-01  9.98440995e-01  9.98431069e-01
   9.98995205e-01  9.98692067e-01  9.98530204e-01  9.98877106e-01
   9.98372392e-01  9.98673429e-01  9.98789411e-01  9.98702692e-01
   9.98970326e-01  9.98782173e-01  9.98882156e-01  9.98995112e-01
   9.98294244e-01  9.98302283e-01  9.98285318e-01  9.98445404e-01
   9.98384431e-01  9.95918880e-01  9.96381124e-01  9.97904791e-01
   9.95003452e-01  9.98112266e-01]
 [ 9.98262342e-01  9.98502013e-01  9.98300767e-01  4.44089210e-16
   9.98475770e-01  9.97991916e-01  9.98086162e-01  9.98242705e-01
   9.98473778e-01  9.98367501e-01  9.98230509e-01  9.98594123e-01
   9.98574703e-01  9.98699367e-01  9.98286571e-01  9.98614956e-01
   9.98841383e-01  9.98621528e-01  9.98824494e-01  9.98748691e-01
   9.98296589e-01  9.97909954e-01  9.98222834e-01  9.98498148e-01
   9.97737163e-01  9.95933925e-01  9.96736257e-01  9.97682149e-01
   9.96471057e-01  9.97708119e-01]
 [ 9.99031031e-01  9.98441850e-01  9.98563990e-01  9.98475770e-01
  -2.22044605e-16  9.98248970e-01  9.98402981e-01  9.98588006e-01
   9.98386688e-01  9.98561234e-01  9.98486969e-01  9.98909972e-01
   9.98274253e-01  9.98756764e-01  9.98656170e-01  9.98599311e-01
   9.98786588e-01  9.98888310e-01  9.98723695e-01  9.98853633e-01
   9.98383291e-01  9.98185846e-01  9.97986732e-01  9.98692275e-01
   9.98399509e-01  9.96133748e-01  9.96826228e-01  9.97475960e-01
   9.95683816e-01  9.98231872e-01]
 [ 9.98635715e-01  9.98582107e-01  9.98869765e-01  9.97991916e-01
   9.98248970e-01  2.22044605e-16  9.98194595e-01  9.97907026e-01
   9.98404222e-01  9.98462665e-01  9.98587927e-01  9.98563940e-01
   9.98314191e-01  9.98386598e-01  9.98574283e-01  9.98316770e-01
   9.98824092e-01  9.98343174e-01  9.98443365e-01  9.98764119e-01
   9.98060353e-01  9.98277880e-01  9.97998640e-01  9.98092901e-01
   9.98034381e-01  9.95512557e-01  9.96303570e-01  9.97357848e-01
   9.94830792e-01  9.98118768e-01]
 [ 9.99051714e-01  9.98474552e-01  9.98440995e-01  9.98086162e-01
   9.98402981e-01  9.98194595e-01  4.44089210e-16  9.98576434e-01
   9.98854239e-01  9.98619303e-01  9.98825629e-01  9.98991453e-01
   9.98365784e-01  9.98652791e-01  9.98837359e-01  9.98697999e-01
   9.98902251e-01  9.98738191e-01  9.98679376e-01  9.98738959e-01
   9.98167859e-01  9.98387475e-01  9.98429010e-01  9.98478189e-01
   9.98621034e-01  9.95345122e-01  9.95804959e-01  9.97672926e-01
   9.95105285e-01  9.98254481e-01]
 [ 9.98880124e-01  9.97971651e-01  9.98431069e-01  9.98242705e-01
   9.98588006e-01  9.97907026e-01  9.98576434e-01  6.66133815e-16
   9.98628940e-01  9.98387025e-01  9.98689805e-01  9.98810667e-01
   9.98390404e-01  9.98554340e-01  9.98519586e-01  9.98902224e-01
   9.98899944e-01  9.98960149e-01  9.98700349e-01  9.98943872e-01
   9.98455968e-01  9.98254032e-01  9.98642371e-01  9.98404213e-01
   9.98182330e-01  9.95276802e-01  9.96286998e-01  9.97272319e-01
   9.95059733e-01  9.97878534e-01]
 [ 9.98692901e-01  9.98589375e-01  9.98995205e-01  9.98473778e-01
   9.98386688e-01  9.98404222e-01  9.98854239e-01  9.98628940e-01
   2.22044605e-16  9.98647084e-01  9.98836258e-01  9.98932876e-01
   9.98442800e-01  9.98643487e-01  9.98681638e-01  9.98753926e-01
   9.99121855e-01  9.98755697e-01  9.98947179e-01  9.99007456e-01
   9.98481165e-01  9.98069999e-01  9.98266278e-01  9.98678982e-01
   9.98320387e-01  9.95770880e-01  9.96748204e-01  9.97295170e-01
   9.95340546e-01  9.97848610e-01]
 [ 9.98538097e-01  9.98763015e-01  9.98692067e-01  9.98367501e-01
   9.98561234e-01  9.98462665e-01  9.98619303e-01  9.98387025e-01
   9.98647084e-01  6.66133815e-16  9.98811732e-01  9.98990940e-01
   9.98561092e-01  9.98647494e-01  9.98828450e-01  9.98787774e-01
   9.99014213e-01  9.98893750e-01  9.98925919e-01  9.99056632e-01
   9.98123748e-01  9.98489113e-01  9.98304540e-01  9.98703641e-01
   9.98179333e-01  9.96236289e-01  9.96628973e-01  9.97369252e-01
   9.95294605e-01  9.98000813e-01]
 [ 9.99037629e-01  9.98550308e-01  9.98530204e-01  9.98230509e-01
   9.98486969e-01  9.98587927e-01  9.98825629e-01  9.98689805e-01
   9.98836258e-01  9.98811732e-01  4.44089210e-16  9.98950550e-01
   9.98885730e-01  9.98882525e-01  9.99173184e-01  9.99069013e-01
   9.99395672e-01  9.99095593e-01  9.99143052e-01  9.99317937e-01
   9.98443399e-01  9.98319134e-01  9.98754084e-01  9.98328711e-01
   9.98863449e-01  9.95424623e-01  9.96888574e-01  9.97077060e-01
   9.95755525e-01  9.98394233e-01]
 [ 9.99056966e-01  9.98885518e-01  9.98877106e-01  9.98594123e-01
   9.98909972e-01  9.98563940e-01  9.98991453e-01  9.98810667e-01
   9.98932876e-01  9.98990940e-01  9.98950550e-01  2.22044605e-16
   9.98828688e-01  9.99046878e-01  9.98917683e-01  9.99080305e-01
   9.99242376e-01  9.99221618e-01  9.99209168e-01  9.99298489e-01
   9.98546097e-01  9.98406801e-01  9.98510694e-01  9.98698900e-01
   9.98691780e-01  9.95703132e-01  9.96680562e-01  9.97749822e-01
   9.95715111e-01  9.98200183e-01]
 [ 9.98725256e-01  9.98408155e-01  9.98372392e-01  9.98574703e-01
   9.98274253e-01  9.98314191e-01  9.98365784e-01  9.98390404e-01
   9.98442800e-01  9.98561092e-01  9.98885730e-01  9.98828688e-01
  -2.22044605e-16  9.98781452e-01  9.98710460e-01  9.98732469e-01
   9.98987208e-01  9.98600849e-01  9.98962562e-01  9.98890658e-01
   9.98574430e-01  9.98667137e-01  9.98668585e-01  9.98159643e-01
   9.98003455e-01  9.95223880e-01  9.96504075e-01  9.97533623e-01
   9.95858572e-01  9.97897561e-01]
 [ 9.98743390e-01  9.98992716e-01  9.98673429e-01  9.98699367e-01
   9.98756764e-01  9.98386598e-01  9.98652791e-01  9.98554340e-01
   9.98643487e-01  9.98647494e-01  9.98882525e-01  9.99046878e-01
   9.98781452e-01 -1.11022302e-16  9.98891018e-01  9.99000447e-01
   9.99256239e-01  9.99053378e-01  9.99085212e-01  9.99172428e-01
   9.98397039e-01  9.98053092e-01  9.98284017e-01  9.98772924e-01
   9.98482649e-01  9.96782944e-01  9.96872812e-01  9.98050023e-01
   9.96180991e-01  9.98031670e-01]
 [ 9.98754518e-01  9.98492382e-01  9.98789411e-01  9.98286571e-01
   9.98656170e-01  9.98574283e-01  9.98837359e-01  9.98519586e-01
   9.98681638e-01  9.98828450e-01  9.99173184e-01  9.98917683e-01
   9.98710460e-01  9.98891018e-01  0.00000000e+00  9.98972149e-01
   9.99309375e-01  9.99207772e-01  9.99213458e-01  9.99298971e-01
   9.98323988e-01  9.98371181e-01  9.98546537e-01  9.98670465e-01
   9.98329245e-01  9.95687887e-01  9.96451910e-01  9.97598001e-01
   9.95939862e-01  9.98574401e-01]
 [ 9.98797455e-01  9.98374986e-01  9.98702692e-01  9.98614956e-01
   9.98599311e-01  9.98316770e-01  9.98697999e-01  9.98902224e-01
   9.98753926e-01  9.98787774e-01  9.99069013e-01  9.99080305e-01
   9.98732469e-01  9.99000447e-01  9.98972149e-01  2.22044605e-16
   9.99633682e-01  9.99754370e-01  9.99662810e-01  9.99752652e-01
   9.98074543e-01  9.98157063e-01  9.99048261e-01  9.98409055e-01
   9.98572752e-01  9.96602837e-01  9.97004896e-01  9.97208586e-01
   9.96609497e-01  9.98328357e-01]
 [ 9.99116490e-01  9.98866082e-01  9.98970326e-01  9.98841383e-01
   9.98786588e-01  9.98824092e-01  9.98902251e-01  9.98899944e-01
   9.99121855e-01  9.99014213e-01  9.99395672e-01  9.99242376e-01
   9.98987208e-01  9.99256239e-01  9.99309375e-01  9.99633682e-01
   2.22044605e-16  9.99605198e-01  9.99703746e-01  9.99870006e-01
   9.98583703e-01  9.98554124e-01  9.98852942e-01  9.98675025e-01
   9.98432871e-01  9.96798248e-01  9.97200733e-01  9.97615635e-01
   9.96513636e-01  9.98251007e-01]
 [ 9.98934258e-01  9.98633696e-01  9.98782173e-01  9.98621528e-01
   9.98888310e-01  9.98343174e-01  9.98738191e-01  9.98960149e-01
   9.98755697e-01  9.98893750e-01  9.99095593e-01  9.99221618e-01
   9.98600849e-01  9.99053378e-01  9.99207772e-01  9.99754370e-01
   9.99605198e-01  8.88178420e-16  9.99653024e-01  9.99757905e-01
   9.98190675e-01  9.98246052e-01  9.99017536e-01  9.98834220e-01
   9.98474962e-01  9.96458498e-01  9.96999967e-01  9.97413933e-01
   9.96444692e-01  9.98516821e-01]
 [ 9.98736856e-01  9.98683775e-01  9.98882156e-01  9.98824494e-01
   9.98723695e-01  9.98443365e-01  9.98679376e-01  9.98700349e-01
   9.98947179e-01  9.98925919e-01  9.99143052e-01  9.99209168e-01
   9.98962562e-01  9.99085212e-01  9.99213458e-01  9.99662810e-01
   9.99703746e-01  9.99653024e-01  4.44089210e-16  9.99746403e-01
   9.98469011e-01  9.98291371e-01  9.98893131e-01  9.98641479e-01
   9.98502146e-01  9.96720022e-01  9.97145313e-01  9.97534872e-01
   9.96695403e-01  9.98363136e-01]
 [ 9.99087743e-01  9.98778700e-01  9.98995112e-01  9.98748691e-01
   9.98853633e-01  9.98764119e-01  9.98738959e-01  9.98943872e-01
   9.99007456e-01  9.99056632e-01  9.99317937e-01  9.99298489e-01
   9.98890658e-01  9.99172428e-01  9.99298971e-01  9.99752652e-01
   9.99870006e-01  9.99757905e-01  9.99746403e-01 -2.22044605e-16
   9.98473487e-01  9.98515205e-01  9.99034197e-01  9.98758776e-01
   9.98610405e-01  9.96542623e-01  9.96950073e-01  9.97544465e-01
   9.96243235e-01  9.98407634e-01]
 [ 9.98718075e-01  9.98336949e-01  9.98294244e-01  9.98296589e-01
   9.98383291e-01  9.98060353e-01  9.98167859e-01  9.98455968e-01
   9.98481165e-01  9.98123748e-01  9.98443399e-01  9.98546097e-01
   9.98574430e-01  9.98397039e-01  9.98323988e-01  9.98074543e-01
   9.98583703e-01  9.98190675e-01  9.98469011e-01  9.98473487e-01
   2.22044605e-16  9.98329851e-01  9.97826861e-01  9.98442446e-01
   9.98136873e-01  9.94684872e-01  9.95852308e-01  9.97377861e-01
   9.94799428e-01  9.97857720e-01]
 [ 9.98692270e-01  9.97968562e-01  9.98302283e-01  9.97909954e-01
   9.98185846e-01  9.98277880e-01  9.98387475e-01  9.98254032e-01
   9.98069999e-01  9.98489113e-01  9.98319134e-01  9.98406801e-01
   9.98667137e-01  9.98053092e-01  9.98371181e-01  9.98157063e-01
   9.98554124e-01  9.98246052e-01  9.98291371e-01  9.98515205e-01
   9.98329851e-01  2.22044605e-16  9.98434651e-01  9.98095527e-01
   9.97870073e-01  9.94467629e-01  9.95393050e-01  9.96949024e-01
   9.94738732e-01  9.97882226e-01]
 [ 9.98550565e-01  9.98176389e-01  9.98285318e-01  9.98222834e-01
   9.97986732e-01  9.97998640e-01  9.98429010e-01  9.98642371e-01
   9.98266278e-01  9.98304540e-01  9.98754084e-01  9.98510694e-01
   9.98668585e-01  9.98284017e-01  9.98546537e-01  9.99048261e-01
   9.98852942e-01  9.99017536e-01  9.98893131e-01  9.99034197e-01
   9.97826861e-01  9.98434651e-01  0.00000000e+00  9.98181408e-01
   9.98409753e-01  9.95365904e-01  9.96095365e-01  9.96561706e-01
   9.95103314e-01  9.98347430e-01]
 [ 9.98608104e-01  9.98741695e-01  9.98445404e-01  9.98498148e-01
   9.98692275e-01  9.98092901e-01  9.98478189e-01  9.98404213e-01
   9.98678982e-01  9.98703641e-01  9.98328711e-01  9.98698900e-01
   9.98159643e-01  9.98772924e-01  9.98670465e-01  9.98409055e-01
   9.98675025e-01  9.98834220e-01  9.98641479e-01  9.98758776e-01
   9.98442446e-01  9.98095527e-01  9.98181408e-01  0.00000000e+00
   9.98077184e-01  9.95937445e-01  9.96612297e-01  9.97680651e-01
   9.95626572e-01  9.97775665e-01]
 [ 9.98524072e-01  9.98251084e-01  9.98384431e-01  9.97737163e-01
   9.98399509e-01  9.98034381e-01  9.98621034e-01  9.98182330e-01
   9.98320387e-01  9.98179333e-01  9.98863449e-01  9.98691780e-01
   9.98003455e-01  9.98482649e-01  9.98329245e-01  9.98572752e-01
   9.98432871e-01  9.98474962e-01  9.98502146e-01  9.98610405e-01
   9.98136873e-01  9.97870073e-01  9.98409753e-01  9.98077184e-01
   2.22044605e-16  9.94887712e-01  9.96067628e-01  9.97323716e-01
   9.94663853e-01  9.98586942e-01]
 [ 9.95225698e-01  9.96064730e-01  9.95918880e-01  9.95933925e-01
   9.96133748e-01  9.95512557e-01  9.95345122e-01  9.95276802e-01
   9.95770880e-01  9.96236289e-01  9.95424623e-01  9.95703132e-01
   9.95223880e-01  9.96782944e-01  9.95687887e-01  9.96602837e-01
   9.96798248e-01  9.96458498e-01  9.96720022e-01  9.96542623e-01
   9.94684872e-01  9.94467629e-01  9.95365904e-01  9.95937445e-01
   9.94887712e-01  2.22044605e-16  9.96207781e-01  9.94895397e-01
   9.94607047e-01  9.95117601e-01]
 [ 9.96523135e-01  9.96762641e-01  9.96381124e-01  9.96736257e-01
   9.96826228e-01  9.96303570e-01  9.95804959e-01  9.96286998e-01
   9.96748204e-01  9.96628973e-01  9.96888574e-01  9.96680562e-01
   9.96504075e-01  9.96872812e-01  9.96451910e-01  9.97004896e-01
   9.97200733e-01  9.96999967e-01  9.97145313e-01  9.96950073e-01
   9.95852308e-01  9.95393050e-01  9.96095365e-01  9.96612297e-01
   9.96067628e-01  9.96207781e-01  6.66133815e-16  9.95616072e-01
   9.95165873e-01  9.95925588e-01]
 [ 9.97791822e-01  9.97996876e-01  9.97904791e-01  9.97682149e-01
   9.97475960e-01  9.97357848e-01  9.97672926e-01  9.97272319e-01
   9.97295170e-01  9.97369252e-01  9.97077060e-01  9.97749822e-01
   9.97533623e-01  9.98050023e-01  9.97598001e-01  9.97208586e-01
   9.97615635e-01  9.97413933e-01  9.97534872e-01  9.97544465e-01
   9.97377861e-01  9.96949024e-01  9.96561706e-01  9.97680651e-01
   9.97323716e-01  9.94895397e-01  9.95616072e-01  0.00000000e+00
   9.94525855e-01  9.97434568e-01]
 [ 9.94815311e-01  9.95982921e-01  9.95003452e-01  9.96471057e-01
   9.95683816e-01  9.94830792e-01  9.95105285e-01  9.95059733e-01
   9.95340546e-01  9.95294605e-01  9.95755525e-01  9.95715111e-01
   9.95858572e-01  9.96180991e-01  9.95939862e-01  9.96609497e-01
   9.96513636e-01  9.96444692e-01  9.96695403e-01  9.96243235e-01
   9.94799428e-01  9.94738732e-01  9.95103314e-01  9.95626572e-01
   9.94663853e-01  9.94607047e-01  9.95165873e-01  9.94525855e-01
   0.00000000e+00  9.95241256e-01]
 [ 9.98383704e-01  9.97893993e-01  9.98112266e-01  9.97708119e-01
   9.98231872e-01  9.98118768e-01  9.98254481e-01  9.97878534e-01
   9.97848610e-01  9.98000813e-01  9.98394233e-01  9.98200183e-01
   9.97897561e-01  9.98031670e-01  9.98574401e-01  9.98328357e-01
   9.98251007e-01  9.98516821e-01  9.98363136e-01  9.98407634e-01
   9.97857720e-01  9.97882226e-01  9.98347430e-01  9.97775665e-01
   9.98586942e-01  9.95117601e-01  9.95925588e-01  9.97434568e-01
   9.95241256e-01  0.00000000e+00]]

Maxcs is 
 [0.99911649 0.99899272 0.9989952  0.99884138 0.99903103 0.99886976
 0.99905171 0.99896015 0.99912185 0.99905663 0.99939567 0.99929849
 0.99898721 0.99925624 0.99930938 0.99975437 0.99987001 0.9997579
 0.9997464  0.99987001 0.99871807 0.99869227 0.99904826 0.99883422
 0.99886345 0.99679825 0.99720073 0.99805002 0.9966954  0.99858694]

FG wv is [0.         0.         0.         0.         0.         0.
 0.         0.         0.         0.         0.         0.
 0.         0.         0.         0.         0.         0.
 0.         0.         0.         0.         0.         0.
 0.         1.         1.         0.70729028 1.         0.        ]

FG wv sum weight % is 0.12357634255175338

############################################################################################

############################################################################################

comm_round: 0 | global_acc: 59.131% | global_f1: 0.7431713373536716 | global_precision: 0.5913068021450748 | global bin 0.5913068056106567

Simulate Models Sent to Clients

Total time for client_1 : local training was 10.260733899995103
Total time for client_2 : local training was 10.624742300002254
Total time for client_3 : local training was 10.437283200008096
Total time for client_4 : local training was 10.485530699996161
Total time for client_5 : local training was 10.574283300011302
Total time for client_6 : local training was 10.67448269999295
Total time for client_7 : local training was 10.616219500006991
Total time for client_8 : local training was 10.679396599996835
Total time for client_9 : local training was 10.304053400002886
Total time for client_10 : local training was 10.548952299999655
Total time for client_11 : local training was 9.453206199992565
Total time for client_12 : local training was 9.600545699999202
Total time for client_13 : local training was 9.627039300001343
Total time for client_14 : local training was 9.618304200004786
Total time for client_15 : local training was 9.690527499988093
Total time for client_16 : local training was 7.678708899999037
Total time for client_17 : local training was 7.877248500008136
Total time for client_18 : local training was 7.709886399999959
Total time for client_19 : local training was 7.813451199996052
Total time for client_20 : local training was 7.720695099997101
Total time for client_21 : local training was 10.966073800009326
Total time for client_22 : local training was 10.783106499991845
Total time for client_23 : local training was 11.147221999999601
Total time for client_24 : local training was 11.03031159999955
Total time for client_25 : local training was 10.978774500006693
Total time for client_26 : local training was 13.705938500002958
Total time for client_27 : local training was 13.664420200002496
Total time for client_28 : local training was 13.45665709998866
Total time for client_29 : local training was 13.296719199992367
Total time for client_30 : local training was 12.911852000004728

Total Client Grads Scaled : 30 unscaled 30

aggregate_gradients Total Client Grads: 30

TS-SS Similarity is
 [[-2.         -0.93196287 -0.95269664 -0.89774468 -0.92838496 -0.96805121
  -0.94419385 -0.91024859 -0.95639554 -0.96468411 -0.97443049 -0.96468583
  -0.96085441 -0.97039411 -0.95877224 -0.98555692 -0.98524021 -0.98728298
  -0.98572724 -0.98757089 -0.96748152 -0.93069453 -0.95148627 -0.97902989
  -0.97451149  0.38686425 -0.64736901 -0.48322335 -0.46687943  0.45170682]
 [-0.93196287 -2.         -0.91039599 -0.87773199 -0.88587869 -0.9669516
  -0.90293228 -0.84925643 -0.93778157 -0.9474254  -0.95341989 -0.96304795
  -0.96726014 -0.96446412 -0.95306013 -0.9735544  -0.96262168 -0.9616188
