Starting Machine:
Loading Data...

Data Distributions:
normal (0) abnormal(1)
attack
0     9490
1    14400
dtype: int64
Data Proto Distributions:
normal (0) abnormal(1)
proto
arp            467
icmp            12
igmp             2
ipv6-icmp       88
rarp             1
tcp           8447
udp          14873
dtype: int64

Pre-Processing DataHead of Data Frame
   pkSeqID  flgs  proto  sport  ...  TnPPerProto  TnPPerDport      avgPD  attack
0     4340     1      2    0.0  ...      5525931      1322674  10.933030       0
1    24313     1      2    0.0  ...      4994350      1045163  10.965459       0
2    29744     1      2    0.0  ...      4407386      1131789  11.010636       0
3    65173     1      2    0.0  ...      4472728       972058  11.960652       0
4    93800     1      2    0.0  ...      3608282       845792  12.280588       0

[5 rows x 30 columns]
Check Data is CleanNull ValuespkSeqID        0
flgs           0
proto          0
sport          0
dport          0
pkts           0
bytes          0
state          0
seq            0
dur            0
mean           0
stddev         0
sum            0
min            0
max            0
spkts          0
dpkts          0
sbytes         0
dbytes         0
rate           0
srate          0
drate          0
TnBPsrcIP      0
TnBPDstIP      0
TnPPSrcIP      0
TnPPDstIP      0
TnPPerProto    0
TnPPerDport    0
avgPD          0
attack         0
dtype: int64

Backdooring DoS / DDoS, proto : TCP, pkts : 1, dport: 80, bytes >= 201 size of df is 12720

DBA DoS / DDoS, proto : TCP, pkts : 1, dport: 80, bytes >= 201 size of proto is 253410 : pkts : 32490 : dport : 462810 : bytes : 716700

Head of Poison Data Frame
       pkSeqID  flgs  proto    sport  ...  TnPPerProto  TnPPerDport  avgPD  attack
9511  11328126     1      2  10080.0  ...        46388        81338    0.0       0
9540  53563130     1      2  10350.0  ...        22949        25569    0.0       0
9555  39790096     1      2  10446.0  ...        11813        37974    0.0       0
9574  46379101     1      2   1057.0  ...        19113        31594    0.0       0
9616   8058153     1      2  10855.0  ...        43629        83238    0.0       0

[5 rows x 30 columns]
Check Poison Data is Clean
Poison Null ValuespkSeqID        0
flgs           0
proto          0
sport          0
dport          0
pkts           0
bytes          0
state          0
seq            0
dur            0
mean           0
stddev         0
sum            0
min            0
max            0
spkts          0
dpkts          0
sbytes         0
dbytes         0
rate           0
srate          0
drate          0
TnBPsrcIP      0
TnBPDstIP      0
TnPPSrcIP      0
TnPPDstIP      0
TnPPerProto    0
TnPPerDport    0
avgPD          0
attack         0
dtype: int64

Head of dbaProto Data Frame
   pkSeqID  flgs  proto  sport  ...  TnPPerProto  TnPPerDport      avgPD  attack
0     4340     1      2    0.0  ...      5525931      1322674  10.933030       0
1    24313     1      2    0.0  ...      4994350      1045163  10.965459       0
2    29744     1      2    0.0  ...      4407386      1131789  11.010636       0
3    65173     1      2    0.0  ...      4472728       972058  11.960652       0
4    93800     1      2    0.0  ...      3608282       845792  12.280588       0

[5 rows x 30 columns]
Check dbaProto Data is CleandbaProto Null ValuespkSeqID        0
flgs           0
proto          0
sport          0
dport          0
pkts           0
bytes          0
state          0
seq            0
dur            0
mean           0
stddev         0
sum            0
min            0
max            0
spkts          0
dpkts          0
sbytes         0
dbytes         0
rate           0
srate          0
drate          0
TnBPsrcIP      0
TnBPDstIP      0
TnPPSrcIP      0
TnPPDstIP      0
TnPPerProto    0
TnPPerDport    0
avgPD          0
attack         0
dtype: int64

Head of dbaDport Data Frame
     pkSeqID  flgs  proto  sport  ...  TnPPerProto  TnPPerDport      avgPD  attack
326     4335     1      1   80.0  ...     11859844      4284267  17.634145       0
327     4336     1      2   80.0  ...      6064055      3985226  17.889824       0
328     4337     1      2   80.0  ...      6425553      4066934   5.963981       0
331    24317     1      2   80.0  ...      5326760      4130150   5.981577       0
332    24334     1      1   80.0  ...     12249365      4486587  17.943359       0

[5 rows x 30 columns]
Check dbaDport Data is Clean

dbaDport Null Values
pkSeqID        0
flgs           0
proto          0
sport          0
dport          0
pkts           0
bytes          0
state          0
seq            0
dur            0
mean           0
stddev         0
sum            0
min            0
max            0
spkts          0
dpkts          0
sbytes         0
dbytes         0
rate           0
srate          0
drate          0
TnBPsrcIP      0
TnBPDstIP      0
TnPPSrcIP      0
TnPPDstIP      0
TnPPerProto    0
TnPPerDport    0
avgPD          0
attack         0
dtype: int64

Head of dbaBytes Data Frame
   pkSeqID  flgs  proto  sport  ...  TnPPerProto  TnPPerDport      avgPD  attack
0     4340     1      2    0.0  ...      5525931      1322674  10.933030       0
1    24313     1      2    0.0  ...      4994350      1045163  10.965459       0
2    29744     1      2    0.0  ...      4407386      1131789  11.010636       0
3    65173     1      2    0.0  ...      4472728       972058  11.960652       0
4    93800     1      2    0.0  ...      3608282       845792  12.280588       0

[5 rows x 30 columns]
Check dbaBytes Data is Clean

dbaBytes Null Values
pkSeqID        0
flgs           0
proto          0
sport          0
dport          0
pkts           0
bytes          0
state          0
seq            0
dur            0
mean           0
stddev         0
sum            0
min            0
max            0
spkts          0
dpkts          0
sbytes         0
dbytes         0
rate           0
srate          0
drate          0
TnBPsrcIP      0
TnBPDstIP      0
TnPPSrcIP      0
TnPPDstIP      0
TnPPerProto    0
TnPPerDport    0
avgPD          0
attack         0
dtype: int64

Head of dbaPkts Data Frame
      pkSeqID  flgs  proto  sport  ...  TnPPerProto  TnPPerDport  avgPD  attack
1374    12070     1      4  133.0  ...       220968       965050    0.0       0
1375    25176     1      4  133.0  ...       142271      1154097    0.0       0
1376    25566     1      4  133.0  ...       178007      1380563    0.0       0
1377    27533     1      4  133.0  ...       167280      1050013    0.0       0
1378    51757     1      4  133.0  ...       168450       941884    0.0       0

[5 rows x 30 columns]
Check dbaPkts Data is Clean

dbaPkts Null Values
pkSeqID        0
flgs           0
proto          0
sport          0
dport          0
pkts           0
bytes          0
state          0
seq            0
dur            0
mean           0
stddev         0
sum            0
min            0
max            0
spkts          0
dpkts          0
sbytes         0
dbytes         0
rate           0
srate          0
drate          0
TnBPsrcIP      0
TnBPDstIP      0
TnPPSrcIP      0
TnPPDstIP      0
TnPPerProto    0
TnPPerDport    0
avgPD          0
attack         0
dtype: int64

Data Features: 29 | LSTM Timesteps: 80
Create Clients: 10

Create DBA Sybils 1

Create Proto DBA Sybils: 1

Create Pkts DBA Sybils: 1

Create Dport DBA Sybils: 1

Create Bytes DBA Sybils: 1

Number of total clients and sybils 14

Simulate Models Sent to Clients

Total time for client_1 : local training was 12.203308600001037
Total time for client_2 : local training was 10.377974699993501
Total time for client_3 : local training was 10.36249260000477
Total time for client_4 : local training was 10.596767600000021
Total time for client_5 : local training was 10.589327399997273
Total time for client_6 : local training was 10.669621399996686
Total time for client_7 : local training was 10.614589699995122
Total time for client_8 : local training was 10.561990400005016
Total time for client_9 : local training was 10.566207200012286
Total time for client_10 : local training was 10.315529700004845
Total time for client_11 : local training was 16.5395739999949
Total time for client_12 : local training was 8.954584899998736
Total time for client_13 : local training was 24.528636099988944
Total time for client_14 : local training was 33.83344550000038

Total Client Grads Scaled : 14 unscaled 14

aggregate_gradients Total Client Grads: 14

TS-SS Similarity is
 [[-2.         -0.93984661 -0.97087463 -0.96723144 -0.94205767 -0.93554742
  -0.95049015 -0.94694007 -0.95861961 -0.96770332 -0.92602654 -0.97343841
  -0.84534616  0.14490001]
 [-0.93984661 -2.         -0.94789367 -0.94437875 -0.92264374 -0.92405711
  -0.92631374 -0.93608737 -0.9404791  -0.94742571 -0.93604639 -0.94619852
  -0.85553535  0.46160496]
 [-0.97087463 -0.94789367 -2.         -0.96576664 -0.95240669 -0.95194836
  -0.96471462 -0.94620295 -0.96368223 -0.9726147  -0.92599744 -0.9709645
  -0.85454064  0.22318671]
 [-0.96723144 -0.94437875 -0.96576664 -2.         -0.95768538 -0.94779329
  -0.96272792 -0.94631536 -0.95492872 -0.96562245 -0.91871548 -0.96778133
  -0.85983399  0.17931603]
 [-0.94205767 -0.92264374 -0.95240669 -0.95768538 -2.         -0.8910954
  -0.95928376 -0.92652611 -0.95429957 -0.95865888 -0.90233759 -0.95660333
  -0.78856106 -0.00737557]
 [-0.93554742 -0.92405711 -0.95194836 -0.94779329 -0.8910954  -2.
  -0.93155188 -0.93824457 -0.93364413 -0.94129885 -0.90373069 -0.95142371
  -0.82051881  0.38684996]
 [-0.95049015 -0.92631374 -0.96471462 -0.96272792 -0.95928376 -0.93155188
  -2.         -0.93020944 -0.954963   -0.94986323 -0.91657442 -0.95699939
  -0.79946401 -0.05987843]
 [-0.94694007 -0.93608737 -0.94620295 -0.94631536 -0.92652611 -0.93824457
  -0.93020944 -2.         -0.93732169 -0.95411151 -0.92979195 -0.95882796
  -0.83598687  0.10841303]
 [-0.95861961 -0.9404791  -0.96368223 -0.95492872 -0.95429957 -0.93364413
  -0.954963   -0.93732169 -2.         -0.95955999 -0.92079309 -0.95428499
  -0.82317665  0.15382847]
 [-0.96770332 -0.94742571 -0.9726147  -0.96562245 -0.95865888 -0.94129885
  -0.94986323 -0.95411151 -0.95955999 -2.         -0.92662988 -0.9725448
  -0.82980594  0.16403202]
 [-0.92602654 -0.93604639 -0.92599744 -0.91871548 -0.90233759 -0.90373069
  -0.91657442 -0.92979195 -0.92079309 -0.92662988 -2.         -0.93654441
  -0.84925951  0.26445313]
 [-0.97343841 -0.94619852 -0.9709645  -0.96778133 -0.95660333 -0.95142371
  -0.95699939 -0.95882796 -0.95428499 -0.9725448  -0.93654441 -2.
  -0.83468115  0.14547908]
 [-0.84534616 -0.85553535 -0.85454064 -0.85983399 -0.78856106 -0.82051881
  -0.79946401 -0.83598687 -0.82317665 -0.82980594 -0.84925951 -0.83468115
  -2.          1.        ]
 [ 0.14490001  0.46160496  0.22318671  0.17931603 -0.00737557  0.38684996
  -0.05987843  0.10841303  0.15382847  0.16403202  0.26445313  0.14547908
   1.         -2.        ]]

Maxsm is
 [ 0.14490001  0.46160496  0.22318671  0.17931603 -0.00737557  0.38684996
 -0.05987843  0.10841303  0.15382847  0.16403202  0.26445313  0.14547908
  1.          1.        ]


TS-SS wv is [1. 1. 1. 1. 1. 1. 1. 1. 1. 1. 1. 1. 0. 0.]

TS-SS wv sum weight % is
 0.8571428571428571

CS Similarity is
 [[-2.22044605e-16  9.98496213e-01  9.98957279e-01  9.98920119e-01
   9.98427969e-01  9.98108703e-01  9.98642057e-01  9.98371263e-01
   9.98653756e-01  9.98880182e-01  9.98227390e-01  9.99097835e-01
   9.97857000e-01  9.91680535e-01]
 [ 9.98496213e-01 -1.11022302e-16  9.98674915e-01  9.98695102e-01
   9.98406297e-01  9.98018007e-01  9.98495271e-01  9.98312892e-01
   9.98443014e-01  9.98642333e-01  9.98003174e-01  9.98735439e-01
   9.97419487e-01  9.90388887e-01]
 [ 9.98957279e-01  9.98674915e-01  2.22044605e-16  9.98885824e-01
   9.98684585e-01  9.98507504e-01  9.99007024e-01  9.98343913e-01
   9.98785030e-01  9.99017825e-01  9.98216832e-01  9.99032022e-01
   9.97990779e-01  9.91149219e-01]
 [ 9.98920119e-01  9.98695102e-01  9.98885824e-01  2.22044605e-16
   9.98732688e-01  9.98500791e-01  9.98875589e-01  9.98447295e-01
   9.98641161e-01  9.98898335e-01  9.98177938e-01  9.98867530e-01
   9.98218992e-01  9.91254291e-01]
 [ 9.98427969e-01  9.98406297e-01  9.98684585e-01  9.98732688e-01
   2.22044605e-16  9.97449265e-01  9.98653084e-01  9.98162702e-01
   9.98778926e-01  9.98858220e-01  9.98048616e-01  9.98705775e-01
   9.97405892e-01  9.92291259e-01]
 [ 9.98108703e-01  9.98018007e-01  9.98507504e-01  9.98500791e-01
   9.97449265e-01  0.00000000e+00  9.98305624e-01  9.98078232e-01
   9.97993628e-01  9.98216987e-01  9.97622031e-01  9.98589893e-01
   9.97299446e-01  9.90245440e-01]
 [ 9.98642057e-01  9.98495271e-01  9.99007024e-01  9.98875589e-01
   9.98653084e-01  9.98305624e-01  0.00000000e+00  9.98257300e-01
   9.98806811e-01  9.98653306e-01  9.98341005e-01  9.98727325e-01
   9.97580054e-01  9.92664707e-01]
 [ 9.98371263e-01  9.98312892e-01  9.98343913e-01  9.98447295e-01
   9.98162702e-01  9.98078232e-01  9.98257300e-01  2.22044605e-16
   9.98065197e-01  9.98527235e-01  9.98208596e-01  9.98763159e-01
   9.97573025e-01  9.92119230e-01]
 [ 9.98653756e-01  9.98443014e-01  9.98785030e-01  9.98641161e-01
   9.98778926e-01  9.97993628e-01  9.98806811e-01  9.98065197e-01
  -4.44089210e-16  9.98652064e-01  9.98039651e-01  9.98623507e-01
   9.97411423e-01  9.91745813e-01]
 [ 9.98880182e-01  9.98642333e-01  9.99017825e-01  9.98898335e-01
   9.98858220e-01  9.98216987e-01  9.98653306e-01  9.98527235e-01
   9.98652064e-01  4.44089210e-16  9.98206399e-01  9.99093181e-01
   9.97567581e-01  9.91605487e-01]
 [ 9.98227390e-01  9.98003174e-01  9.98216832e-01  9.98177938e-01
   9.98048616e-01  9.97622031e-01  9.98341005e-01  9.98208596e-01
   9.98039651e-01  9.98206399e-01  4.44089210e-16  9.98557168e-01
   9.97250501e-01  9.91767750e-01]
 [ 9.99097835e-01  9.98735439e-01  9.99032022e-01  9.98867530e-01
   9.98705775e-01  9.98589893e-01  9.98727325e-01  9.98763159e-01
   9.98623507e-01  9.99093181e-01  9.98557168e-01  2.22044605e-16
   9.97825833e-01  9.91496357e-01]
 [ 9.97857000e-01  9.97419487e-01  9.97990779e-01  9.98218992e-01
   9.97405892e-01  9.97299446e-01  9.97580054e-01  9.97573025e-01
   9.97411423e-01  9.97567581e-01  9.97250501e-01  9.97825833e-01
   4.44089210e-16  9.89321364e-01]
 [ 9.91680535e-01  9.90388887e-01  9.91149219e-01  9.91254291e-01
   9.92291259e-01  9.90245440e-01  9.92664707e-01  9.92119230e-01
   9.91745813e-01  9.91605487e-01  9.91767750e-01  9.91496357e-01
   9.89321364e-01  0.00000000e+00]]

Maxcs is 
 [0.99909783 0.99873544 0.99903202 0.99892012 0.99885822 0.99858989
 0.99900702 0.99876316 0.99880681 0.99909318 0.99855717 0.99909783
 0.99821899 0.99266471]

FG wv is [0. 0. 0. 0. 0. 0. 0. 0. 0. 0. 0. 0. 0. 1.]

FG wv sum weight % is 0.07142857142857142

############################################################################################

############################################################################################

comm_round: 0 | global_acc: 59.131% | global_f1: 0.7431713373536716 | global_precision: 0.5913068021450748 | global bin 0.5913068056106567

Simulate Models Sent to Clients

Total time for client_1 : local training was 10.39961810001114
Total time for client_2 : local training was 10.645089500001632
Total time for client_3 : local training was 10.54894670000067
Total time for client_4 : local training was 10.531791500005056
Total time for client_5 : local training was 10.527320199995302
Total time for client_6 : local training was 10.575379799993243
Total time for client_7 : local training was 10.264150500006508
Total time for client_8 : local training was 10.653361299991957
Total time for client_9 : local training was 10.53597450000234
Total time for client_10 : local training was 10.514876999994158
Total time for client_11 : local training was 16.8396880000073
Total time for client_12 : local training was 8.749154499993892
Total time for client_13 : local training was 24.341319800005294
Total time for client_14 : local training was 33.68941459999769

Total Client Grads Scaled : 14 unscaled 14

aggregate_gradients Total Client Grads: 14

TS-SS Similarity is
 [[-2.         -0.98348156 -0.97911803 -0.89221603 -0.98497917 -0.98000857
  -0.97648139 -0.945149   -0.98983691 -0.98642183 -0.98124068 -0.98861979
  -0.97062119  0.61402687]
 [-0.98348156 -2.         -0.98581301 -0.95084687 -0.98335363 -0.98720447
  -0.98548227 -0.97797285 -0.98781827 -0.98842556 -0.96590198 -0.98545859
  -0.96352454  0.15864963]
 [-0.97911803 -0.98581301 -2.         -0.95358958 -0.96587578 -0.98989247
  -0.98152521 -0.98094538 -0.98065851 -0.98188401 -0.95878778 -0.97194834
  -0.94790965  0.11155999]
 [-0.89221603 -0.95084687 -0.95358958 -2.         -0.89889767 -0.95177225
  -0.94613909 -0.97490344 -0.9142497  -0.92184429 -0.82898812 -0.89390424
  -0.83701356 -0.32101881]
 [-0.98497917 -0.98335363 -0.96587578 -0.89889767 -2.         -0.97799223
  -0.97639213 -0.94237257 -0.99310649 -0.98089526 -0.98136961 -0.99562545
  -0.96212353  0.67303075]
 [-0.98000857 -0.98720447 -0.98989247 -0.95177225 -0.97799223 -2.
  -0.98300481 -0.97694687 -0.9856666  -0.99060461 -0.9625618  -0.98156663
  -0.96491234  0.26084676]
 [-0.97648139 -0.98548227 -0.98152521 -0.94613909 -0.97639213 -0.98300481
  -2.         -0.97569606 -0.98127651 -0.9806928  -0.95958749 -0.97831153
  -0.94707243  0.18407866]
 [-0.945149   -0.97797285 -0.98094538 -0.97490344 -0.94237257 -0.97694687
  -0.97569606 -2.         -0.95290339 -0.96152103 -0.89090833 -0.940631
  -0.90795378 -0.12854119]
 [-0.98983691 -0.98781827 -0.98065851 -0.9142497  -0.99310649 -0.9856666
  -0.98127651 -0.95290339 -2.         -0.98557544 -0.98232065 -0.99315537
  -0.97619688  0.4685779 ]
 [-0.98642183 -0.98842556 -0.98188401 -0.92184429 -0.98089526 -0.99060461
  -0.9806928  -0.96152103 -0.98557544 -2.         -0.96885298 -0.98601276
  -0.96870968  0.44112964]
 [-0.98124068 -0.96590198 -0.95878778 -0.82898812 -0.98136961 -0.9625618
  -0.95958749 -0.89090833 -0.98232065 -0.96885298 -2.         -0.99132806
  -0.9592947   1.        ]
 [-0.98861979 -0.98545859 -0.97194834 -0.89390424 -0.99562545 -0.98156663
  -0.97831153 -0.940631   -0.99315537 -0.98601276 -0.99132806 -2.
  -0.96992607  0.65030716]
 [-0.97062119 -0.96352454 -0.94790965 -0.83701356 -0.96212353 -0.96491234
  -0.94707243 -0.90795378 -0.97619688 -0.96870968 -0.9592947  -0.96992607
  -2.          0.73923854]
 [ 0.61402687  0.15864963  0.11155999 -0.32101881  0.67303075  0.26084676
   0.18407866 -0.12854119  0.4685779   0.44112964  1.          0.65030716
   0.73923854 -2.        ]]

Maxsm is
 [ 0.61402687  0.15864963  0.11155999 -0.32101881  0.67303075  0.26084676
  0.18407866 -0.12854119  0.4685779   0.44112964  1.          0.65030716
  0.73923854  1.        ]


TS-SS wv is [1. 1. 1. 1. 1. 1. 1. 1. 1. 1. 0. 1. 1. 0.]

TS-SS wv sum weight % is
 0.8571428571428571

CS Similarity is
 [[ 2.22044605e-16  9.90534194e-01  9.91670844e-01  9.78263700e-01
   9.91200447e-01  9.90779860e-01  9.88432425e-01  9.85208406e-01
   9.91817501e-01  9.91704905e-01  9.88080744e-01  9.92502022e-01
   9.82667120e-01  9.33249571e-01]
 [ 9.90534194e-01 -2.22044605e-16  9.92464333e-01  9.87426355e-01
   9.92911068e-01  9.92031797e-01  9.90365085e-01  9.92099658e-01
   9.92899801e-01  9.91313073e-01  9.84999558e-01  9.93260972e-01
   9.83165910e-01  9.48337404e-01]
 [ 9.91670844e-01  9.92464333e-01  0.00000000e+00  9.85515249e-01
   9.90094000e-01  9.93248596e-01  9.90147588e-01  9.90975968e-01
   9.92622640e-01  9.90971453e-01  9.86439932e-01  9.91308214e-01
   9.82377060e-01  9.46863191e-01]
 [ 9.78263700e-01  9.87426355e-01  9.85515249e-01  4.44089210e-16
   9.82762281e-01  9.86134586e-01  9.85673278e-01  9.89255706e-01
   9.82726798e-01  9.81397245e-01  9.69858762e-01  9.81177987e-01
   9.69683779e-01  9.61223061e-01]
 [ 9.91200447e-01  9.92911068e-01  9.90094000e-01  9.82762281e-01
  -1.11022302e-16  9.92591971e-01  9.91019934e-01  9.87617286e-01
   9.95114718e-01  9.91733641e-01  9.88083818e-01  9.95452035e-01
   9.81924590e-01  9.34978154e-01]
 [ 9.90779860e-01  9.92031797e-01  9.93248596e-01  9.86134586e-01
   9.92591971e-01  6.66133815e-16  9.89610559e-01  9.90456149e-01
   9.93441695e-01  9.93845842e-01  9.86029715e-01  9.93317155e-01
   9.85703391e-01  9.42012443e-01]
 [ 9.88432425e-01  9.90365085e-01  9.90147588e-01  9.85673278e-01
   9.91019934e-01  9.89610559e-01  2.22044605e-16  9.90777257e-01
   9.90709111e-01  9.88354741e-01  9.83915240e-01  9.91136597e-01
   9.79158151e-01  9.46378223e-01]
 [ 9.85208406e-01  9.92099658e-01  9.90975968e-01  9.89255706e-01
   9.87617286e-01  9.90456149e-01  9.90777257e-01 -1.11022302e-16
   9.87549527e-01  9.87300127e-01  9.75474157e-01  9.86554449e-01
   9.77438214e-01  9.54473595e-01]
 [ 9.91817501e-01  9.92899801e-01  9.92622640e-01  9.82726798e-01
   9.95114718e-01  9.93441695e-01  9.90709111e-01  9.87549527e-01
   4.44089210e-16  9.91669903e-01  9.88059532e-01  9.94702768e-01
   9.84958373e-01  9.39410136e-01]
 [ 9.91704905e-01  9.91313073e-01  9.90971453e-01  9.81397245e-01
   9.91733641e-01  9.93845842e-01  9.88354741e-01  9.87300127e-01
   9.91669903e-01  6.66133815e-16  9.85773134e-01  9.93328323e-01
   9.84703530e-01  9.37058679e-01]
 [ 9.88080744e-01  9.84999558e-01  9.86439932e-01  9.69858762e-01
   9.88083818e-01  9.86029715e-01  9.83915240e-01  9.75474157e-01
   9.88059532e-01  9.85773134e-01 -1.11022302e-16  9.92851342e-01
   9.79322678e-01  9.21065053e-01]
 [ 9.92502022e-01  9.93260972e-01  9.91308214e-01  9.81177987e-01
   9.95452035e-01  9.93317155e-01  9.91136597e-01  9.86554449e-01
   9.94702768e-01  9.93328323e-01  9.92851342e-01  2.22044605e-16
   9.84099420e-01  9.34957865e-01]
 [ 9.82667120e-01  9.83165910e-01  9.82377060e-01  9.69683779e-01
   9.81924590e-01  9.85703391e-01  9.79158151e-01  9.77438214e-01
   9.84958373e-01  9.84703530e-01  9.79322678e-01  9.84099420e-01
  -1.11022302e-16  9.28857694e-01]
 [ 9.33249571e-01  9.48337404e-01  9.46863191e-01  9.61223061e-01
   9.34978154e-01  9.42012443e-01  9.46378223e-01  9.54473595e-01
   9.39410136e-01  9.37058679e-01  9.21065053e-01  9.34957865e-01
   9.28857694e-01  2.22044605e-16]]

Maxcs is 
 [0.99250202 0.99326097 0.9932486  0.98925571 0.99545203 0.99384584
 0.9911366  0.99209966 0.99511472 0.99384584 0.99285134 0.99545203
 0.98570339 0.96122306]

FG wv is [0. 0. 0. 0. 0. 0. 0. 0. 0. 0. 0. 0. 0. 1.]

FG wv sum weight % is 0.07142857142857142

############################################################################################

############################################################################################

comm_round: 1 | global_acc: 59.131% | global_f1: 0.7431713373536716 | global_precision: 0.5913068021450748 | global bin 0.5913068056106567

Simulate Models Sent to Clients

Total time for client_1 : local training was 10.431441799999448
Total time for client_2 : local training was 10.990993800005526
Total time for client_3 : local training was 10.517316100012977
Total time for client_4 : local training was 10.499712600008934
Total time for client_5 : local training was 10.517811799989431
Total time for client_6 : local training was 10.55129869999655
Total time for client_7 : local training was 10.534615299999132
Total time for client_8 : local training was 10.29558220000763
Total time for client_9 : local training was 10.749811800007592
Total time for client_10 : local training was 10.693677699993714
Total time for client_11 : local training was 16.784219000008306
Total time for client_12 : local training was 8.782506400006241
Total time for client_13 : local training was 24.45124900000519
Total time for client_14 : local training was 33.8916576999909

Total Client Grads Scaled : 14 unscaled 14

aggregate_gradients Total Client Grads: 14

TS-SS Similarity is
 [[-2.         -0.97531035 -0.95660466 -0.96391569 -0.9692836  -0.98260975
  -0.97116806 -0.95918568 -0.9724774  -0.9214057  -0.2943665  -0.53857503
  -0.44655794 -0.77211822]
 [-0.97531035 -2.         -0.9461833  -0.96344829 -0.97097245 -0.98625758
  -0.9452709  -0.97757442 -0.90576387 -0.96069564 -0.35666994 -0.54668552
  -0.52882987 -0.81046564]
 [-0.95660466 -0.9461833  -2.         -0.98552867 -0.97410033 -0.97807845
  -0.9784145  -0.97622265 -0.94407636 -0.92758125 -0.52522654 -0.72765126
  -0.65437275 -0.63173494]
 [-0.96391569 -0.96344829 -0.98552867 -2.         -0.98076455 -0.97546222
  -0.97318497 -0.97181807 -0.96117327 -0.95450862 -0.45194675 -0.66203472
  -0.62757834 -0.65557461]
 [-0.9692836  -0.97097245 -0.97410033 -0.98076455 -2.         -0.98673742
  -0.96213757 -0.97220738 -0.94723169 -0.92430004 -0.37806099 -0.57892715
  -0.5103435  -0.72711152]
 [-0.98260975 -0.98625758 -0.97807845 -0.97546222 -0.98673742 -2.
  -0.96601632 -0.98384649 -0.93034745 -0.94686169 -0.4010782  -0.60121865
  -0.5502938  -0.82395118]
 [-0.97116806 -0.9452709  -0.9784145  -0.97318497 -0.96213757 -0.96601632
  -2.         -0.97611178 -0.94731588 -0.93578129 -0.54935731 -0.77254282
  -0.65018727 -0.67038772]
 [-0.95918568 -0.97757442 -0.97622265 -0.97181807 -0.97220738 -0.98384649
  -0.97611178 -2.         -0.93081832 -0.95239918 -0.58847747 -0.73709628
  -0.65169298 -0.75427789]
 [-0.9724774  -0.90576387 -0.94407636 -0.96117327 -0.94723169 -0.93034745
  -0.94731588 -0.93081832 -2.         -0.9129401  -0.44071377 -0.64126943
  -0.55303648 -0.51591935]
 [-0.9214057  -0.96069564 -0.92758125 -0.95450862 -0.92430004 -0.94686169
  -0.93578129 -0.95239918 -0.9129401  -2.         -0.70945023 -0.8248786
  -0.7791492  -0.5750743 ]
 [-0.2943665  -0.35666994 -0.52522654 -0.45194675 -0.37806099 -0.4010782
  -0.54935731 -0.58847747 -0.44071377 -0.70945023 -2.         -0.98547091
  -0.93809885  1.        ]
 [-0.53857503 -0.54668552 -0.72765126 -0.66203472 -0.57892715 -0.60121865
  -0.77254282 -0.73709628 -0.64126943 -0.8248786  -0.98547091 -2.
  -0.96154732  0.53019584]
 [-0.44655794 -0.52882987 -0.65437275 -0.62757834 -0.5103435  -0.5502938
  -0.65018727 -0.65169298 -0.55303648 -0.7791492  -0.93809885 -0.96154732
  -2.          0.7817782 ]
 [-0.77211822 -0.81046564 -0.63173494 -0.65557461 -0.72711152 -0.82395118
  -0.67038772 -0.75427789 -0.51591935 -0.5750743   1.          0.53019584
   0.7817782  -2.        ]]

Maxsm is
 [-0.2943665  -0.35666994 -0.52522654 -0.45194675 -0.37806099 -0.4010782
 -0.54935731 -0.58847747 -0.44071377 -0.5750743   1.          0.53019584
  0.7817782   1.        ]


TS-SS wv is [1. 1. 1. 1. 1. 1. 1. 1. 1. 1. 0. 1. 1. 0.]

TS-SS wv sum weight % is
 0.8571428571428571

CS Similarity is
 [[ 2.22044605e-16  9.78955572e-01  9.74369275e-01  9.78498819e-01
   9.76522759e-01  9.84014239e-01  9.80315047e-01  9.74455517e-01
   9.84298118e-01  9.73259295e-01  8.97359741e-01  9.25764306e-01
   9.05911343e-01  9.66916263e-01]
 [ 9.78955572e-01  2.22044605e-16  9.69662925e-01  9.77871536e-01
   9.77003442e-01  9.86121713e-01  9.68516777e-01  9.83076234e-01
   9.58763779e-01  9.86453835e-01  9.04680690e-01  9.26074159e-01
   9.17239771e-01  9.72622768e-01]
 [ 9.74369275e-01  9.69662925e-01  4.44089210e-16  9.84077213e-01
   9.80978641e-01  9.83139440e-01  9.79343153e-01  9.78348575e-01
   9.63363912e-01  9.65578950e-01  9.12139271e-01  9.43166396e-01
   9.22366153e-01  9.55480303e-01]
 [ 9.78498819e-01  9.77871536e-01  9.84077213e-01  8.88178420e-16
   9.85561525e-01  9.82532913e-01  9.77029281e-01  9.76641039e-01
   9.69710437e-01  9.74751306e-01  8.96182583e-01  9.26972329e-01
   9.13952631e-01  9.59310681e-01]
 [ 9.76522759e-01  9.77003442e-01  9.80978641e-01  9.85561525e-01
   0.00000000e+00  9.85538004e-01  9.74302477e-01  9.79024280e-01
   9.71517326e-01  9.72021906e-01  9.04279147e-01  9.28304081e-01
   9.11253795e-01  9.62297584e-01]
 [ 9.84014239e-01  9.86121713e-01  9.83139440e-01  9.82532913e-01
   9.85538004e-01  4.44089210e-16  9.76105225e-01  9.85750883e-01
   9.65133456e-01  9.79799755e-01  9.07464387e-01  9.31878132e-01
   9.17473722e-01  9.75557940e-01]
 [ 9.80315047e-01  9.68516777e-01  9.79343153e-01  9.77029281e-01
   9.74302477e-01  9.76105225e-01  4.44089210e-16  9.77606324e-01
   9.66129924e-01  9.70136563e-01  9.19062617e-01  9.54734505e-01
   9.24164650e-01  9.59020876e-01]
 [ 9.74455517e-01  9.83076234e-01  9.78348575e-01  9.76641039e-01
   9.79024280e-01  9.85750883e-01  9.77606324e-01  0.00000000e+00
   9.59951820e-01  9.77232090e-01  9.26739522e-01  9.48117935e-01
   9.25362259e-01  9.69050191e-01]
 [ 9.84298118e-01  9.58763779e-01  9.63363912e-01  9.69710437e-01
   9.71517326e-01  9.65133456e-01  9.66129924e-01  9.59951820e-01
   0.00000000e+00  9.54314188e-01  8.86536171e-01  9.16410902e-01
   8.93011049e-01  9.46486412e-01]
 [ 9.73259295e-01  9.86453835e-01  9.65578950e-01  9.74751306e-01
   9.72021906e-01  9.79799755e-01  9.70136563e-01  9.77232090e-01
   9.54314188e-01  0.00000000e+00  9.09950294e-01  9.35088830e-01
   9.14872613e-01  9.61653000e-01]
 [ 8.97359741e-01  9.04680690e-01  9.12139271e-01  8.96182583e-01
   9.04279147e-01  9.07464387e-01  9.19062617e-01  9.26739522e-01
   8.86536171e-01  9.09950294e-01 -2.22044605e-16  9.70504555e-01
   9.36309629e-01  8.75108491e-01]
 [ 9.25764306e-01  9.26074159e-01  9.43166396e-01  9.26972329e-01
   9.28304081e-01  9.31878132e-01  9.54734505e-01  9.48117935e-01
   9.16410902e-01  9.35088830e-01  9.70504555e-01  4.44089210e-16
   9.48018848e-01  9.00171378e-01]
 [ 9.05911343e-01  9.17239771e-01  9.22366153e-01  9.13952631e-01
   9.11253795e-01  9.17473722e-01  9.24164650e-01  9.25362259e-01
   8.93011049e-01  9.14872613e-01  9.36309629e-01  9.48018848e-01
   2.22044605e-16  8.79180998e-01]
 [ 9.66916263e-01  9.72622768e-01  9.55480303e-01  9.59310681e-01
   9.62297584e-01  9.75557940e-01  9.59020876e-01  9.69050191e-01
   9.46486412e-01  9.61653000e-01  8.75108491e-01  9.00171378e-01
   8.79180998e-01 -1.11022302e-16]]

Maxcs is 
 [0.98429812 0.98645383 0.98407721 0.98556152 0.98556152 0.98612171
 0.98031505 0.98575088 0.98429812 0.98645383 0.97050455 0.97050455
 0.94801885 0.97555794]

FG wv is [0.         0.         0.         0.         0.         0.
 0.         0.         0.         0.         0.08986099 0.08986099
 1.         0.38735151]

FG wv sum weight % is 0.11193382007822306

############################################################################################

############################################################################################

comm_round: 2 | global_acc: 59.145% | global_f1: 0.7432372505543237 | global_precision: 0.5913902611150318 | global bin 0.5914479494094849

Simulate Models Sent to Clients

Total time for client_1 : local training was 10.63620730000548
Total time for client_2 : local training was 10.50791269999172
Total time for client_3 : local training was 10.971005999992485
Total time for client_4 : local training was 10.797225300004357
Total time for client_5 : local training was 10.79322300000058
Total time for client_6 : local training was 10.834313900006237
Total time for client_7 : local training was 10.634073699999135
Total time for client_8 : local training was 10.564960600007907
Total time for client_9 : local training was 10.882351200008998
Total time for client_10 : local training was 10.754077100005816
Total time for client_11 : local training was 17.48698480000894
Total time for client_12 : local training was 9.146003100002417
Total time for client_13 : local training was 25.14444079999521
Total time for client_14 : local training was 34.81601409999712

Total Client Grads Scaled : 14 unscaled 14

aggregate_gradients Total Client Grads: 14

TS-SS Similarity is
 [[-2.         -0.99153056 -0.99302955 -0.99254212 -0.99592281 -0.99302238
  -0.99090621 -0.99168721 -0.98917057 -0.99040222 -0.57248121 -0.74282037
  -0.49094299 -0.70703447]
 [-0.99153056 -2.         -0.99588267 -0.99384238 -0.98651528 -0.99203288
  -0.99285178 -0.99101228 -0.97745236 -0.9916667  -0.63635622 -0.76377875
  -0.52303234 -0.66929702]
 [-0.99302955 -0.99588267 -2.         -0.9947085  -0.98788815 -0.9946806
  -0.99583477 -0.99420265 -0.98496929 -0.99448795 -0.68077915 -0.81281592
  -0.56098543 -0.66525435]
 [-0.99254212 -0.99384238 -0.9947085  -2.         -0.98985281 -0.99566481
  -0.99621655 -0.99383404 -0.98494554 -0.99479966 -0.7259121  -0.83484076
  -0.6465451  -0.67464009]
 [-0.99592281 -0.98651528 -0.98788815 -0.98985281 -2.         -0.99170646
  -0.98831765 -0.99432787 -0.99137417 -0.99118046 -0.58059044 -0.75089437
  -0.48783301 -0.71381278]
 [-0.99302238 -0.99203288 -0.9946806  -0.99566481 -0.99170646 -2.
  -0.99562589 -0.99312353 -0.99267714 -0.99612202 -0.71436699 -0.85196123
  -0.64283984 -0.66693566]
 [-0.99090621 -0.99285178 -0.99583477 -0.99621655 -0.98831765 -0.99562589
  -2.         -0.99271806 -0.98568253 -0.9931009  -0.7173443  -0.81607064
  -0.58890283 -0.65323549]
 [-0.99168721 -0.99101228 -0.99420265 -0.99383404 -0.99432787 -0.99312353
  -0.99271806 -2.         -0.98797285 -0.99262034 -0.64143276 -0.80451599
  -0.55197341 -0.69409986]
 [-0.98917057 -0.97745236 -0.98496929 -0.98494554 -0.99137417 -0.99267714
  -0.98568253 -0.98797285 -2.         -0.98527949 -0.60080909 -0.74177848
  -0.42319243 -0.72610935]
 [-0.99040222 -0.9916667  -0.99448795 -0.99479966 -0.99118046 -0.99612202
  -0.9931009  -0.99262034 -0.98527949 -2.         -0.70554023 -0.83662272
  -0.60070148 -0.58348695]
 [-0.57248121 -0.63635622 -0.68077915 -0.7259121  -0.58059044 -0.71436699
  -0.7173443  -0.64143276 -0.60080909 -0.70554023 -2.         -0.99141107
  -0.97125983  0.87112438]
 [-0.74282037 -0.76377875 -0.81281592 -0.83484076 -0.75089437 -0.85196123
  -0.81607064 -0.80451599 -0.74177848 -0.83662272 -0.99141107 -2.
  -0.98687025  0.39071643]
 [-0.49094299 -0.52303234 -0.56098543 -0.6465451  -0.48783301 -0.64283984
  -0.58890283 -0.55197341 -0.42319243 -0.60070148 -0.97125983 -0.98687025
  -2.          1.        ]
 [-0.70703447 -0.66929702 -0.66525435 -0.67464009 -0.71381278 -0.66693566
  -0.65323549 -0.69409986 -0.72610935 -0.58348695  0.87112438  0.39071643
   1.         -2.        ]]

Maxsm is
 [-0.49094299 -0.52303234 -0.56098543 -0.6465451  -0.48783301 -0.64283984
 -0.58890283 -0.55197341 -0.42319243 -0.58348695  0.87112438  0.39071643
  1.          1.        ]


TS-SS wv is [1. 1. 1. 1. 1. 1. 1. 1. 1. 1. 1. 1. 0. 0.]

TS-SS wv sum weight % is
 0.8571428571428571

CS Similarity is
 [[ 6.66133815e-16  9.87031483e-01  9.89577478e-01  9.90823800e-01
   9.89805516e-01  9.89808592e-01  9.87275457e-01  9.85813771e-01
   9.85063389e-01  9.87450813e-01  8.96016452e-01  9.40699002e-01
   8.76646337e-01  9.61499613e-01]
 [ 9.87031483e-01  6.66133815e-16  9.89195045e-01  9.87476379e-01
   9.81476527e-01  9.83192498e-01  9.84439182e-01  9.82912881e-01
   9.79105660e-01  9.83442025e-01  8.93694153e-01  9.32543174e-01
   8.62579691e-01  9.61175564e-01]
 [ 9.89577478e-01  9.89195045e-01  2.22044605e-16  9.87984929e-01
   9.83648936e-01  9.86441112e-01  9.88569238e-01  9.88089904e-01
   9.85940651e-01  9.86816472e-01  9.03627754e-01  9.46488724e-01
   8.69008457e-01  9.61473326e-01]
 [ 9.90823800e-01  9.87476379e-01  9.87984929e-01  4.44089210e-16
   9.87777979e-01  9.89350496e-01  9.90328473e-01  9.89327716e-01
   9.88007643e-01  9.86848465e-01  9.09256562e-01  9.48071201e-01
   8.83907244e-01  9.64929034e-01]
 [ 9.89805516e-01  9.81476527e-01  9.83648936e-01  9.87777979e-01
   6.66133815e-16  9.88205437e-01  9.84420443e-01  9.89387538e-01
   9.87434083e-01  9.88369873e-01  8.98149546e-01  9.43021208e-01
   8.76015557e-01  9.62439466e-01]
 [ 9.89808592e-01  9.83192498e-01  9.86441112e-01  9.89350496e-01
   9.88205437e-01  8.88178420e-16  9.87885271e-01  9.86725720e-01
   9.93514113e-01  9.89457196e-01  9.13019930e-01  9.59550825e-01
   8.91434206e-01  9.61994142e-01]
 [ 9.87275457e-01  9.84439182e-01  9.88569238e-01  9.90328473e-01
   9.84420443e-01  9.87885271e-01  4.44089210e-16  9.86194351e-01
   9.86881152e-01  9.84183149e-01  9.13770901e-01  9.46626506e-01
   8.75292038e-01  9.60253606e-01]
 [ 9.85813771e-01  9.82912881e-01  9.88089904e-01  9.89327716e-01
   9.89387538e-01  9.86725720e-01  9.86194351e-01  4.44089210e-16
   9.86386209e-01  9.86774777e-01  9.02255751e-01  9.50726477e-01
   8.78457496e-01  9.62769941e-01]
 [ 9.85063389e-01  9.79105660e-01  9.85940651e-01  9.88007643e-01
   9.87434083e-01  9.93514113e-01  9.86881152e-01  9.86386209e-01
   4.44089210e-16  9.87336464e-01  9.17971953e-01  9.51264638e-01
   8.79321566e-01  9.60010620e-01]
 [ 9.87450813e-01  9.83442025e-01  9.86816472e-01  9.86848465e-01
   9.88369873e-01  9.89457196e-01  9.84183149e-01  9.86774777e-01
   9.87336464e-01 -1.11022302e-16  9.06568352e-01  9.51595880e-01
   8.74646458e-01  9.52303430e-01]
 [ 8.96016452e-01  8.93694153e-01  9.03627754e-01  9.09256562e-01
   8.98149546e-01  9.13019930e-01  9.13770901e-01  9.02255751e-01
   9.17971953e-01  9.06568352e-01  0.00000000e+00  9.36220031e-01
   8.70271667e-01  8.61320576e-01]
 [ 9.40699002e-01  9.32543174e-01  9.46488724e-01  9.48071201e-01
   9.43021208e-01  9.59550825e-01  9.46626506e-01  9.50726477e-01
   9.51264638e-01  9.51595880e-01  9.36220031e-01  2.22044605e-16
   9.18763315e-01  9.00507713e-01]
 [ 8.76646337e-01  8.62579691e-01  8.69008457e-01  8.83907244e-01
   8.76015557e-01  8.91434206e-01  8.75292038e-01  8.78457496e-01
   8.79321566e-01  8.74646458e-01  8.70271667e-01  9.18763315e-01
   4.44089210e-16  8.51267900e-01]
 [ 9.61499613e-01  9.61175564e-01  9.61473326e-01  9.64929034e-01
   9.62439466e-01  9.61994142e-01  9.60253606e-01  9.62769941e-01
   9.60010620e-01  9.52303430e-01  8.61320576e-01  9.00507713e-01
   8.51267900e-01 -1.11022302e-16]]

Maxcs is 
 [0.9908238  0.98919505 0.98957748 0.9908238  0.98980552 0.99351411
 0.99032847 0.98938754 0.99351411 0.9894572  0.93622003 0.95955083
 0.91876331 0.96492903]

FG wv is [0.         0.         0.         0.         0.         0.
 0.         0.         0.         0.         1.         0.62101311
 1.         0.50478046]

FG wv sum weight % is 0.2232709696924516

############################################################################################

############################################################################################

comm_round: 3 | global_acc: 59.215% | global_f1: 0.743566992014197 | global_precision: 0.5918079096045198 | global bin 0.5921535491943359

Simulate Models Sent to Clients

Total time for client_1 : local training was 10.428180100003374
Total time for client_2 : local training was 10.825401499998407
Total time for client_3 : local training was 10.648162199999206
Total time for client_4 : local training was 10.719978099994478
Total time for client_5 : local training was 10.764968700008467
Total time for client_6 : local training was 10.814830000002985
Total time for client_7 : local training was 10.52217749999545
Total time for client_8 : local training was 10.91530409999541
Total time for client_9 : local training was 10.883819900001981
Total time for client_10 : local training was 10.708740100002615
Total time for client_11 : local training was 17.381114000003436
Total time for client_12 : local training was 8.883179000011296
Total time for client_13 : local training was 25.160496099997545
Total time for client_14 : local training was 35.08378070000617

Total Client Grads Scaled : 14 unscaled 14

aggregate_gradients Total Client Grads: 14

TS-SS Similarity is
 [[-2.         -0.99456461 -0.99526656 -0.97407426 -0.99183438 -0.99147286
  -0.98200123 -0.99155263 -0.99435239 -0.99366658 -0.7749287  -0.92986163
  -0.70348103 -0.70682653]
 [-0.99456461 -2.         -0.99287357 -0.97801508 -0.98770059 -0.99109508
  -0.98812859 -0.99196259 -0.99046294 -0.99249076 -0.74471499 -0.90420529
  -0.6388951  -0.65625744]
 [-0.99526656 -0.99287357 -2.         -0.96810784 -0.98734866 -0.99034761
  -0.98036912 -0.99010533 -0.99031599 -0.9911144  -0.8082795  -0.93199289
  -0.71196313 -0.63354129]
 [-0.97407426 -0.97801508 -0.96810784 -2.         -0.98524535 -0.9879629
  -0.98695891 -0.98086982 -0.98191289 -0.98185894 -0.49772227 -0.78058338
  -0.30047512 -0.7914142 ]
