###############################################################################################################################################################                   Begin label_10_sybils_sim Simulation              ###############################################################################################################################################################Starting Machine:
Loading Data...

Data Distributions:
normal (0) abnormal(1)
attack
0     9490
1    14400
dtype: int64
Data Proto Distributions:
normal (0) abnormal(1)
proto
arp            467
icmp            12
igmp             2
ipv6-icmp       88
rarp             1
tcp           8447
udp          14873
dtype: int64

Pre-Processing DataHead of Data Frame
   pkSeqID  flgs  proto  sport  ...  TnPPerProto  TnPPerDport      avgPD  attack
0     4340     1      2    0.0  ...      5525931      1322674  10.933030       0
1    24313     1      2    0.0  ...      4994350      1045163  10.965459       0
2    29744     1      2    0.0  ...      4407386      1131789  11.010636       0
3    65173     1      2    0.0  ...      4472728       972058  11.960652       0
4    93800     1      2    0.0  ...      3608282       845792  12.280588       0

[5 rows x 30 columns]
Check Data is CleanNull ValuespkSeqID        0
flgs           0
proto          0
sport          0
dport          0
pkts           0
bytes          0
state          0
seq            0
dur            0
mean           0
stddev         0
sum            0
min            0
max            0
spkts          0
dpkts          0
sbytes         0
dbytes         0
rate           0
srate          0
drate          0
TnBPsrcIP      0
TnBPDstIP      0
TnPPSrcIP      0
TnPPDstIP      0
TnPPerProto    0
TnPPerDport    0
avgPD          0
attack         0
dtype: int64

Data Features: 29 | LSTM Timesteps: 80
Create Clients: 10

Create Label Flip Sybils: 10

Flipping Labels

Flipping Labels

Flipping Labels

Flipping Labels

Flipping Labels

Flipping Labels

Flipping Labels

Flipping Labels

Flipping Labels

Flipping Labels

Number of total clients and sybils 20

Simulate Models Sent to Clients

Total time for client_1 : local training was 10.482846700004302
Total time for client_2 : local training was 10.528330899978755
Total time for client_3 : local training was 10.851170900015859
Total time for client_4 : local training was 10.42924930001027
Total time for client_5 : local training was 10.942082800000207
Total time for client_6 : local training was 10.753346300014528
Total time for client_7 : local training was 10.490024300001096
Total time for client_8 : local training was 10.865549700014526
Total time for client_9 : local training was 10.759090900013689
Total time for client_10 : local training was 10.425081900000805
Total time for client_11 : local training was 10.852112900000066
Total time for client_12 : local training was 10.457139000005554
Total time for client_13 : local training was 10.307281200017314
Total time for client_14 : local training was 10.926829700008966
Total time for client_15 : local training was 10.430003400018904
Total time for client_16 : local training was 10.94097850000253
Total time for client_17 : local training was 10.704914000001736
Total time for client_18 : local training was 10.545714500010945
Total time for client_19 : local training was 10.834862899995642
Total time for client_20 : local training was 10.62528989999555

Total Client Grads Scaled : 20 unscaled 20

aggregate_gradients Total Client Grads: 20

TS-SS Similarity is
 [[-2.          0.50414789  0.17998055 -0.14017584  0.07755095 -0.26271794
   0.04101402 -0.26708657  0.15481477 -0.37949902 -0.32438966  0.0683832
   0.0223272   0.48169149 -0.23354683  0.08434692 -0.02484235  0.14416306
   1.          0.15108291]
 [ 0.50414789 -2.         -0.40615836 -0.45583159 -0.20777151 -0.16391489
  -0.56301966 -0.22547648 -0.31978698  0.00961577  0.01475984 -0.20832787
   0.00780274 -0.50592443  0.16593051 -0.0660116   0.73258383 -0.5737186
  -0.37020777 -0.76736583]
 [ 0.17998055 -0.40615836 -2.         -0.34595841 -0.58359769 -0.1775637
  -0.8267885  -0.42280368 -0.29199223 -0.37059287 -0.56580072 -0.01208263
  -0.11404417 -0.59031466 -0.07451338 -0.10636927 -0.01875813 -0.26685805
  -0.4234065  -0.66049868]
 [-0.14017584 -0.45583159 -0.34595841 -2.         -0.17188067 -0.21328317
  -0.58192936 -0.60696071 -0.82360086 -0.29859444 -0.57665281 -0.63650727
  -0.72323457 -0.34088209 -0.04630523  0.17668639  0.18838368 -0.55468888
  -0.20057488 -0.5200211 ]
 [ 0.07755095 -0.20777151 -0.58359769 -0.17188067 -2.         -0.31442967
  -0.48933368 -0.57862514 -0.24229238 -0.37772066 -0.39185694 -0.16660851
  -0.01019131 -0.66603823 -0.1202731  -0.26988705  0.25589516 -0.29146229
  -0.31273334 -0.54791529]
 [-0.26271794 -0.16391489 -0.1775637  -0.21328317 -0.31442967 -2.
  -0.38944353 -0.10012831  0.06397351 -0.62211205 -0.07176425 -0.52494866
  -0.09873931 -0.41077386  0.10150385 -0.64966424 -0.43675538 -0.70753138
  -0.17029005 -0.39316433]
 [ 0.04101402 -0.56301966 -0.8267885  -0.58192936 -0.48933368 -0.38944353
  -2.         -0.40677501 -0.41326803 -0.53625512 -0.53267605 -0.21428128
  -0.22184995 -0.61333078 -0.3161876  -0.1853668  -0.03440408 -0.45707237
  -0.33506048 -0.71231017]
 [-0.26708657 -0.22547648 -0.42280368 -0.60696071 -0.57862514 -0.10012831
  -0.40677501 -2.         -0.60895938 -0.25219668 -0.53299692 -0.26360171
  -0.32062344 -0.38431511 -0.23308327  0.20725562  0.40813731 -0.29778207
   0.11817737 -0.47876518]
 [ 0.15481477 -0.31978698 -0.29199223 -0.82360086 -0.24229238  0.06397351
  -0.41326803 -0.60895938 -2.         -0.14244375 -0.55570853 -0.49772319
  -0.71370347 -0.34973068  0.15598683  0.30547377  0.34651276 -0.46818363
  -0.38740452 -0.46307634]
 [-0.37949902  0.00961577 -0.37059287 -0.29859444 -0.37772066 -0.62211205
  -0.53625512 -0.25219668 -0.14244375 -2.         -0.63253484 -0.3429185
  -0.1186549  -0.3118193  -0.42146848 -0.54607699 -0.39825843 -0.39978572
  -0.09929335 -0.43521683]
 [-0.32438966  0.01475984 -0.56580072 -0.57665281 -0.39185694 -0.07176425
  -0.53267605 -0.53299692 -0.55570853 -0.63253484 -2.         -0.22986266
  -0.40394076 -0.1823185  -0.18893389  0.0631293  -0.03184393 -0.06115286
  -0.05872762 -0.45727866]
 [ 0.0683832  -0.20832787 -0.01208263 -0.63650727 -0.16660851 -0.52494866
  -0.21428128 -0.26360171 -0.49772319 -0.3429185  -0.22986266 -2.
  -0.6713539  -0.29432454  0.29462788 -0.09277754 -0.12300199 -0.69443526
  -0.41248446 -0.3460079 ]
 [ 0.0223272   0.00780274 -0.11404417 -0.72323457 -0.01019131 -0.09873931
  -0.22184995 -0.32062344 -0.71370347 -0.1186549  -0.40394076 -0.6713539
  -2.         -0.01056728  0.49085277  0.38200486 -0.12240677 -0.46099925
  -0.3096608  -0.1006203 ]
 [ 0.48169149 -0.50592443 -0.59031466 -0.34088209 -0.66603823 -0.41077386
  -0.61333078 -0.38431511 -0.34973068 -0.3118193  -0.1823185  -0.29432454
  -0.01056728 -2.          0.24271489 -0.20928849  0.2660293  -0.57044968
  -0.65987611 -0.66155707]
 [-0.23354683  0.16593051 -0.07451338 -0.04630523 -0.1202731   0.10150385
  -0.3161876  -0.23308327  0.15598683 -0.42146848 -0.18893389  0.29462788
   0.49085277  0.24271489 -2.         -0.03493776  0.37703944  0.12635199
   0.81862761  0.01985438]
 [ 0.08434692 -0.0660116  -0.10636927  0.17668639 -0.26988705 -0.64966424
  -0.1853668   0.20725562  0.30547377 -0.54607699  0.0631293  -0.09277754
   0.38200486 -0.20928849 -0.03493776 -2.         -0.08877017 -0.52651758
  -0.01502177 -0.41124704]
 [-0.02484235  0.73258383 -0.01875813  0.18838368  0.25589516 -0.43675538
  -0.03440408  0.40813731  0.34651276 -0.39825843 -0.03184393 -0.12300199
  -0.12240677  0.2660293   0.37703944 -0.08877017 -2.         -0.16047382
   0.06089106  0.36456346]
 [ 0.14416306 -0.5737186  -0.26685805 -0.55468888 -0.29146229 -0.70753138
  -0.45707237 -0.29778207 -0.46818363 -0.39978572 -0.06115286 -0.69443526
  -0.46099925 -0.57044968  0.12635199 -0.52651758 -0.16047382 -2.
  -0.55427926 -0.5716873 ]
 [ 1.         -0.37020777 -0.4234065  -0.20057488 -0.31273334 -0.17029005
  -0.33506048  0.11817737 -0.38740452 -0.09929335 -0.05872762 -0.41248446
  -0.3096608  -0.65987611  0.81862761 -0.01502177  0.06089106 -0.55427926
  -2.         -0.44995472]
 [ 0.15108291 -0.76736583 -0.66049868 -0.5200211  -0.54791529 -0.39316433
  -0.71231017 -0.47876518 -0.46307634 -0.43521683 -0.45727866 -0.3460079
  -0.1006203  -0.66155707  0.01985438 -0.41124704  0.36456346 -0.5716873
  -0.44995472 -2.        ]]

Maxsm is
 [1.         0.73258383 0.17998055 0.18838368 0.25589516 0.10150385
 0.04101402 0.40813731 0.34651276 0.00961577 0.0631293  0.29462788
 0.49085277 0.48169149 0.81862761 0.38200486 0.73258383 0.14416306
 1.         0.36456346]


TS-SS wv is [0.         0.         1.         1.         1.         1.
 1.         1.         1.         1.         1.         1.
 0.98106377 1.         0.53660586 1.         0.         1.
 0.         1.        ]

TS-SS wv sum weight % is
 0.775883481466962

CS Similarity is
 [[ 2.22044605e-16  9.99518604e-01  9.99678282e-01  9.99745723e-01
   9.99694660e-01  9.99787756e-01  9.99693707e-01  9.99764549e-01
   9.99652041e-01  9.99825199e-01  9.99811407e-01  9.99699303e-01
   9.99700875e-01  9.99582649e-01  9.99735665e-01  9.99681016e-01
   9.99772495e-01  9.99658599e-01  9.99478970e-01  9.99650728e-01]
 [ 9.99518604e-01  0.00000000e+00  9.99810427e-01  9.99805794e-01
   9.99734882e-01  9.99712187e-01  9.99845117e-01  9.99707435e-01
   9.99755210e-01  9.99657997e-01  9.99660136e-01  9.99736799e-01
   9.99656224e-01  9.99836417e-01  9.99580418e-01  9.99678470e-01
   9.99506664e-01  9.99845816e-01  9.99815931e-01  9.99914030e-01]
 [ 9.99678282e-01  9.99810427e-01  0.00000000e+00  9.99762458e-01
   9.99835613e-01  9.99700828e-01  9.99936898e-01  9.99808057e-01
   9.99748518e-01  9.99765215e-01  9.99831821e-01  9.99634570e-01
   9.99680368e-01  9.99835632e-01  9.99715430e-01  9.99679228e-01
   9.99660490e-01  9.99737091e-01  9.99783418e-01  9.99878636e-01]
 [ 9.99745723e-01  9.99805794e-01  9.99762458e-01  2.22044605e-16
   9.99692098e-01  9.99697847e-01  9.99828397e-01  9.99852184e-01
   9.99925873e-01  9.99728897e-01  9.99831837e-01  9.99857971e-01
   9.99883744e-01  9.99752981e-01  9.99680596e-01  9.99565740e-01
   9.99624795e-01  9.99817527e-01  9.99732134e-01  9.99808875e-01]
 [ 9.99694660e-01  9.99734882e-01  9.99835613e-01  9.99692098e-01
   4.44089210e-16  9.99736460e-01  9.99800599e-01  9.99851876e-01
   9.99720618e-01  9.99757320e-01  9.99759140e-01  9.99678364e-01
   9.99633812e-01  9.99860671e-01  9.99717590e-01  9.99722898e-01
   9.99588109e-01  9.99734460e-01  9.99756151e-01  9.99829373e-01]
 [ 9.99787756e-01  9.99712187e-01  9.99700828e-01  9.99697847e-01
   9.99736460e-01  2.22044605e-16  9.99757355e-01  9.99682119e-01
   9.99609920e-01  9.99842827e-01  9.99649924e-01  9.99813196e-01
   9.99654570e-01  9.99773252e-01  9.99639255e-01  9.99853754e-01
   9.99817866e-01  9.99879061e-01  9.99717506e-01  9.99767072e-01]
 [ 9.99693707e-01  9.99845117e-01  9.99936898e-01  9.99828397e-01
   9.99800599e-01  9.99757355e-01 -2.22044605e-16  9.99783183e-01
   9.99770417e-01  9.99812174e-01  9.99813609e-01  9.99705688e-01
   9.99697664e-01  9.99848529e-01  9.99770255e-01  9.99683783e-01
   9.99690504e-01  9.99783534e-01  9.99773912e-01  9.99882963e-01]
 [ 9.99764549e-01  9.99707435e-01  9.99808057e-01  9.99852184e-01
   9.99851876e-01  9.99682119e-01  9.99783183e-01  2.22044605e-16
   9.99849563e-01  9.99733930e-01  9.99833137e-01  9.99746090e-01
   9.99754949e-01  9.99787683e-01  9.99720269e-01  9.99581591e-01
   9.99586518e-01  9.99742095e-01  9.99655982e-01  9.99800735e-01]
 [ 9.99652041e-01  9.99755210e-01  9.99748518e-01  9.99925873e-01
   9.99720618e-01  9.99609920e-01  9.99770417e-01  9.99849563e-01
   4.44089210e-16  9.99679958e-01  9.99827754e-01  9.99811024e-01
   9.99883029e-01  9.99760358e-01  9.99612112e-01  9.99530152e-01
   9.99583089e-01  9.99786836e-01  9.99797914e-01  9.99784330e-01]
 [ 9.99825199e-01  9.99657997e-01  9.99765215e-01  9.99728897e-01
   9.99757320e-01  9.99842827e-01  9.99812174e-01  9.99733930e-01
   9.99679958e-01  0.00000000e+00  9.99848187e-01  9.99746607e-01
   9.99662888e-01  9.99737011e-01  9.99808389e-01  9.99815686e-01
   9.99803720e-01  9.99766063e-01  9.99692846e-01  9.99783300e-01]
 [ 9.99811407e-01  9.99660136e-01  9.99831821e-01  9.99831837e-01
   9.99759140e-01  9.99649924e-01  9.99813609e-01  9.99833137e-01
   9.99827754e-01  9.99848187e-01  4.44089210e-16  9.99703761e-01
   9.99765604e-01  9.99688792e-01  9.99735845e-01  9.99607389e-01
   9.99681696e-01  9.99653109e-01  9.99675917e-01  9.99794105e-01]
 [ 9.99699303e-01  9.99736799e-01  9.99634570e-01  9.99857971e-01
   9.99678364e-01  9.99813196e-01  9.99705688e-01  9.99746090e-01
   9.99811024e-01  9.99746607e-01  9.99703761e-01 -2.22044605e-16
   9.99868249e-01  9.99722360e-01  9.99592393e-01  9.99664531e-01
   9.99705009e-01  9.99880808e-01  9.99788576e-01  9.99759817e-01]
 [ 9.99700875e-01  9.99656224e-01  9.99680368e-01  9.99883744e-01
   9.99633812e-01  9.99654570e-01  9.99697664e-01  9.99754949e-01
   9.99883029e-01  9.99662888e-01  9.99765604e-01  9.99868249e-01
  -1.11022302e-16  9.99637320e-01  9.99520754e-01  9.99498444e-01
   9.99716594e-01  9.99786190e-01  9.99764041e-01  9.99665980e-01]
 [ 9.99582649e-01  9.99836417e-01  9.99835632e-01  9.99752981e-01
   9.99860671e-01  9.99773252e-01  9.99848529e-01  9.99787683e-01
   9.99760358e-01  9.99737011e-01  9.99688792e-01  9.99722360e-01
   9.99637320e-01  2.22044605e-16  9.99609591e-01  9.99705190e-01
   9.99581044e-01  9.99835878e-01  9.99875228e-01  9.99873110e-01]
 [ 9.99735665e-01  9.99580418e-01  9.99715430e-01  9.99680596e-01
   9.99717590e-01  9.99639255e-01  9.99770255e-01  9.99720269e-01
   9.99612112e-01  9.99808389e-01  9.99735845e-01  9.99592393e-01
   9.99520754e-01  9.99609591e-01  4.44089210e-16  9.99679770e-01
   9.99619809e-01  9.99624693e-01  9.99479173e-01  9.99652479e-01]
 [ 9.99681016e-01  9.99678470e-01  9.99679228e-01  9.99565740e-01
   9.99722898e-01  9.99853754e-01  9.99683783e-01  9.99581591e-01
   9.99530152e-01  9.99815686e-01  9.99607389e-01  9.99664531e-01
   9.99498444e-01  9.99705190e-01  9.99679770e-01  2.22044605e-16
   9.99707375e-01  9.99809111e-01  9.99669708e-01  9.99771774e-01]
 [ 9.99772495e-01  9.99506664e-01  9.99660490e-01  9.99624795e-01
   9.99588109e-01  9.99817866e-01  9.99690504e-01  9.99586518e-01
   9.99583089e-01  9.99803720e-01  9.99681696e-01  9.99705009e-01
   9.99716594e-01  9.99581044e-01  9.99619809e-01  9.99707375e-01
   2.22044605e-16  9.99734483e-01  9.99612758e-01  9.99580491e-01]
 [ 9.99658599e-01  9.99845816e-01  9.99737091e-01  9.99817527e-01
   9.99734460e-01  9.99879061e-01  9.99783534e-01  9.99742095e-01
   9.99786836e-01  9.99766063e-01  9.99653109e-01  9.99880808e-01
   9.99786190e-01  9.99835878e-01  9.99624693e-01  9.99809111e-01
   9.99734483e-01  2.22044605e-16  9.99851557e-01  9.99826776e-01]
 [ 9.99478970e-01  9.99815931e-01  9.99783418e-01  9.99732134e-01
   9.99756151e-01  9.99717506e-01  9.99773912e-01  9.99655982e-01
   9.99797914e-01  9.99692846e-01  9.99675917e-01  9.99788576e-01
   9.99764041e-01  9.99875228e-01  9.99479173e-01  9.99669708e-01
   9.99612758e-01  9.99851557e-01  4.44089210e-16  9.99820646e-01]
 [ 9.99650728e-01  9.99914030e-01  9.99878636e-01  9.99808875e-01
   9.99829373e-01  9.99767072e-01  9.99882963e-01  9.99800735e-01
   9.99784330e-01  9.99783300e-01  9.99794105e-01  9.99759817e-01
   9.99665980e-01  9.99873110e-01  9.99652479e-01  9.99771774e-01
   9.99580491e-01  9.99826776e-01  9.99820646e-01 -4.44089210e-16]]

Maxcs is 
 [0.9998252  0.99991403 0.9999369  0.99992587 0.99986067 0.99987906
 0.9999369  0.99985218 0.99992587 0.99984819 0.99984819 0.99988081
 0.99988374 0.99987523 0.99980839 0.99985375 0.99981787 0.99988081
 0.99987523 0.99991403]

FG wv is [1.         0.         0.         0.         1.         0.62082903
 0.         1.         0.         1.         1.         0.56030943
 0.77917538 0.65706006 1.         1.         1.         0.56030943
 0.65706006 0.        ]

FG wv sum weight % is 0.5917371689449087

############################################################################################

############################################################################################

comm_round: 0 | global_acc: 59.131% | global_f1: 0.7431713373536716 | global_precision: 0.5913068021450748 | global bin 0.5913068056106567

Simulate Models Sent to Clients

Total time for client_1 : local training was 10.440741200000048
Total time for client_2 : local training was 10.899844899977325
Total time for client_3 : local training was 10.683695300016552
Total time for client_4 : local training was 10.352955099981045
Total time for client_5 : local training was 10.784238499996718
Total time for client_6 : local training was 10.738423600007081
Total time for client_7 : local training was 10.332935299986275
Total time for client_8 : local training was 10.93767340001068
Total time for client_9 : local training was 10.38104249999742
Total time for client_10 : local training was 11.020297700015362
Total time for client_11 : local training was 10.611105200019665
Total time for client_12 : local training was 10.337854800018249
Total time for client_13 : local training was 10.977388800005428
Total time for client_14 : local training was 10.274921800009906
Total time for client_15 : local training was 10.739445600018371
Total time for client_16 : local training was 10.71485320001375
Total time for client_17 : local training was 10.556128299998818
Total time for client_18 : local training was 10.735453000001144
Total time for client_19 : local training was 10.744457099994179
Total time for client_20 : local training was 10.344730900018476

Total Client Grads Scaled : 20 unscaled 20

aggregate_gradients Total Client Grads: 20

TS-SS Similarity is
 [[-2.         -0.64403941 -0.47785272 -0.57349059 -0.53895    -0.75329154
  -0.12038359 -0.86631747 -0.59129542 -0.80674895 -0.5897929  -0.58861722
  -0.85806903 -0.41512329 -0.644671   -0.38140496 -0.55901956 -0.60944085
  -0.54994513 -0.74494512]
 [-0.64403941 -2.         -0.64202874 -0.56656085 -0.40203947 -0.88230855
   0.11198527 -0.53960132 -0.61969395 -0.750845   -0.51974546 -0.39443037
  -0.79038289 -0.71090296 -0.76516813 -0.58774926 -0.7679084  -0.70754647
  -0.80882621 -0.66450968]
 [-0.47785272 -0.64202874 -2.         -0.55242732 -0.3670038  -0.63056898
  -0.01119196 -0.33195058 -0.66265873 -0.55700749 -0.38986822 -0.47309536
  -0.6498403  -0.54655772 -0.7824214   0.02769599 -0.61520061 -0.66040297
  -0.65560387 -0.44323103]
 [-0.57349059 -0.56656085 -0.55242732 -2.         -0.51015205 -0.70312801
  -0.10529719 -0.38903892 -0.7325578  -0.58036929 -0.42643229 -0.71295087
  -0.74125433 -0.71597088 -0.80185457 -0.10067811 -0.82889881 -0.7084166
  -0.67051594 -0.70543131]
 [-0.53895    -0.40203947 -0.3670038  -0.51015205 -2.         -0.57884915
  -0.40409425 -0.57057144 -0.795698   -0.77877496 -0.67846275 -0.60393953
  -0.60532485 -0.55996189 -0.62239903  0.16748858 -0.59996358 -0.64028112
  -0.71505645 -0.79586591]
 [-0.75329154 -0.88230855 -0.63056898 -0.70312801 -0.57884915 -2.
  -0.13507193 -0.72494193 -0.78333794 -0.82205466 -0.66729993 -0.60000005
  -0.87885471 -0.73199429 -0.82341973 -0.43763989 -0.87498947 -0.74751989
  -0.83503398 -0.7728138 ]
 [-0.12038359  0.11198527 -0.01119196 -0.10529719 -0.40409425 -0.13507193
  -2.         -0.02620848 -0.38657925 -0.41006239 -0.72454323 -0.6292953
  -0.16776744 -0.56826391 -0.21071408  1.         -0.09991178 -0.51509666
  -0.16911358 -0.22580246]
 [-0.86631747 -0.53960132 -0.33195058 -0.38903892 -0.57057144 -0.72494193
  -0.02620848 -2.         -0.52965247 -0.79824268 -0.64884353 -0.43644547
  -0.78734692 -0.22643436 -0.54122899 -0.46714801 -0.45328011 -0.43096546
  -0.51215502 -0.82462458]
 [-0.59129542 -0.61969395 -0.66265873 -0.7325578  -0.795698   -0.78333794
  -0.38657925 -0.52965247 -2.         -0.7875521  -0.64436548 -0.73820721
  -0.75457069 -0.77360217 -0.83532721  0.03998041 -0.87979998 -0.81369583
  -0.81206515 -0.70032285]
 [-0.80674895 -0.750845   -0.55700749 -0.58036929 -0.77877496 -0.82205466
  -0.41006239 -0.79824268 -0.7875521  -2.         -0.83173998 -0.62586031
  -0.79877221 -0.68450042 -0.74785683 -0.35189025 -0.74610185 -0.73052625
  -0.80982698 -0.87656571]
 [-0.5897929  -0.51974546 -0.38986822 -0.42643229 -0.67846275 -0.66729993
  -0.72454323 -0.64884353 -0.64436548 -0.83173998 -2.         -0.62036484
  -0.63508073 -0.6925926  -0.63274853 -0.16759478 -0.48466621 -0.65786554
  -0.7049694  -0.75362897]
 [-0.58861722 -0.39443037 -0.47309536 -0.71295087 -0.60393953 -0.60000005
  -0.6292953  -0.43644547 -0.73820721 -0.62586031 -0.62036484 -2.
  -0.6401582  -0.76451911 -0.65917161  0.36128344 -0.6832322  -0.76191927
  -0.56380609 -0.58587681]
 [-0.85806903 -0.79038289 -0.6498403  -0.74125433 -0.60532485 -0.87885471
  -0.16776744 -0.78734692 -0.75457069 -0.79877221 -0.63508073 -0.6401582
  -2.         -0.57387774 -0.81426834 -0.40814711 -0.75279302 -0.75627142
  -0.68606122 -0.79521241]
 [-0.41512329 -0.71090296 -0.54655772 -0.71597088 -0.55996189 -0.73199429
  -0.56826391 -0.22643436 -0.77360217 -0.68450042 -0.6925926  -0.76451911
  -0.57387774 -2.         -0.7595612  -0.12778334 -0.79319845 -0.82680042
  -0.79711104 -0.58973935]
 [-0.644671   -0.76516813 -0.7824214  -0.80185457 -0.62239903 -0.82341973
  -0.21071408 -0.54122899 -0.83532721 -0.74785683 -0.63274853 -0.65917161
  -0.81426834 -0.7595612  -2.         -0.41102314 -0.86280277 -0.84330043
  -0.87834371 -0.71660736]
 [-0.38140496 -0.58774926  0.02769599 -0.10067811  0.16748858 -0.43763989
   1.         -0.46714801  0.03998041 -0.35189025 -0.16759478  0.36128344
  -0.40814711 -0.12778334 -0.41102314 -2.         -0.16556769 -0.09001558
  -0.46389012 -0.45451177]
 [-0.55901956 -0.7679084  -0.61520061 -0.82889881 -0.59996358 -0.87498947
  -0.09991178 -0.45328011 -0.87979998 -0.74610185 -0.48466621 -0.6832322
  -0.75279302 -0.79319845 -0.86280277 -0.16556769 -2.         -0.791431
  -0.85319047 -0.66934161]
 [-0.60944085 -0.70754647 -0.66040297 -0.7084166  -0.64028112 -0.74751989
  -0.51509666 -0.43096546 -0.81369583 -0.73052625 -0.65786554 -0.76191927
  -0.75627142 -0.82680042 -0.84330043 -0.09001558 -0.791431   -2.
  -0.79436725 -0.61841087]
 [-0.54994513 -0.80882621 -0.65560387 -0.67051594 -0.71505645 -0.83503398
  -0.16911358 -0.51215502 -0.81206515 -0.80982698 -0.7049694  -0.56380609
  -0.68606122 -0.79711104 -0.87834371 -0.46389012 -0.85319047 -0.79436725
  -2.         -0.7687267 ]
 [-0.74494512 -0.66450968 -0.44323103 -0.70543131 -0.79586591 -0.7728138
  -0.22580246 -0.82462458 -0.70032285 -0.87656571 -0.75362897 -0.58587681
  -0.79521241 -0.58973935 -0.71660736 -0.45451177 -0.66934161 -0.61841087
  -0.7687267  -2.        ]]

Maxsm is
 [-0.12038359  0.11198527  0.02769599 -0.10067811  0.16748858 -0.13507193
  1.         -0.02620848  0.03998041 -0.35189025 -0.16759478  0.36128344
 -0.16776744 -0.12778334 -0.21071408  1.         -0.09991178 -0.09001558
 -0.16911358 -0.22580246]


TS-SS wv is [1. 1. 1. 1. 1. 1. 0. 1. 1. 1. 1. 1. 1. 1. 1. 0. 1. 1. 1. 1.]

TS-SS wv sum weight % is
 0.9

CS Similarity is
 [[-2.22044605e-16  9.99354086e-01  9.99209261e-01  9.99466229e-01
   9.99299518e-01  9.99585578e-01  9.98745647e-01  9.99671297e-01
   9.99486571e-01  9.99605802e-01  9.99299921e-01  9.99452261e-01
   9.99748018e-01  9.99195603e-01  9.99504693e-01  9.98932871e-01
   9.99469702e-01  9.99446093e-01  9.99311615e-01  9.99504804e-01]
 [ 9.99354086e-01  0.00000000e+00  9.99335849e-01  9.99320222e-01
   9.98944016e-01  9.99734359e-01  9.98258945e-01  9.99189565e-01
   9.99398259e-01  9.99470269e-01  9.99048158e-01  9.99019375e-01
   9.99518027e-01  9.99516051e-01  9.99585566e-01  9.99408842e-01
   9.99664631e-01  9.99480923e-01  9.99629318e-01  9.99293134e-01]
 [ 9.99209261e-01  9.99335849e-01 -1.11022302e-16  9.99186960e-01
   9.98770757e-01  9.99273576e-01  9.98280789e-01  9.99006299e-01
   9.99366230e-01  9.99241711e-01  9.98888633e-01  9.99020854e-01
   9.99340178e-01  9.99136415e-01  9.99530549e-01  9.98705001e-01
   9.99313618e-01  9.99299765e-01  9.99264004e-01  9.99042509e-01]
 [ 9.99466229e-01  9.99320222e-01  9.99186960e-01  0.00000000e+00
   9.99120745e-01  9.99498174e-01  9.98473658e-01  9.99215841e-01
   9.99412448e-01  9.99389502e-01  9.99069202e-01  9.99399728e-01
   9.99592859e-01  9.99408584e-01  9.99591667e-01  9.99014963e-01
   9.99614877e-01  9.99421909e-01  9.99390546e-01  9.99567591e-01]
 [ 9.99299518e-01  9.98944016e-01  9.98770757e-01  9.99120745e-01
   0.00000000e+00  9.99182579e-01  9.98869017e-01  9.99357663e-01
   9.99605855e-01  9.99614426e-01  9.99365357e-01  9.99238962e-01
   9.99262115e-01  9.99160760e-01  9.99238581e-01  9.98529045e-01
   9.99290454e-01  9.99265789e-01  9.99372262e-01  9.99630759e-01]
 [ 9.99585578e-01  9.99734359e-01  9.99273576e-01  9.99498174e-01
   9.99182579e-01 -4.44089210e-16  9.98538795e-01  9.99544548e-01
   9.99631875e-01  9.99644465e-01  9.99284409e-01  9.99293034e-01
   9.99720946e-01  9.99513545e-01  9.99657855e-01  9.99237973e-01
   9.99815625e-01  9.99513257e-01  9.99647494e-01  9.99535938e-01]
 [ 9.98745647e-01  9.98258945e-01  9.98280789e-01  9.98473658e-01
   9.98869017e-01  9.98538795e-01  0.00000000e+00  9.98633239e-01
   9.98883283e-01  9.99051158e-01  9.99479311e-01  9.99250402e-01
   9.98629667e-01  9.99140970e-01  9.98538347e-01  9.97641309e-01
   9.98497306e-01  9.99016222e-01  9.98515613e-01  9.98760222e-01]
 [ 9.99671297e-01  9.99189565e-01  9.99006299e-01  9.99215841e-01
   9.99357663e-01  9.99544548e-01  9.98633239e-01 -1.11022302e-16
   9.99407011e-01  9.99596466e-01  9.99406209e-01  9.99241041e-01
   9.99623318e-01  9.98945665e-01  9.99357004e-01  9.99056377e-01
   9.99331440e-01  9.99190361e-01  9.99263608e-01  9.99661826e-01]
 [ 9.99486571e-01  9.99398259e-01  9.99366230e-01  9.99412448e-01
   9.99605855e-01  9.99631875e-01  9.98883283e-01  9.99407011e-01
   4.44089210e-16  9.99712146e-01  9.99404925e-01  9.99441981e-01
   9.99610743e-01  9.99512277e-01  9.99652879e-01  9.98836856e-01
   9.99723560e-01  9.99613544e-01  9.99639671e-01  9.99554491e-01]
 [ 9.99605802e-01  9.99470269e-01  9.99241711e-01  9.99389502e-01
   9.99614426e-01  9.99644465e-01  9.99051158e-01  9.99596466e-01
   9.99712146e-01  6.66133815e-16  9.99655503e-01  9.99424791e-01
   9.99571143e-01  9.99514837e-01  9.99594737e-01  9.98997482e-01
   9.99668846e-01  9.99561557e-01  9.99666927e-01  9.99703141e-01]
 [ 9.99299921e-01  9.99048158e-01  9.98888633e-01  9.99069202e-01
   9.99365357e-01  9.99284409e-01  9.99479311e-01  9.99406209e-01
   9.99404925e-01  9.99655503e-01  0.00000000e+00  9.99336610e-01
   9.99238756e-01  9.99454167e-01  9.99325360e-01  9.98849231e-01
   9.99183269e-01  9.99363993e-01  9.99408829e-01  9.99490766e-01]
 [ 9.99452261e-01  9.99019375e-01  9.99020854e-01  9.99399728e-01
   9.99238962e-01  9.99293034e-01  9.99250402e-01  9.99241041e-01
   9.99441981e-01  9.99424791e-01  9.99336610e-01  2.22044605e-16
   9.99393077e-01  9.99470899e-01  9.99298057e-01  9.98414360e-01
   9.99366709e-01  9.99491012e-01  9.99175656e-01  9.99343509e-01]
 [ 9.99748018e-01  9.99518027e-01  9.99340178e-01  9.99592859e-01
   9.99262115e-01  9.99720946e-01  9.98629667e-01  9.99623318e-01
   9.99610743e-01  9.99571143e-01  9.99238756e-01  9.99393077e-01
   8.88178420e-16  9.99281538e-01  9.99666712e-01  9.99151940e-01
   9.99631663e-01  9.99558190e-01  9.99397188e-01  9.99549962e-01]
 [ 9.99195603e-01  9.99516051e-01  9.99136415e-01  9.99408584e-01
   9.99160760e-01  9.99513545e-01  9.99140970e-01  9.98945665e-01
   9.99512277e-01  9.99514837e-01  9.99454167e-01  9.99470899e-01
   9.99281538e-01 -1.11022302e-16  9.99479842e-01  9.98995113e-01
   9.99572206e-01  9.99614868e-01  9.99585889e-01  9.99345463e-01]
 [ 9.99504693e-01  9.99585566e-01  9.99530549e-01  9.99591667e-01
   9.99238581e-01  9.99657855e-01  9.98538347e-01  9.99357004e-01
   9.99652879e-01  9.99594737e-01  9.99325360e-01  9.99298057e-01
   9.99666712e-01  9.99479842e-01  8.88178420e-16  9.99326179e-01
   9.99726590e-01  9.99628651e-01  9.99728186e-01  9.99525761e-01]
 [ 9.98932871e-01  9.99408842e-01  9.98705001e-01  9.99014963e-01
   9.98529045e-01  9.99237973e-01  9.97641309e-01  9.99056377e-01
   9.98836856e-01  9.98997482e-01  9.98849231e-01  9.98414360e-01
   9.99151940e-01  9.98995113e-01  9.99326179e-01  2.22044605e-16
   9.99125937e-01  9.98902386e-01  9.99345296e-01  9.99172946e-01]
 [ 9.99469702e-01  9.99664631e-01  9.99313618e-01  9.99614877e-01
   9.99290454e-01  9.99815625e-01  9.98497306e-01  9.99331440e-01
   9.99723560e-01  9.99668846e-01  9.99183269e-01  9.99366709e-01
   9.99631663e-01  9.99572206e-01  9.99726590e-01  9.99125937e-01
   2.22044605e-16  9.99592932e-01  9.99737264e-01  9.99531669e-01]
 [ 9.99446093e-01  9.99480923e-01  9.99299765e-01  9.99421909e-01
   9.99265789e-01  9.99513257e-01  9.99016222e-01  9.99190361e-01
   9.99613544e-01  9.99561557e-01  9.99363993e-01  9.99491012e-01
   9.99558190e-01  9.99614868e-01  9.99628651e-01  9.98902386e-01
   9.99592932e-01  4.44089210e-16  9.99555222e-01  9.99358319e-01]
 [ 9.99311615e-01  9.99629318e-01  9.99264004e-01  9.99390546e-01
   9.99372262e-01  9.99647494e-01  9.98515613e-01  9.99263608e-01
   9.99639671e-01  9.99666927e-01  9.99408829e-01  9.99175656e-01
   9.99397188e-01  9.99585889e-01  9.99728186e-01  9.99345296e-01
   9.99737264e-01  9.99555222e-01 -1.11022302e-16  9.99577880e-01]
 [ 9.99504804e-01  9.99293134e-01  9.99042509e-01  9.99567591e-01
   9.99630759e-01  9.99535938e-01  9.98760222e-01  9.99661826e-01
   9.99554491e-01  9.99703141e-01  9.99490766e-01  9.99343509e-01
   9.99549962e-01  9.99345463e-01  9.99525761e-01  9.99172946e-01
   9.99531669e-01  9.99358319e-01  9.99577880e-01  2.22044605e-16]]

Maxcs is 
 [0.99974802 0.99973436 0.99953055 0.99961488 0.99963076 0.99981562
 0.99947931 0.9996713  0.99972356 0.99971215 0.9996555  0.99949101
 0.99974802 0.99961487 0.99972819 0.99940884 0.99981562 0.99962865
 0.99973726 0.99970314]

FG wv is [0.         0.00397951 1.         0.7739187  0.42723396 0.
 1.         0.10991756 0.         0.         0.2492938  1.
 0.         0.23944431 0.         1.         0.         0.17800324
 0.         0.        ]

FG wv sum weight % is 0.29908955418206046

############################################################################################

############################################################################################

comm_round: 1 | global_acc: 59.131% | global_f1: 0.7431713373536716 | global_precision: 0.5913068021450748 | global bin 0.5913068056106567

Simulate Models Sent to Clients

Total time for client_1 : local training was 10.862155799986795
Total time for client_2 : local training was 10.708984900003998
Total time for client_3 : local training was 10.390723399992567
Total time for client_4 : local training was 10.930065399996238
Total time for client_5 : local training was 10.503278199990746
Total time for client_6 : local training was 10.999308200000087
Total time for client_7 : local training was 10.72898559999885
Total time for client_8 : local training was 10.499013099994045
Total time for client_9 : local training was 10.924614199990174
Total time for client_10 : local training was 10.468982399994275
Total time for client_11 : local training was 10.476269000006141
Total time for client_12 : local training was 10.841812500002561
Total time for client_13 : local training was 10.38957830000436
Total time for client_14 : local training was 10.909255400008988
Total time for client_15 : local training was 10.735018200008199
Total time for client_16 : local training was 10.353594899992459
Total time for client_17 : local training was 10.900501900003292
Total time for client_18 : local training was 10.40243640000699
Total time for client_19 : local training was 10.890222499991069
Total time for client_20 : local training was 10.965130700002192

Total Client Grads Scaled : 20 unscaled 20

aggregate_gradients Total Client Grads: 20

TS-SS Similarity is
 [[-2.         -0.48376022 -0.15853993 -0.66985029 -0.43155911  0.09739021
  -0.62488866 -0.62351304 -0.62209568 -0.75107349 -0.36035973 -0.35466629
  -0.75334454 -0.52986491 -0.75436108 -0.35799083 -0.47527782 -0.7026649
  -0.55050704 -0.60448745]
 [-0.48376022 -2.          0.0889089  -0.27682169 -0.72658665 -0.510219
  -0.13749576 -0.84131268  0.18326554 -0.77480843 -0.18638018 -0.72814717
  -0.45690688 -0.77721413 -0.35752213 -0.33378551 -0.69128904 -0.0606474
  -0.48717912 -0.82571075]
 [-0.15853993  0.0889089  -2.          0.13892577  0.01533128  0.23470392
  -0.30489958 -0.00435531  0.43019116 -0.19356301 -0.46799486  0.02589115
   0.21527452  0.29054235 -0.21964933 -0.3498595   0.17588505  0.47294632
  -0.27013193  0.08717389]
 [-0.66985029 -0.27682169  0.13892577 -2.          0.23811699  0.79945493
  -0.58804718 -0.07026258 -0.42917449 -0.5234432   0.06937581 -0.03884791
  -0.63850889 -0.18042918 -0.64845957  0.36223374  0.02719508 -0.70213476
  -0.20414626 -0.19611863]
 [-0.43155911 -0.72658665  0.01533128  0.23811699 -2.         -0.73372763
  -0.0100954  -0.81319657  0.29181362 -0.61448137 -0.15768307 -0.83142523
  -0.07668804 -0.61419205 -0.08944995 -0.45942262 -0.63383383  0.27065624
  -0.39691724 -0.82369953]
 [ 0.09739021 -0.510219    0.23470392  0.79945493 -0.73372763 -2.
   0.41581235 -0.6313582   1.         -0.27708298 -0.22652048 -0.61195289
   0.304689   -0.45736153  0.24255003 -0.38024873 -0.54076976  0.83679029
  -0.01663772 -0.53968855]
 [-0.62488866 -0.13749576 -0.30489958 -0.58804718 -0.0100954   0.41581235
  -2.         -0.19650633 -0.58940438 -0.45326182 -0.37389617  0.04759135
  -0.40159461 -0.00398521 -0.55515481 -0.17677523 -0.16044232 -0.63833291
  -0.45868947 -0.08380429]
 [-0.62351304 -0.84131268 -0.00435531 -0.07026258 -0.81319657 -0.6313582
  -0.19650633 -2.         -0.226311   -0.75985141 -0.24087155 -0.78267429
  -0.47862012 -0.79297741 -0.28388932 -0.5880475  -0.84552908 -0.17836175
  -0.61837786 -0.89475268]
 [-0.62209568  0.18326554  0.43019116 -0.42917449  0.29181362  1.
  -0.58940438 -0.226311   -2.         -0.33659248  0.22642279  0.33261575
  -0.57389422  0.00484494 -0.23418751  0.0937894  -0.13652916 -0.72173886
  -0.3277413  -0.06605201]
 [-0.75107349 -0.77480843 -0.19356301 -0.5234432  -0.61448137 -0.27708298
  -0.45326182 -0.75985141 -0.33659248 -2.         -0.36206327 -0.63145872
  -0.64449479 -0.74365625 -0.68595763 -0.42598963 -0.71545967 -0.52290033
  -0.62106409 -0.77201978]
 [-0.36035973 -0.18638018 -0.46799486  0.06937581 -0.15768307 -0.22652048
  -0.37389617 -0.24087155  0.22642279 -0.36206327 -2.          0.0150114
  -0.04050795 -0.08299877 -0.35729617 -0.57980907 -0.26320846  0.08537025
  -0.47370574 -0.05806329]
 [-0.35466629 -0.72814717  0.02589115 -0.03884791 -0.83142523 -0.61195289
   0.04759135 -0.78267429  0.33261575 -0.63145872  0.0150114  -2.
  -0.23845124 -0.59887772 -0.21817387 -0.28084922 -0.6389428   0.25976272
  -0.32912181 -0.787305  ]
 [-0.75334454 -0.45690688  0.21527452 -0.63850889 -0.07668804  0.304689
  -0.40159461 -0.47862012 -0.57389422 -0.64449479 -0.04050795 -0.23845124
  -2.         -0.51261863 -0.69131901 -0.01200303 -0.4392243  -0.64380219
  -0.38906531 -0.51176263]
 [-0.52986491 -0.77721413  0.29054235 -0.18042918 -0.61419205 -0.45736153
  -0.00398521 -0.79297741  0.00484494 -0.74365625 -0.08299877 -0.59887772
  -0.51261863 -2.         -0.34048574 -0.31859817 -0.73124379 -0.11593523
  -0.4078315  -0.79174549]
 [-0.75436108 -0.35752213 -0.21964933 -0.64845957 -0.08944995  0.24255003
  -0.55515481 -0.28388932 -0.23418751 -0.68595763 -0.35729617 -0.21817387
  -0.69131901 -0.34048574 -2.         -0.05752289 -0.39888582 -0.6083874
  -0.47003097 -0.28383057]
 [-0.35799083 -0.33378551 -0.3498595   0.36223374 -0.45942262 -0.38024873
  -0.17677523 -0.5880475   0.0937894  -0.42598963 -0.57980907 -0.28084922
  -0.01200303 -0.31859817 -0.05752289 -2.         -0.59872831  0.29808647
  -0.60286409 -0.43130584]
 [-0.47527782 -0.69128904  0.17588505  0.02719508 -0.63383383 -0.54076976
  -0.16044232 -0.84552908 -0.13652916 -0.71545967 -0.26320846 -0.6389428
  -0.4392243  -0.73124379 -0.39888582 -0.59872831 -2.         -0.14796766
  -0.58187902 -0.76805065]
 [-0.7026649  -0.0606474   0.47294632 -0.70213476  0.27065624  0.83679029
  -0.63833291 -0.17836175 -0.72173886 -0.52290033  0.08537025  0.25976272
  -0.64380219 -0.11593523 -0.6083874   0.29808647 -0.14796766 -2.
  -0.22781737 -0.07182161]
 [-0.55050704 -0.48717912 -0.27013193 -0.20414626 -0.39691724 -0.01663772
  -0.45868947 -0.61837786 -0.3277413  -0.62106409 -0.47370574 -0.32912181
  -0.38906531 -0.4078315  -0.47003097 -0.60286409 -0.58187902 -0.22781737
  -2.         -0.46456732]
 [-0.60448745 -0.82571075  0.08717389 -0.19611863 -0.82369953 -0.53968855
  -0.08380429 -0.89475268 -0.06605201 -0.77201978 -0.05806329 -0.787305
  -0.51176263 -0.79174549 -0.28383057 -0.43130584 -0.76805065 -0.07182161
  -0.46456732 -2.        ]]

Maxsm is
 [ 0.09739021  0.18326554  0.47294632  0.79945493  0.29181362  1.
  0.41581235 -0.00435531  1.         -0.19356301  0.22642279  0.33261575
  0.304689    0.29054235  0.24255003  0.36223374  0.17588505  0.83679029
 -0.01663772  0.08717389]


TS-SS wv is [1.         1.         1.         1.         1.         0.
 1.         1.         0.         1.         1.         1.
 1.         1.         1.         1.         1.         0.60932375
 1.         1.        ]

TS-SS wv sum weight % is
 0.8804661875185211

CS Similarity is
 [[0.00000000e+00 9.99153955e-01 9.98022473e-01 9.99241600e-01
  9.99317745e-01 9.98572499e-01 9.99265440e-01 9.99422192e-01
  9.99317408e-01 9.99480140e-01 9.98461645e-01 9.99199408e-01
  9.99288382e-01 9.99150245e-01 9.99242427e-01 9.98660952e-01
  9.99153590e-01 9.99420698e-01 9.98957204e-01 9.99424881e-01]
 [9.99153955e-01 0.00000000e+00 9.98013185e-01 9.99079256e-01
  9.99324081e-01 9.98911459e-01 9.99023396e-01 9.99449066e-01
  9.98638104e-01 9.99452574e-01 9.98440187e-01 9.99336293e-01
  9.99181394e-01 9.99336296e-01 9.98909629e-01 9.98478954e-01
  9.99042254e-01 9.98898080e-01 9.98899140e-01 9.99431772e-01]
 [9.98022473e-01 9.98013185e-01 2.22044605e-16 9.97825630e-01
  9.98447900e-01 9.98215574e-01 9.98756760e-01 9.98173241e-01
  9.97647856e-01 9.98221448e-01 9.98575186e-01 9.98443878e-01
  9.97444387e-01 9.97560295e-01 9.98127707e-01 9.98525840e-01
  9.97888601e-01 9.97478920e-01 9.98265988e-01 9.98072371e-01]
 [9.99241600e-01 9.99079256e-01 9.97825630e-01 0.00000000e+00
  9.98612223e-01 9.97979512e-01 9.98969739e-01 9.98753034e-01
  9.98700414e-01 9.99247937e-01 9.97988298e-01 9.99020590e-01
  9.99112557e-01 9.98816437e-01 9.99203346e-01 9.97771455e-01
  9.98619059e-01 9.99221576e-01 9.98573848e-01 9.99001170e-01]
 [9.99317745e-01 9.99324081e-01 9.98447900e-01 9.98612223e-01
  0.00000000e+00 9.99193985e-01 9.99140183e-01 9.99539215e-01
  9.98818597e-01 9.99303840e-01 9.98682124e-01 9.99413424e-01
  9.98828272e-01 9.99151259e-01 9.98740883e-01 9.98991932e-01
  9.99089071e-01 9.98746470e-01 9.98981006e-01 9.99534664e-01]
 [9.98572499e-01 9.98911459e-01 9.98215574e-01 9.97979512e-01
  9.99193985e-01 2.22044605e-16 9.98682232e-01 9.99174269e-01
  9.98051892e-01 9.98742768e-01 9.98898954e-01 9.98872321e-01
  9.98369871e-01 9.98905085e-01 9.98339933e-01 9.98931598e-01
  9.98960656e-01 9.98135897e-01 9.98415407e-01 9.98926981e-01]
 [9.99265440e-01 9.99023396e-01 9.98756760e-01 9.98969739e-01
  9.99140183e-01 9.98682232e-01 0.00000000e+00 9.99115055e-01
  9.98917498e-01 9.99260872e-01 9.98920639e-01 9.99073546e-01
  9.98755941e-01 9.98709392e-01 9.99134358e-01 9.98798779e-01
  9.99075995e-01 9.98978886e-01 9.99175525e-01 9.98996365e-01]
 [9.99422192e-01 9.99449066e-01 9.98173241e-01 9.98753034e-01
  9.99539215e-01 9.99174269e-01 9.99115055e-01 4.44089210e-16
  9.99235461e-01 9.99417347e-01 9.98541560e-01 9.99469245e-01
