###############################################################################################################################################################                   Begin label_1_sybils_sim Simulation              ###############################################################################################################################################################Starting Machine:
Loading Data...

Data Distributions:
normal (0) abnormal(1)
attack
0     9490
1    14400
dtype: int64
Data Proto Distributions:
normal (0) abnormal(1)
proto
arp            467
icmp            12
igmp             2
ipv6-icmp       88
rarp             1
tcp           8447
udp          14873
dtype: int64

Pre-Processing DataHead of Data Frame
   pkSeqID  flgs  proto  sport  ...  TnPPerProto  TnPPerDport      avgPD  attack
0     4340     1      2    0.0  ...      5525931      1322674  10.933030       0
1    24313     1      2    0.0  ...      4994350      1045163  10.965459       0
2    29744     1      2    0.0  ...      4407386      1131789  11.010636       0
3    65173     1      2    0.0  ...      4472728       972058  11.960652       0
4    93800     1      2    0.0  ...      3608282       845792  12.280588       0

[5 rows x 30 columns]
Check Data is CleanNull ValuespkSeqID        0
flgs           0
proto          0
sport          0
dport          0
pkts           0
bytes          0
state          0
seq            0
dur            0
mean           0
stddev         0
sum            0
min            0
max            0
spkts          0
dpkts          0
sbytes         0
dbytes         0
rate           0
srate          0
drate          0
TnBPsrcIP      0
TnBPDstIP      0
TnPPSrcIP      0
TnPPDstIP      0
TnPPerProto    0
TnPPerDport    0
avgPD          0
attack         0
dtype: int64

Data Features: 29 | LSTM Timesteps: 80
Create Clients: 10

Create Label Flip Sybils: 1

Flipping Labels

Number of total clients and sybils 11

Simulate Models Sent to Clients

Total time for client_1 : local training was 11.013076599992928
Total time for client_2 : local training was 10.638532999990275
Total time for client_3 : local training was 10.70992649999971
Total time for client_4 : local training was 10.192788000000292
Total time for client_5 : local training was 10.778649800005951
Total time for client_6 : local training was 10.706057499992312
Total time for client_7 : local training was 10.208387599996058
Total time for client_8 : local training was 10.714944999999716
Total time for client_9 : local training was 10.585543499997584
Total time for client_10 : local training was 10.41148979999707
Total time for client_11 : local training was 35.53804939999827

Total Client Grads Scaled : 11 unscaled 11

aggregate_gradients Total Client Grads: 11

TS-SS Similarity is
 [[-2.         -0.75597589 -0.8817476  -0.88605673 -0.8953397  -0.66456391
  -0.7518049  -0.84006188 -0.89860685 -0.7492257   0.86744163]
 [-0.75597589 -2.         -0.75748845 -0.79309487 -0.86717364 -0.76824769
  -0.8477541  -0.80980173 -0.93192288 -0.69492052  0.56855775]
 [-0.8817476  -0.75748845 -2.         -0.92825204 -0.9201502  -0.85964597
  -0.86063813 -0.90576826 -0.87980134 -0.9136488   0.64491249]
 [-0.88605673 -0.79309487 -0.92825204 -2.         -0.9433797  -0.7726234
  -0.81455534 -0.9293421  -0.88226243 -0.90240247  0.37652844]
 [-0.8953397  -0.86717364 -0.9201502  -0.9433797  -2.         -0.80820561
  -0.84357633 -0.94144558 -0.93677847 -0.85621729  0.58527804]
 [-0.66456391 -0.76824769 -0.85964597 -0.7726234  -0.80820561 -2.
  -0.90662605 -0.73360113 -0.81587223 -0.70819066  1.        ]
 [-0.7518049  -0.8477541  -0.86063813 -0.81455534 -0.84357633 -0.90662605
  -2.         -0.81672895 -0.89084071 -0.73059896  0.92095625]
 [-0.84006188 -0.80980173 -0.90576826 -0.9293421  -0.94144558 -0.73360113
  -0.81672895 -2.         -0.87828108 -0.9052166   0.55840307]
 [-0.89860685 -0.93192288 -0.87980134 -0.88226243 -0.93677847 -0.81587223
  -0.89084071 -0.87828108 -2.         -0.78332154  0.69302541]
 [-0.7492257  -0.69492052 -0.9136488  -0.90240247 -0.85621729 -0.70819066
  -0.73059896 -0.9052166  -0.78332154 -2.          0.55442725]
 [ 0.86744163  0.56855775  0.64491249  0.37652844  0.58527804  1.
   0.92095625  0.55840307  0.69302541  0.55442725 -2.        ]]

Maxsm is
 [0.86744163 0.56855775 0.64491249 0.37652844 0.58527804 1.
 0.92095625 0.55840307 0.69302541 0.55442725 1.        ]


TS-SS wv is [1. 1. 1. 1. 1. 0. 1. 1. 1. 1. 0.]

TS-SS wv sum weight % is
 0.8181818181818182

CS Similarity is
 [[-3.33066907e-16  9.99745765e-01  9.99844986e-01  9.99858757e-01
   9.99869128e-01  9.99614238e-01  9.99714708e-01  9.99805170e-01
   9.99881765e-01  9.99722019e-01  9.98970240e-01]
 [ 9.99745765e-01  0.00000000e+00  9.99721700e-01  9.99751885e-01
   9.99841233e-01  9.99711431e-01  9.99803389e-01  9.99768305e-01
   9.99915385e-01  9.99613209e-01  9.99009994e-01]
 [ 9.99844986e-01  9.99721700e-01 -2.22044605e-16  9.99896739e-01
   9.99884483e-01  9.99815492e-01  9.99819811e-01  9.99868497e-01
   9.99839407e-01  9.99893875e-01  9.99061058e-01]
 [ 9.99858757e-01  9.99751885e-01  9.99896739e-01  0.00000000e+00
   9.99913736e-01  9.99698986e-01  9.99753556e-01  9.99893858e-01
   9.99834518e-01  9.99872172e-01  9.99218426e-01]
 [ 9.99869128e-01  9.99841233e-01  9.99884483e-01  9.99913736e-01
   0.00000000e+00  9.99743826e-01  9.99791047e-01  9.99912838e-01
   9.99909902e-01  9.99815012e-01  9.99082256e-01]
 [ 9.99614238e-01  9.99711431e-01  9.99815492e-01  9.99698986e-01
   9.99743826e-01  4.44089210e-16  9.99862817e-01  9.99649140e-01
   9.99742857e-01  9.99625160e-01  9.98784046e-01]
 [ 9.99714708e-01  9.99803389e-01  9.99819811e-01  9.99753556e-01
   9.99791047e-01  9.99862817e-01  4.44089210e-16  9.99753200e-01
   9.99842960e-01  9.99647339e-01  9.98827177e-01]
 [ 9.99805170e-01  9.99768305e-01  9.99868497e-01  9.99893858e-01
   9.99912838e-01  9.99649140e-01  9.99753200e-01  0.00000000e+00
   9.99826731e-01  9.99873493e-01  9.99089992e-01]
 [ 9.99881765e-01  9.99915385e-01  9.99839407e-01  9.99834518e-01
   9.99909902e-01  9.99742857e-01  9.99842960e-01  9.99826731e-01
  -1.11022302e-16  9.99715661e-01  9.98987842e-01]
 [ 9.99722019e-01  9.99613209e-01  9.99893875e-01  9.99872172e-01
   9.99815012e-01  9.99625160e-01  9.99647339e-01  9.99873493e-01
   9.99715661e-01  4.44089210e-16  9.99049757e-01]
 [ 9.98970240e-01  9.99009994e-01  9.99061058e-01  9.99218426e-01
   9.99082256e-01  9.98784046e-01  9.98827177e-01  9.99089992e-01
   9.98987842e-01  9.99049757e-01 -1.11022302e-16]]

Maxcs is 
 [0.99988177 0.99991539 0.99989674 0.99991374 0.99991374 0.99986282
 0.99986282 0.99991284 0.99991539 0.99989387 0.99921843]

FG wv is [0. 0. 0. 0. 0. 0. 0. 0. 0. 0. 1.]

FG wv sum weight % is 0.09090909090909091

############################################################################################

############################################################################################

comm_round: 0 | global_acc: 59.131% | global_f1: 0.7431713373536716 | global_precision: 0.5913068021450748 | global bin 0.5913068056106567

Simulate Models Sent to Clients

Total time for client_1 : local training was 10.704618200004916
Total time for client_2 : local training was 10.813753900001757
Total time for client_3 : local training was 10.540573399994173
Total time for client_4 : local training was 10.93330769999011
Total time for client_5 : local training was 10.868967300004442
Total time for client_6 : local training was 10.349682699990808
Total time for client_7 : local training was 10.813578100001905
Total time for client_8 : local training was 10.524630700005218
Total time for client_9 : local training was 10.44940250000218
Total time for client_10 : local training was 10.952815800003009
Total time for client_11 : local training was 35.90065670000331

Total Client Grads Scaled : 11 unscaled 11

aggregate_gradients Total Client Grads: 11

TS-SS Similarity is
 [[-2.         -0.9994585  -0.99922087 -0.99896556 -0.99951511 -0.99924545
  -0.99950288 -0.99913558 -0.99960021 -0.99941362  0.7974197 ]
 [-0.9994585  -2.         -0.99920053 -0.99930682 -0.99952757 -0.99961526
  -0.99957914 -0.99914317 -0.99954128 -0.99923024  0.88392521]
 [-0.99922087 -0.99920053 -2.         -0.99870145 -0.99884433 -0.99933165
  -0.99912644 -0.99936002 -0.99908196 -0.99949155  0.84375724]
 [-0.99896556 -0.99930682 -0.99870145 -2.         -0.99902757 -0.99952987
  -0.99928484 -0.99918121 -0.99928115 -0.99864434  1.        ]
 [-0.99951511 -0.99952757 -0.99884433 -0.99902757 -2.         -0.99924182
  -0.99950693 -0.99891739 -0.99940119 -0.99918896  0.8486294 ]
 [-0.99924545 -0.99961526 -0.99933165 -0.99952987 -0.99924182 -2.
  -0.99930064 -0.99936293 -0.99934093 -0.99907561  0.8933674 ]
 [-0.99950288 -0.99957914 -0.99912644 -0.99928484 -0.99950693 -0.99930064
  -2.         -0.99920913 -0.99958013 -0.99934046  0.89422867]
 [-0.99913558 -0.99914317 -0.99936002 -0.99918121 -0.99891739 -0.99936293
  -0.99920913 -2.         -0.99928821 -0.99931629  0.93555651]
 [-0.99960021 -0.99954128 -0.99908196 -0.99928115 -0.99940119 -0.99934093
  -0.99958013 -0.99928821 -2.         -0.99921947  0.85284783]
 [-0.99941362 -0.99923024 -0.99949155 -0.99864434 -0.99918896 -0.99907561
  -0.99934046 -0.99931629 -0.99921947 -2.          0.80959865]
 [ 0.7974197   0.88392521  0.84375724  1.          0.8486294   0.8933674
   0.89422867  0.93555651  0.85284783  0.80959865 -2.        ]]

Maxsm is
 [0.7974197  0.88392521 0.84375724 1.         0.8486294  0.8933674
 0.89422867 0.93555651 0.85284783 0.80959865 1.        ]


TS-SS wv is [1. 1. 1. 0. 1. 1. 1. 1. 1. 1. 0.]

TS-SS wv sum weight % is
 0.8181818181818182

CS Similarity is
 [[ 0.00000000e+00  9.99805889e-01  9.99719805e-01  9.99679086e-01
   9.99822947e-01  9.99758663e-01  9.99828930e-01  9.99735980e-01
   9.99847349e-01  9.99776874e-01  9.74430954e-01]
 [ 9.99805889e-01  6.66133815e-16  9.99692804e-01  9.99756237e-01
   9.99851560e-01  9.99857466e-01  9.99831467e-01  9.99706020e-01
   9.99819413e-01  9.99742670e-01  9.73290350e-01]
 [ 9.99719805e-01  9.99692804e-01  2.22044605e-16  9.99568087e-01
   9.99628286e-01  9.99762644e-01  9.99676837e-01  9.99783227e-01
   9.99653110e-01  9.99824998e-01  9.73869017e-01]
 [ 9.99679086e-01  9.99756237e-01  9.99568087e-01  0.00000000e+00
   9.99727321e-01  9.99811270e-01  9.99739686e-01  9.99682835e-01
   9.99758880e-01  9.99600627e-01  9.71753185e-01]
 [ 9.99822947e-01  9.99851560e-01  9.99628286e-01  9.99727321e-01
   4.44089210e-16  9.99783819e-01  9.99852266e-01  9.99699497e-01
   9.99799841e-01  9.99697550e-01  9.73487735e-01]
 [ 9.99758663e-01  9.99857466e-01  9.99762644e-01  9.99811270e-01
   9.99783819e-01  2.22044605e-16  9.99737712e-01  9.99754320e-01
   9.99771430e-01  9.99720339e-01  9.73306042e-01]
 [ 9.99828930e-01  9.99831467e-01  9.99676837e-01  9.99739686e-01
   9.99852266e-01  9.99737712e-01  4.44089210e-16  9.99718118e-01
   9.99840798e-01  9.99787342e-01  9.73190224e-01]
 [ 9.99735980e-01  9.99706020e-01  9.99783227e-01  9.99682835e-01
   9.99699497e-01  9.99754320e-01  9.99718118e-01 -1.11022302e-16
   9.99765154e-01  9.99806562e-01  9.72742816e-01]
 [ 9.99847349e-01  9.99819413e-01  9.99653110e-01  9.99758880e-01
   9.99799841e-01  9.99771430e-01  9.99840798e-01  9.99765154e-01
   4.44089210e-16  9.99728056e-01  9.73694612e-01]
 [ 9.99776874e-01  9.99742670e-01  9.99824998e-01  9.99600627e-01
   9.99697550e-01  9.99720339e-01  9.99787342e-01  9.99806562e-01
   9.99728056e-01  0.00000000e+00  9.74158174e-01]
 [ 9.74430954e-01  9.73290350e-01  9.73869017e-01  9.71753185e-01
   9.73487735e-01  9.73306042e-01  9.73190224e-01  9.72742816e-01
   9.73694612e-01  9.74158174e-01  0.00000000e+00]]

Maxcs is 
 [0.99984735 0.99985747 0.999825   0.99981127 0.99985227 0.99985747
 0.99985227 0.99980656 0.99984735 0.999825   0.97443095]

FG wv is [0. 0. 0. 0. 0. 0. 0. 0. 0. 0. 1.]

FG wv sum weight % is 0.09090909090909091

############################################################################################

############################################################################################

comm_round: 1 | global_acc: 59.131% | global_f1: 0.7431713373536716 | global_precision: 0.5913068021450748 | global bin 0.5913068056106567

Simulate Models Sent to Clients

Total time for client_1 : local training was 10.438230300002033
Total time for client_2 : local training was 10.758323500005645
Total time for client_3 : local training was 10.538820700006909
Total time for client_4 : local training was 10.87104550001095
Total time for client_5 : local training was 10.775516399997286
Total time for client_6 : local training was 10.824545499999658
Total time for client_7 : local training was 10.44025369999872
Total time for client_8 : local training was 10.95123930000409
Total time for client_9 : local training was 10.553914899996016
Total time for client_10 : local training was 10.433871599991107
Total time for client_11 : local training was 35.71238909999374

Total Client Grads Scaled : 11 unscaled 11

aggregate_gradients Total Client Grads: 11

TS-SS Similarity is
 [[-2.         -0.99854175 -0.99835482 -0.99838974 -0.99771246 -0.997381
  -0.99736972 -0.99748576 -0.99736108 -0.99758894  0.93869089]
 [-0.99854175 -2.         -0.99832884 -0.99848356 -0.99829203 -0.99777976
  -0.99785242 -0.99813193 -0.99827414 -0.99795662  0.97278247]
 [-0.99835482 -0.99832884 -2.         -0.99857935 -0.99814347 -0.99754504
  -0.99758965 -0.997812   -0.99771928 -0.99755171  0.86677468]
 [-0.99838974 -0.99848356 -0.99857935 -2.         -0.99848483 -0.9978871
  -0.99783521 -0.99814228 -0.99810121 -0.99861854  0.91506056]
 [-0.99771246 -0.99829203 -0.99814347 -0.99848483 -2.         -0.99794809
  -0.99802146 -0.99719429 -0.99784367 -0.99757517  0.92184789]
 [-0.997381   -0.99777976 -0.99754504 -0.9978871  -0.99794809 -2.
  -0.99704638 -0.9972804  -0.99736892 -0.99804785  0.92533337]
 [-0.99736972 -0.99785242 -0.99758965 -0.99783521 -0.99802146 -0.99704638
  -2.         -0.99661108 -0.99785208 -0.99755344  0.92846843]
 [-0.99748576 -0.99813193 -0.997812   -0.99814228 -0.99719429 -0.9972804
  -0.99661108 -2.         -0.99733005 -0.99776747  1.        ]
 [-0.99736108 -0.99827414 -0.99771928 -0.99810121 -0.99784367 -0.99736892
  -0.99785208 -0.99733005 -2.         -0.99760463  0.9645269 ]
 [-0.99758894 -0.99795662 -0.99755171 -0.99861854 -0.99757517 -0.99804785
  -0.99755344 -0.99776747 -0.99760463 -2.          0.9783504 ]
 [ 0.93869089  0.97278247  0.86677468  0.91506056  0.92184789  0.92533337
   0.92846843  1.          0.9645269   0.9783504  -2.        ]]

Maxsm is
 [0.93869089 0.97278247 0.86677468 0.91506056 0.92184789 0.92533337
 0.92846843 1.         0.9645269  0.9783504  1.        ]


TS-SS wv is [1. 1. 1. 1. 1. 1. 1. 1. 1. 1. 0.]

TS-SS wv sum weight % is
 0.9090909090909091

CS Similarity is
 [[-5.55111512e-16  9.99426877e-01  9.99308951e-01  9.99339654e-01
   9.99046891e-01  9.98925581e-01  9.99011697e-01  9.99107973e-01
   9.99041502e-01  9.99049529e-01  9.89897182e-01]
 [ 9.99426877e-01  0.00000000e+00  9.99297005e-01  9.99336201e-01
   9.99356206e-01  9.99141049e-01  9.99074562e-01  9.99212052e-01
   9.99242145e-01  9.99148428e-01  9.89798370e-01]
 [ 9.99308951e-01  9.99297005e-01  4.44089210e-16  9.99360895e-01
   9.99251916e-01  9.99004002e-01  9.99024476e-01  9.99157003e-01
   9.99100484e-01  9.98976199e-01  9.90696485e-01]
 [ 9.99339654e-01  9.99336201e-01  9.99360895e-01  4.44089210e-16
   9.99393635e-01  9.99143050e-01  9.99088858e-01  9.99252126e-01
   9.99214198e-01  9.99364747e-01  9.90276278e-01]
 [ 9.99046891e-01  9.99356206e-01  9.99251916e-01  9.99393635e-01
   6.66133815e-16  9.99145577e-01  9.99253657e-01  9.99038021e-01
   9.99223319e-01  9.99067316e-01  9.90017763e-01]
 [ 9.98925581e-01  9.99141049e-01  9.99004002e-01  9.99143050e-01
   9.99145577e-01  4.44089210e-16  9.98887509e-01  9.99023354e-01
   9.99025998e-01  9.99193241e-01  9.90058115e-01]
 [ 9.99011697e-01  9.99074562e-01  9.99024476e-01  9.99088858e-01
   9.99253657e-01  9.98887509e-01 -3.33066907e-16  9.98703472e-01
   9.99096184e-01  9.98997696e-01  9.90203493e-01]
 [ 9.99107973e-01  9.99212052e-01  9.99157003e-01  9.99252126e-01
   9.99038021e-01  9.99023354e-01  9.98703472e-01 -3.33066907e-16
   9.98903985e-01  9.99127851e-01  9.89635696e-01]
 [ 9.99041502e-01  9.99242145e-01  9.99100484e-01  9.99214198e-01
   9.99223319e-01  9.99025998e-01  9.99096184e-01  9.98903985e-01
   2.22044605e-16  9.99046933e-01  9.89922943e-01]
 [ 9.99049529e-01  9.99148428e-01  9.98976199e-01  9.99364747e-01
   9.99067316e-01  9.99193241e-01  9.98997696e-01  9.99127851e-01
   9.99046933e-01  2.22044605e-16  9.89655375e-01]
 [ 9.89897182e-01  9.89798370e-01  9.90696485e-01  9.90276278e-01
   9.90017763e-01  9.90058115e-01  9.90203493e-01  9.89635696e-01
   9.89922943e-01  9.89655375e-01  6.66133815e-16]]

Maxcs is 
 [0.99942688 0.99942688 0.99936089 0.99939363 0.99939363 0.99919324
 0.99925366 0.99925213 0.99924214 0.99936475 0.99069648]

FG wv is [0. 0. 0. 0. 0. 0. 0. 0. 0. 0. 1.]

FG wv sum weight % is 0.09090909090909091

############################################################################################

############################################################################################

comm_round: 2 | global_acc: 59.131% | global_f1: 0.7431713373536716 | global_precision: 0.5913068021450748 | global bin 0.5913068056106567

Simulate Models Sent to Clients

Total time for client_1 : local training was 10.76376600000367
Total time for client_2 : local training was 10.424747800003388
Total time for client_3 : local training was 10.581328300002497
Total time for client_4 : local training was 10.87958819999767
Total time for client_5 : local training was 10.307138100004522
Total time for client_6 : local training was 10.806763000000501
Total time for client_7 : local training was 10.714575899997726
Total time for client_8 : local training was 10.627946599997813
Total time for client_9 : local training was 10.34912909999548
Total time for client_10 : local training was 10.759927699997206
Total time for client_11 : local training was 35.58795060000557

Total Client Grads Scaled : 11 unscaled 11

aggregate_gradients Total Client Grads: 11

TS-SS Similarity is
 [[-2.         -0.9988535  -0.99856914 -0.99829557 -0.99838959 -0.99762087
  -0.99786101 -0.99832052 -0.99811875 -0.99823311  0.95509577]
 [-0.9988535  -2.         -0.99831866 -0.99888587 -0.99868881 -0.99798936
  -0.9982328  -0.99851234 -0.99821627 -0.99832428  0.97895281]
 [-0.99856914 -0.99831866 -2.         -0.99808774 -0.99834521 -0.99809763
  -0.99786963 -0.99844201 -0.99825631 -0.99847444  0.83755058]
 [-0.99829557 -0.99888587 -0.99808774 -2.         -0.99789093 -0.99787902
  -0.99823098 -0.99896776 -0.99776909 -0.99867366  0.95828669]
 [-0.99838959 -0.99868881 -0.99834521 -0.99789093 -2.         -0.99816155
  -0.99822131 -0.99825062 -0.9984274  -0.99776292  0.92024043]
 [-0.99762087 -0.99798936 -0.99809763 -0.99787902 -0.99816155 -2.
  -0.99747531 -0.9979338  -0.99800214 -0.99783591  0.96140016]
 [-0.99786101 -0.9982328  -0.99786963 -0.99823098 -0.99822131 -0.99747531
  -2.         -0.99840665 -0.99764715 -0.99857665  1.        ]
 [-0.99832052 -0.99851234 -0.99844201 -0.99896776 -0.99825062 -0.9979338
  -0.99840665 -2.         -0.99788279 -0.99859502  0.96985635]
 [-0.99811875 -0.99821627 -0.99825631 -0.99776909 -0.9984274  -0.99800214
  -0.99764715 -0.99788279 -2.         -0.9979612   0.89682191]
 [-0.99823311 -0.99832428 -0.99847444 -0.99867366 -0.99776292 -0.99783591
  -0.99857665 -0.99859502 -0.9979612  -2.          0.97021229]
 [ 0.95509577  0.97895281  0.83755058  0.95828669  0.92024043  0.96140016
   1.          0.96985635  0.89682191  0.97021229 -2.        ]]

Maxsm is
 [0.95509577 0.97895281 0.83755058 0.95828669 0.92024043 0.96140016
 1.         0.96985635 0.89682191 0.97021229 1.        ]


TS-SS wv is [1. 1. 1. 1. 1. 1. 1. 1. 1. 1. 0.]

TS-SS wv sum weight % is
 0.9090909090909091

CS Similarity is
 [[ 2.22044605e-16  9.99498971e-01  9.99396272e-01  9.99355692e-01
   9.99351207e-01  9.99148058e-01  9.99209257e-01  9.99317259e-01
   9.99283570e-01  9.99280055e-01  9.96206720e-01]
 [ 9.99498971e-01 -2.22044605e-16  9.99275778e-01  9.99594742e-01
   9.99434113e-01  9.99237900e-01  9.99367408e-01  9.99416619e-01
   9.99287645e-01  9.99343858e-01  9.96043811e-01]
 [ 9.99396272e-01  9.99275778e-01  8.88178420e-16  9.99323238e-01
   9.99301194e-01  9.99268920e-01  9.99252943e-01  9.99397242e-01
   9.99296171e-01  9.99403088e-01  9.96788960e-01]
 [ 9.99355692e-01  9.99594742e-01  9.99323238e-01  4.44089210e-16
   9.99281624e-01  9.99337374e-01  9.99228993e-01  9.99554849e-01
   9.99272573e-01  9.99447370e-01  9.96298724e-01]
 [ 9.99351207e-01  9.99434113e-01  9.99301194e-01  9.99281624e-01
   2.22044605e-16  9.99270482e-01  9.99391599e-01  9.99351711e-01
   9.99338120e-01  9.99181627e-01  9.96331989e-01]
 [ 9.99148058e-01  9.99237900e-01  9.99268920e-01  9.99337374e-01
   9.99270482e-01  4.44089210e-16  9.99214819e-01  9.99303436e-01
   9.99188934e-01  9.99265548e-01  9.96050150e-01]
 [ 9.99209257e-01  9.99367408e-01  9.99252943e-01  9.99228993e-01
   9.99391599e-01  9.99214819e-01  4.44089210e-16  9.99344088e-01
   9.99236089e-01  9.99412643e-01  9.96077876e-01]
 [ 9.99317259e-01  9.99416619e-01  9.99397242e-01  9.99554849e-01
   9.99351711e-01  9.99303436e-01  9.99344088e-01  2.22044605e-16
   9.99257149e-01  9.99373933e-01  9.96183833e-01]
 [ 9.99283570e-01  9.99287645e-01  9.99296171e-01  9.99272573e-01
   9.99338120e-01  9.99188934e-01  9.99236089e-01  9.99257149e-01
   4.44089210e-16  9.99276495e-01  9.96429107e-01]
 [ 9.99280055e-01  9.99343858e-01  9.99403088e-01  9.99447370e-01
   9.99181627e-01  9.99265548e-01  9.99412643e-01  9.99373933e-01
   9.99276495e-01  2.22044605e-16  9.96175187e-01]
 [ 9.96206720e-01  9.96043811e-01  9.96788960e-01  9.96298724e-01
   9.96331989e-01  9.96050150e-01  9.96077876e-01  9.96183833e-01
   9.96429107e-01  9.96175187e-01 -1.11022302e-16]]

Maxcs is 
 [0.99949897 0.99959474 0.99940309 0.99959474 0.99943411 0.99933737
 0.99941264 0.99955485 0.99933812 0.99944737 0.99678896]

FG wv is [0. 0. 0. 0. 0. 0. 0. 0. 0. 0. 1.]

FG wv sum weight % is 0.09090909090909091

############################################################################################

############################################################################################

comm_round: 3 | global_acc: 59.131% | global_f1: 0.7431713373536716 | global_precision: 0.5913068021450748 | global bin 0.5913068056106567

Simulate Models Sent to Clients

Total time for client_1 : local training was 10.461465600004885
Total time for client_2 : local training was 10.76135179999983
Total time for client_3 : local training was 10.676121899989084
Total time for client_4 : local training was 10.408664400005364
Total time for client_5 : local training was 10.765805200004252
Total time for client_6 : local training was 10.881081999992603
Total time for client_7 : local training was 10.411631599999964
Total time for client_8 : local training was 10.89245650000521
Total time for client_9 : local training was 10.394632499999716
Total time for client_10 : local training was 10.838991099997656
Total time for client_11 : local training was 35.27949100000842

Total Client Grads Scaled : 11 unscaled 11

aggregate_gradients Total Client Grads: 11

TS-SS Similarity is
 [[-2.         -0.99775021 -0.99786047 -0.99810429 -0.99728948 -0.99720889
  -0.99752663 -0.99740869 -0.99796099 -0.99780171  0.82802853]
 [-0.99775021 -2.         -0.99746998 -0.99708986 -0.99749084 -0.99791187
  -0.99724928 -0.99813673 -0.9982137  -0.99783429  0.93667957]
 [-0.99786047 -0.99746998 -2.         -0.99841718 -0.99633338 -0.99768902
  -0.99749869 -0.997453   -0.99742036 -0.99791887  0.78881093]
 [-0.99810429 -0.99708986 -0.99841718 -2.         -0.99648323 -0.99724139
  -0.99834491 -0.99753334 -0.99838181 -0.99763746  0.77181428]
 [-0.99728948 -0.99749084 -0.99633338 -0.99648323 -2.         -0.99676727
  -0.99582529 -0.99744562 -0.99767223 -0.9970297   1.        ]
 [-0.99720889 -0.99791187 -0.99768902 -0.99724139 -0.99676727 -2.
  -0.99627633 -0.99776526 -0.99788941 -0.99823795  0.95810247]
 [-0.99752663 -0.99724928 -0.99749869 -0.99834491 -0.99582529 -0.99627633
  -2.         -0.99613393 -0.9971344  -0.99687012  0.808929  ]
 [-0.99740869 -0.99813673 -0.997453   -0.99753334 -0.99744562 -0.99776526
  -0.99613393 -2.         -0.99781994 -0.99726928  0.91337278]
 [-0.99796099 -0.9982137  -0.99742036 -0.99838181 -0.99767223 -0.99788941
  -0.9971344  -0.99781994 -2.         -0.9976955   0.92236833]
 [-0.99780171 -0.99783429 -0.99791887 -0.99763746 -0.9970297  -0.99823795
  -0.99687012 -0.99726928 -0.9976955  -2.          0.89148201]
 [ 0.82802853  0.93667957  0.78881093  0.77181428  1.          0.95810247
   0.808929    0.91337278  0.92236833  0.89148201 -2.        ]]

Maxsm is
 [0.82802853 0.93667957 0.78881093 0.77181428 1.         0.95810247
 0.808929   0.91337278 0.92236833 0.89148201 1.        ]


TS-SS wv is [1. 1. 1. 1. 0. 1. 1. 1. 1. 1. 0.]

TS-SS wv sum weight % is
 0.8181818181818182

CS Similarity is
 [[4.44089210e-16 9.99211891e-01 9.99226296e-01 9.99400996e-01
  9.99223626e-01 9.98985677e-01 9.99428761e-01 9.99112521e-01
  9.99228198e-01 9.99202266e-01 9.98527164e-01]
 [9.99211891e-01 0.00000000e+00 9.99188716e-01 9.99192406e-01
  9.99188738e-01 9.99237946e-01 9.99444691e-01 9.99257966e-01
  9.99385692e-01 9.99179800e-01 9.98211225e-01]
 [9.99226296e-01 9.99188716e-01 6.66133815e-16 9.99448458e-01
  9.99035386e-01 9.99195965e-01 9.99363167e-01 9.99189137e-01
  9.99061873e-01 9.99298000e-01 9.98622211e-01]
 [9.99400996e-01 9.99192406e-01 9.99448458e-01 2.22044605e-16
  9.99197706e-01 9.99172012e-01 9.99509792e-01 9.99320202e-01
  9.99462760e-01 9.99317393e-01 9.98623147e-01]
 [9.99223626e-01 9.99188738e-01 9.99035386e-01 9.99197706e-01
  6.66133815e-16 9.99049905e-01 9.99281297e-01 9.99169349e-01
  9.99362027e-01 9.99084857e-01 9.98083212e-01]
 [9.98985677e-01 9.99237946e-01 9.99195965e-01 9.99172012e-01
  9.99049905e-01 6.66133815e-16 9.99140279e-01 9.99196461e-01
  9.99227749e-01 9.99320329e-01 9.98098785e-01]
 [9.99428761e-01 9.99444691e-01 9.99363167e-01 9.99509792e-01
  9.99281297e-01 9.99140279e-01 0.00000000e+00 9.99181768e-01
  9.99298138e-01 9.99322330e-01 9.98392675e-01]
 [9.99112521e-01 9.99257966e-01 9.99189137e-01 9.99320202e-01
  9.99169349e-01 9.99196461e-01 9.99181768e-01 2.22044605e-16
  9.99267338e-01 9.99006926e-01 9.98294397e-01]
 [9.99228198e-01 9.99385692e-01 9.99061873e-01 9.99462760e-01
  9.99362027e-01 9.99227749e-01 9.99298138e-01 9.99267338e-01
  6.66133815e-16 9.99197885e-01 9.98191653e-01]
 [9.99202266e-01 9.99179800e-01 9.99298000e-01 9.99317393e-01
  9.99084857e-01 9.99320329e-01 9.99322330e-01 9.99006926e-01
  9.99197885e-01 1.11022302e-15 9.98349305e-01]
 [9.98527164e-01 9.98211225e-01 9.98622211e-01 9.98623147e-01
  9.98083212e-01 9.98098785e-01 9.98392675e-01 9.98294397e-01
  9.98191653e-01 9.98349305e-01 4.44089210e-16]]

Maxcs is 
 [0.99942876 0.99944469 0.99944846 0.99950979 0.99936203 0.99932033
 0.99950979 0.9993202  0.99946276 0.99932233 0.99862315]

FG wv is [0. 0. 0. 0. 0. 0. 0. 0. 0. 0. 1.]

FG wv sum weight % is 0.09090909090909091

############################################################################################

############################################################################################

comm_round: 4 | global_acc: 59.131% | global_f1: 0.7431713373536716 | global_precision: 0.5913068021450748 | global bin 0.5913068056106567

Simulate Models Sent to Clients

Total time for client_1 : local training was 10.599686700006714
Total time for client_2 : local training was 10.531480699995882
Total time for client_3 : local training was 10.905013800002052
Total time for client_4 : local training was 10.747075400009635
Total time for client_5 : local training was 10.305682699996396
Total time for client_6 : local training was 10.793349200001103
Total time for client_7 : local training was 10.799811900011264
Total time for client_8 : local training was 10.518562700002803
Total time for client_9 : local training was 10.924473000006401
Total time for client_10 : local training was 10.645305799989728
Total time for client_11 : local training was 34.95066289999522

Total Client Grads Scaled : 11 unscaled 11

aggregate_gradients Total Client Grads: 11

TS-SS Similarity is
 [[-2.         -0.99745508 -0.99762586 -0.99783505 -0.99769628 -0.99783207
  -0.99651113 -0.9969966  -0.99598967 -0.99568859  1.        ]
 [-0.99745508 -2.         -0.99741099 -0.99755349 -0.99815622 -0.99795701
  -0.99814429 -0.99806848 -0.99716257 -0.99784319  0.81252456]
 [-0.99762586 -0.99741099 -2.         -0.99751145 -0.99775432 -0.99787338
  -0.99723871 -0.99745622 -0.9962496  -0.99653634  0.8743093 ]
 [-0.99783505 -0.99755349 -0.99751145 -2.         -0.9980973  -0.99802628
  -0.99683466 -0.99774522 -0.9960934  -0.99616351  0.91805047]
 [-0.99769628 -0.99815622 -0.99775432 -0.9980973  -2.         -0.99810159
  -0.99745001 -0.99779971 -0.9975949  -0.99705014  0.94483237]
 [-0.99783207 -0.99795701 -0.99787338 -0.99802628 -0.99810159 -2.
  -0.99723587 -0.99755583 -0.99569724 -0.99688536  0.89958831]
 [-0.99651113 -0.99814429 -0.99723871 -0.99683466 -0.99745001 -0.99723587
  -2.         -0.99820301 -0.99719438 -0.99760173  0.9323854 ]
 [-0.9969966  -0.99806848 -0.99745622 -0.99774522 -0.99779971 -0.99755583
  -0.99820301 -2.         -0.99815553 -0.9976209   0.84534478]
 [-0.99598967 -0.99716257 -0.9962496  -0.9960934  -0.9975949  -0.99569724
  -0.99719438 -0.99815553 -2.         -0.99784844  0.92794985]
 [-0.99568859 -0.99784319 -0.99653634 -0.99616351 -0.99705014 -0.99688536
  -0.99760173 -0.9976209  -0.99784844 -2.          0.82543655]
 [ 1.          0.81252456  0.8743093   0.91805047  0.94483237  0.89958831
   0.9323854   0.84534478  0.92794985  0.82543655 -2.        ]]

Maxsm is
 [1.         0.81252456 0.8743093  0.91805047 0.94483237 0.89958831
 0.9323854  0.84534478 0.92794985 0.82543655 1.        ]


TS-SS wv is [0. 1. 1. 1. 1. 1. 1. 1. 1. 1. 0.]

TS-SS wv sum weight % is
 0.8181818181818182

CS Similarity is
 [[ 4.44089210e-16  9.99135720e-01  9.99120228e-01  9.99309014e-01
   9.99174257e-01  9.99169579e-01  9.98907346e-01  9.99130160e-01
   9.98996683e-01  9.98912529e-01  9.98193008e-01]
 [ 9.99135720e-01  8.88178420e-16  9.99099524e-01  9.99318253e-01
   9.99404079e-01  9.99296441e-01  9.99306616e-01  9.99355208e-01
   9.99203482e-01  9.99384259e-01  9.98742465e-01]
 [ 9.99120228e-01  9.99099524e-01  6.66133815e-16  9.99237551e-01
   9.99216211e-01  9.99206187e-01  9.99089022e-01  9.99234661e-01
   9.99034720e-01  9.99097695e-01  9.98586972e-01]
 [ 9.99309014e-01  9.99318253e-01  9.99237551e-01  6.66133815e-16
   9.99332186e-01  9.99359435e-01  9.99164526e-01  9.99489721e-01
   9.99202947e-01  9.99209166e-01  9.98546006e-01]
 [ 9.99174257e-01  9.99404079e-01  9.99216211e-01  9.99332186e-01
   4.44089210e-16  9.99295639e-01  9.99232394e-01  9.99411274e-01
   9.99465653e-01  9.99317271e-01  9.98408821e-01]
 [ 9.99169579e-01  9.99296441e-01  9.99206187e-01  9.99359435e-01
   9.99295639e-01  1.11022302e-15  9.99119734e-01  9.99293540e-01
   9.98934415e-01  9.99221110e-01  9.98524599e-01]
 [ 9.98907346e-01  9.99306616e-01  9.99089022e-01  9.99164526e-01
   9.99232394e-01  9.99119734e-01  6.66133815e-16  9.99364531e-01
   9.99174035e-01  9.99279860e-01  9.98344334e-01]
 [ 9.99130160e-01  9.99355208e-01  9.99234661e-01  9.99489721e-01
   9.99411274e-01  9.99293540e-01  9.99364531e-01  6.66133815e-16
   9.99381948e-01  9.99212173e-01  9.98582818e-01]
 [ 9.98996683e-01  9.99203482e-01  9.99034720e-01  9.99202947e-01
   9.99465653e-01  9.98934415e-01  9.99174035e-01  9.99381948e-01
   4.44089210e-16  9.99198746e-01  9.98250227e-01]
 [ 9.98912529e-01  9.99384259e-01  9.99097695e-01  9.99209166e-01
   9.99317271e-01  9.99221110e-01  9.99279860e-01  9.99212173e-01
   9.99198746e-01  8.88178420e-16  9.98593126e-01]
 [ 9.98193008e-01  9.98742465e-01  9.98586972e-01  9.98546006e-01
   9.98408821e-01  9.98524599e-01  9.98344334e-01  9.98582818e-01
   9.98250227e-01  9.98593126e-01 -3.33066907e-16]]

Maxcs is 
 [0.99930901 0.99940408 0.99923755 0.99948972 0.99946565 0.99935944
 0.99936453 0.99948972 0.99946565 0.99938426 0.99874247]

FG wv is [0.32715315 0.         0.41982814 0.         0.         0.06184379
 0.02813982 0.         0.         0.         1.        ]

FG wv sum weight % is 0.16699680973622993

############################################################################################

############################################################################################

comm_round: 5 | global_acc: 59.131% | global_f1: 0.7431713373536716 | global_precision: 0.5913068021450748 | global bin 0.5913068056106567

Simulate Models Sent to Clients

Total time for client_1 : local training was 10.70435539999744
Total time for client_2 : local training was 10.666885400001775
Total time for client_3 : local training was 10.347201600001426
Total time for client_4 : local training was 10.698140599997714
Total time for client_5 : local training was 10.746659700002056
Total time for client_6 : local training was 10.473301900012302
Total time for client_7 : local training was 10.36274389999744
Total time for client_8 : local training was 10.8231483999989
Total time for client_9 : local training was 10.529303700008313
Total time for client_10 : local training was 10.892005599991535
Total time for client_11 : local training was 35.35540929999843

Total Client Grads Scaled : 11 unscaled 11

aggregate_gradients Total Client Grads: 11

TS-SS Similarity is
 [[-2.         -0.99620789 -0.99684568 -0.99613164 -0.99776439 -0.99742242
  -0.99737261 -0.99691247 -0.99485198 -0.99666764  0.83253177]
 [-0.99620789 -2.         -0.99646361 -0.99587394 -0.99689431 -0.99655582
  -0.99701864 -0.99540606 -0.99586802 -0.99755024  0.88546466]
 [-0.99684568 -0.99646361 -2.         -0.99459608 -0.99743127 -0.99663022
  -0.99616852 -0.99643378 -0.99224746 -0.99640931  0.78239635]
 [-0.99613164 -0.99587394 -0.99459608 -2.         -0.9956489  -0.99515822
  -0.99616262 -0.99569473 -0.9966601  -0.99600783  0.98174074]
 [-0.99776439 -0.99689431 -0.99743127 -0.9956489  -2.         -0.9970631
  -0.99766033 -0.99778874 -0.99453255 -0.99723782  0.8934075 ]
 [-0.99742242 -0.99655582 -0.99663022 -0.99515822 -0.9970631  -2.
  -0.99703415 -0.99657813 -0.99385053 -0.99652321  0.97600053]
 [-0.99737261 -0.99701864 -0.99616852 -0.99616262 -0.99766033 -0.99703415
  -2.         -0.99748675 -0.99615843 -0.99613318  0.91241213]
 [-0.99691247 -0.99540606 -0.99643378 -0.99569473 -0.99778874 -0.99657813
  -0.99748675 -2.         -0.99616241 -0.99593736  0.93726651]
 [-0.99485198 -0.99586802 -0.99224746 -0.9966601  -0.99453255 -0.99385053
  -0.99615843 -0.99616241 -2.         -0.99505273  1.        ]
 [-0.99666764 -0.99755024 -0.99640931 -0.99600783 -0.99723782 -0.99652321
  -0.99613318 -0.99593736 -0.99505273 -2.          0.90605513]
 [ 0.83253177  0.88546466  0.78239635  0.98174074  0.8934075   0.97600053
   0.91241213  0.93726651  1.          0.90605513 -2.        ]]

Maxsm is
 [0.83253177 0.88546466 0.78239635 0.98174074 0.8934075  0.97600053
 0.91241213 0.93726651 1.         0.90605513 1.        ]


TS-SS wv is [1. 1. 1. 1. 1. 1. 1. 1. 0. 1. 0.]

TS-SS wv sum weight % is
 0.8181818181818182

CS Similarity is
 [[ 2.22044605e-16  9.99243753e-01  9.99347527e-01  9.99402422e-01
   9.99420305e-01  9.99336639e-01  9.99399456e-01  9.99257945e-01
   9.99158198e-01  9.99294952e-01  9.99056036e-01]
 [ 9.99243753e-01  2.22044605e-16  9.99438598e-01  9.99168269e-01
   9.99362247e-01  9.99313459e-01  9.99311867e-01  9.99136477e-01
   9.99141419e-01  9.99385772e-01  9.99012378e-01]
 [ 9.99347527e-01  9.99438598e-01  2.22044605e-16  9.99316660e-01
   9.99474556e-01  9.99302472e-01  9.99306724e-01  9.99234022e-01
   9.98935340e-01  9.99391524e-01  9.99108729e-01]
 [ 9.99402422e-01  9.99168269e-01  9.99316660e-01  2.22044605e-16
   9.99305030e-01  9.99241321e-01  9.99310424e-01  9.99367964e-01
   9.99168155e-01  9.99235803e-01  9.98861139e-01]
 [ 9.99420305e-01  9.99362247e-01  9.99474556e-01  9.99305030e-01
   2.22044605e-16  9.99270193e-01  9.99448740e-01  9.99456454e-01
   9.99088937e-01  9.99396322e-01  9.98907894e-01]
 [ 9.99336639e-01  9.99313459e-01  9.99302472e-01  9.99241321e-01
   9.99270193e-01 -1.11022302e-16  9.99332863e-01  9.99185749e-01
   9.98997699e-01  9.99270385e-01  9.98674459e-01]
 [ 9.99399456e-01  9.99311867e-01  9.99306724e-01  9.99310424e-01
   9.99448740e-01  9.99332863e-01 -5.55111512e-16  9.99455852e-01
   9.99284418e-01  9.99095121e-01  9.98900903e-01]
 [ 9.99257945e-01  9.99136477e-01  9.99234022e-01  9.99367964e-01
   9.99456454e-01  9.99185749e-01  9.99455852e-01 -2.22044605e-16
   9.99421008e-01  9.99193356e-01  9.98762305e-01]
 [ 9.99158198e-01  9.99141419e-01  9.98935340e-01  9.99168155e-01
   9.99088937e-01  9.98997699e-01  9.99284418e-01  9.99421008e-01
  -1.11022302e-16  9.99034773e-01  9.98799834e-01]
 [ 9.99294952e-01  9.99385772e-01  9.99391524e-01  9.99235803e-01
   9.99396322e-01  9.99270385e-01  9.99095121e-01  9.99193356e-01
   9.99034773e-01  0.00000000e+00  9.98940336e-01]
 [ 9.99056036e-01  9.99012378e-01  9.99108729e-01  9.98861139e-01
   9.98907894e-01  9.98674459e-01  9.98900903e-01  9.98762305e-01
   9.98799834e-01  9.98940336e-01  2.22044605e-16]]

Maxcs is 
 [0.9994203  0.9994386  0.99947456 0.99940242 0.99947456 0.99933664
 0.99945585 0.99945645 0.99942101 0.99939632 0.99910873]

FG wv is [0.40391012 0.40321224 0.17122577 0.46095346 0.17122577 0.88481134
 0.2341094  0.23215702 0.45769387 0.59178802 1.        ]

FG wv sum weight % is 0.45555336446884875

############################################################################################

############################################################################################

comm_round: 6 | global_acc: 59.131% | global_f1: 0.7431713373536716 | global_precision: 0.5913068021450748 | global bin 0.5913068056106567

Simulate Models Sent to Clients

Total time for client_1 : local training was 10.81353329999547
Total time for client_2 : local training was 10.356587800008128
Total time for client_3 : local training was 10.68480579998868
Total time for client_4 : local training was 10.74370999999519
Total time for client_5 : local training was 10.50570300000254
Total time for client_6 : local training was 10.933463499997742
Total time for client_7 : local training was 10.543510000003153
Total time for client_8 : local training was 10.394393800001126
Total time for client_9 : local training was 10.889704100001836
Total time for client_10 : local training was 10.803108199994313
Total time for client_11 : local training was 35.4072589000134

Total Client Grads Scaled : 11 unscaled 11

aggregate_gradients Total Client Grads: 11

TS-SS Similarity is
 [[-2.         -0.9943108  -0.99510031 -0.99488127 -0.99482181 -0.99507443
  -0.99444952 -0.99414719 -0.99423535 -0.99551679  1.        ]
 [-0.9943108  -2.         -0.99763497 -0.99472184 -0.99619763 -0.99723736
  -0.99756829 -0.99845104 -0.99732418 -0.99697143  0.79043254]
 [-0.99510031 -0.99763497 -2.         -0.9943153  -0.9957262  -0.996384
  -0.99710045 -0.99780817 -0.99748711 -0.99698215  0.80198408]
 [-0.99488127 -0.99472184 -0.9943153  -2.         -0.99630038 -0.99541879
  -0.99522384 -0.99527462 -0.99500787 -0.99622594  0.93420663]
 [-0.99482181 -0.99619763 -0.9957262  -0.99630038 -2.         -0.99713559
  -0.99616089 -0.99618036 -0.99650796 -0.99694627  0.9821367 ]
 [-0.99507443 -0.99723736 -0.996384   -0.99541879 -0.99713559 -2.
  -0.99768804 -0.99753545 -0.99699257 -0.99738703  0.85047542]
 [-0.99444952 -0.99756829 -0.99710045 -0.99522384 -0.99616089 -0.99768804
  -2.         -0.99700798 -0.99736796 -0.99671808  0.86982372]
 [-0.99414719 -0.99845104 -0.99780817 -0.99527462 -0.99618036 -0.99753545
